   162.20    50.02   192.89     0.01     0.00    -0.00   0.021    0
   162.20    50.02   192.89     0.01     0.00    -0.00   0.020    1
   162.20    51.00   192.89     0.01     0.00     0.00   0.021    2
   164.15    51.00   194.93     0.01     0.00     0.00   0.020    3
   162.20    50.02   193.91     0.01     0.00     0.00   0.021    4
   162.20    50.02   192.89     0.01    -0.00     0.00   0.020    5
   162.20    50.02   192.89     0.01     0.00     0.00   0.021    6
   162.20    50.02   193.91     0.01    -0.00     0.00   0.020    7
   164.15    51.00   193.91     0.01    -0.00    -0.00   0.021    8
   163.18    51.00   193.91     0.01    -0.00    -0.00   0.020    9
   163.18    50.02   193.91     0.01    -0.00     0.00   0.021   10
   163.18    50.02   193.91     0.01     0.00    -0.00   0.020   11
   163.18    50.02   194.93     0.01    -0.00     0.00   0.021   12
   164.15    51.00   193.91     0.01     0.00     0.00   0.020   13
   163.18    51.00   192.89     0.01     0.00    -0.00   0.021   14
   163.18    51.00   194.93     0.01     0.00     0.00   0.020   15
   163.18    51.00   193.91     0.01     0.00     0.00   0.020   16
   161.22    51.00   193.91     0.01    -0.00     0.00   0.021   17
   163.18    50.02   193.91     0.01    -0.00     0.00   0.020   18
   161.22    50.02   192.89     0.01     0.00    -0.00   0.021   19
   164.15    51.00   194.93     0.00     0.00     0.00   0.020   20
   163.18    50.02   194.93     0.01     0.00     0.00   0.021   21
   162.20    50.02   192.89     0.00     0.00     0.00   0.020   22
   162.20    50.02   193.91     0.00     0.00     0.00   0.021   23
   163.18    50.02   193.91     0.00     0.00     0.00   0.020   24
   163.18    50.02   193.91     0.01     0.00     0.00   0.021   25
   163.18    51.00   194.93     0.00    -0.00     0.00   0.020   26
   164.15    50.02   193.91     0.00     0.00     0.00   0.021   27
   163.18    50.02   192.89     0.01     0.00     0.00   0.020   28
   162.20    50.02   193.91     0.01     0.00     0.00   0.021   29
   162.20    50.02   194.93     0.01    -0.00     0.00   0.020   30
   163.18    50.02   194.93     0.01    -0.00     0.00   0.021   31
   163.18    51.00   193.91     0.00     0.00     0.00   0.020   32
   162.20    50.02   193.91     0.01     0.00     0.00   0.021   33
   163.18    51.00   195.94     0.01     0.00     0.00   0.020   34
   163.18    50.02   194.93     0.01     0.00     0.00   0.021   35
   165.13    50.02   195.94     0.01     0.00     0.00   0.020   36
   164.15    50.02   192.89     0.01    -0.00     0.00   0.021   37
   163.18    50.02   193.91     0.01    -0.00     0.00   0.020   38
   163.18    51.00   194.93     0.01     0.00     0.00   0.021   39
   162.20    49.04   192.89     0.01    -0.00     0.00   0.020   40
   163.18    51.00   195.94     0.01    -0.00    -0.00   0.020   41
   163.18    50.02   192.89     0.00    -0.00     0.00   0.021   42
   163.18    49.04   194.93     0.01    -0.00     0.00   0.020   43
   163.18    50.02   193.91     0.00     0.00     0.00   0.021   44
   162.20    49.04   193.91     0.00     0.00     0.00   0.020   45
   162.20    50.02   192.89     0.00     0.00     0.00   0.021   46
   162.20    50.02   192.89     0.00     0.00     0.00   0.020   47
   162.20    50.02   193.91     0.00     0.00     0.00   0.021   48
   162.20    50.02   191.87     0.01     0.00     0.00   0.020   49
   164.15    51.00   193.91     0.01    -0.00     0.00   0.021   50
   162.20    50.02   192.89     0.01     0.00     0.00   0.020   51
   163.18    51.00   192.89     0.00    -0.00     0.00   0.021   52
   163.18    51.00   193.91     0.01     0.00     0.00   0.020   53
   163.18    51.00   193.91     0.01    -0.00     0.00   0.021   54
   162.20    50.02   193.91     0.00    -0.00     0.00   0.020   55
   162.20    50.02   192.89     0.01    -0.00     0.00   0.021   56
   161.22    51.00   194.93     0.01    -0.00     0.00   0.020   57
   163.18    51.98   195.94     0.01     0.00     0.00   0.021   58
   162.20    50.02   194.93     0.01    -0.00     0.00   0.020   59
   164.15    50.02   193.91     0.01     0.00     0.00   0.021   60
   163.18    51.00   195.94     0.00     0.00     0.00   0.020   61
   163.18    50.02   192.89     0.01    -0.00    -0.00   0.021   62
   163.18    51.00   194.93     0.01    -0.00     0.00   0.020   63
   163.18    50.02   194.93     0.01    -0.00     0.00   0.021   64
   162.20    50.02   194.93     0.00    -0.00     0.00   0.020   65
   164.15    50.02   194.93     0.00     0.00     0.00   0.020   66
   162.20    49.04   193.91     0.00     0.00     0.00   0.021   67
   163.18    51.00   194.93     0.00    -0.00     0.00   0.020   68
   162.20    50.02   194.93     0.00     0.00     0.00   0.021   69
   165.13    50.02   194.93     0.00     0.00     0.00   0.020   70
   163.18    51.00   195.94     0.01    -0.00     0.00   0.021   71
   161.22    50.02   193.91     0.00    -0.00     0.00   0.020   72
   163.18    51.00   193.91     0.00    -0.00     0.00   0.021   73
   163.18    50.02   192.89     0.01     0.00     0.00   0.020   74
   163.18    51.00   193.91     0.01     0.00     0.00   0.021   75
   164.15    50.02   194.93     0.01    -0.00     0.00   0.020   76
   163.18    50.02   193.91     0.01     0.00     0.00   0.021   77
   163.18    50.02   192.89     0.01     0.00    -0.00   0.020   78
   162.20    50.02   193.91     0.01     0.00    -0.00   0.021   79
   163.18    51.00   193.91     0.01     0.00    -0.00   0.020   80
   164.15    51.00   193.91     0.01     0.00     0.00   0.021   81
   163.18    51.00   192.89     0.01    -0.00     0.00   0.020   82
   163.18    51.00   193.91     0.01    -0.00    -0.00   0.021   83
   163.18    51.98   192.89     0.01    -0.00     0.00   0.020   84
   164.15    50.02   193.91     0.01     0.00     0.00   0.021   85
   162.20    51.00   194.93     0.01     0.00     0.00   0.020   86
   162.20    51.00   192.89     0.01    -0.00     0.00   0.021   87
   164.15    51.00   194.93     0.01    -0.00     0.00   0.020   88
   163.18    50.02   194.93     0.01     0.00     0.00   0.021   89
   163.18    51.00   193.91     0.00     0.00     0.00   0.020   90
   161.22    51.00   193.91     0.01     0.00     0.00   0.020   91
   162.20    50.02   192.89     0.01     0.00     0.00   0.021   92
   164.15    49.04   194.93     0.00     0.00     0.00   0.020   93
   163.18    50.02   193.91     0.00     0.00     0.00   0.021   94
   163.18    50.02   193.91     0.01     0.00     0.00   0.020   95
   164.15    50.02   194.93     0.00     0.00     0.00   0.021   96
   162.20    50.02   192.89     0.01    -0.00     0.00   0.020   97
   162.20    51.00   192.89     0.01    -0.00     0.00   0.021   98
   162.20    51.00   193.91     0.01     0.00     0.00   0.020   99
   163.18    49.04   194.93     0.01     0.00     0.00   0.021  100
   162.20    51.00   192.89     0.01    -0.00     0.00   0.020  101
   163.18    51.00   193.91     0.01     0.00     0.00   0.021  102
   163.18    50.02   192.89     0.01     0.00     0.00   0.020  103
   162.20    50.02   193.91     0.01    -0.00     0.00   0.021  104
   164.15    51.00   193.91     0.01     0.00     0.00   0.020  105
   163.18    51.00   194.93     0.01     0.00     0.00   0.021  106
   162.20    50.02   193.91     0.01     0.00     0.00   0.020  107
   162.20    51.00   194.93     0.01     0.00     0.00   0.021  108
   161.22    50.02   193.91     0.01    -0.00     0.00   0.020  109
   162.20    50.02   192.89     0.01    -0.00     0.00   0.021  110
   163.18    50.02   193.91     0.01     0.00     0.00   0.020  111
   163.18    50.02   195.94     0.01     0.00     0.00   0.021  112
   163.18    51.98   194.93     0.01    -0.00    -0.00   0.020  113
   162.20    50.02   193.91     0.01    -0.00     0.00   0.021  114
   163.18    50.02   192.89     0.00    -0.00     0.00   0.020  115
   163.18    51.00   194.93     0.01    -0.00    -0.00   0.020  116
   163.18    50.02   193.91     0.01     0.00     0.00   0.021  117
   163.18    51.00   194.93     0.01    -0.00     0.00   0.020  118
   163.18    50.02   193.91     0.01    -0.00     0.00   0.021  119
   163.18    49.04   193.91     0.00     0.00     0.00   0.020  120
   162.20    51.00   193.91     0.00    -0.00     0.00   0.021  121
   163.18    50.02   194.93     0.00     0.00     0.00   0.020  122
   163.18    50.02   193.91     0.01    -0.00     0.00   0.021  123
   163.18    51.00   196.96     0.01     0.00     0.00   0.020  124
   163.18    50.02   192.89     0.01     0.00     0.00   0.021  125
   163.18    50.02   193.91     0.01    -0.00     0.00   0.020  126
   163.18    51.00   193.91     0.00     0.00     0.00   0.021  127
   163.18    50.02   194.93     0.00    -0.00     0.00   0.020  128
   163.18    51.00   193.91     0.00    -0.00     0.00   0.021  129
   163.18    50.02   194.93     0.01     0.00     0.00   0.020  130
   163.18    51.00   193.91     0.00     0.00     0.00   0.021  131
   162.20    50.02   194.93     0.01    -0.00     0.00   0.020  132
   163.18    50.02   194.93     0.01     0.00     0.00   0.021  133
   163.18    50.02   194.93     0.01     0.00    -0.00   0.020  134
   162.20    51.00   195.94     0.01    -0.00     0.00   0.021  135
   163.18    50.02   194.93     0.01    -0.00    -0.00   0.020  136
   163.18    50.02   192.89     0.01     0.00     0.00   0.021  137
   163.18    51.98   193.91     0.00     0.00     0.00   0.020  138
   161.22    51.00   194.93     0.00     0.00     0.00   0.021  139
   164.15    51.00   193.91     0.00     0.00     0.00   0.020  140
   164.15    50.02   193.91     0.00     0.00     0.00   0.020  141
   163.18    50.02   193.91     0.00     0.00     0.00   0.021  142
   163.18    51.00   193.91     0.00    -0.00     0.00   0.020  143
   163.18    49.04   193.91     0.00     0.00     0.00   0.021  144
   162.20    49.04   192.89     0.00     0.00     0.00   0.020  145
   162.20    51.00   194.93     0.00     0.00     0.00   0.021  146
   162.20    50.02   194.93     0.00    -0.00     0.00   0.020  147
   163.18    50.02   194.93     0.01    -0.00     0.00   0.021  148
   161.22    51.00   194.93     0.01    -0.00     0.00   0.020  149
   165.13    49.04   193.91     0.01     0.00     0.00   0.021  150
   163.18    51.00   193.91     0.01    -0.00     0.00   0.020  151
   163.18    50.02   193.91     0.01     0.00     0.00   0.021  152
   165.13    51.00   194.93     0.01    -0.00     0.00   0.020  153
   163.18    51.00   193.91     0.01     0.00    -0.00   0.021  154
   162.20    50.02   194.93     0.01    -0.00     0.00   0.020  155
   164.15    51.00   193.91     0.01    -0.00     0.00   0.021  156
   163.18    50.02   193.91     0.01     0.00     0.00   0.020  157
   163.18    50.02   195.94     0.01     0.00     0.00   0.021  158
   162.20    50.02   194.93     0.01    -0.00     0.00   0.020  159
   163.18    50.02   193.91     0.01     0.00     0.00   0.021  160
   163.18    50.02   195.94     0.01     0.00     0.00   0.020  161
   162.20    50.02   192.89     0.01     0.00     0.00   0.021  162
   163.18    51.98   194.93     0.01     0.00     0.00   0.020  163
   163.18    50.02   192.89     0.01     0.00     0.00   0.021  164
   163.18    51.00   193.91     0.01     0.00     0.00   0.020  165
   162.20    51.00   193.91     0.00     0.00     0.00   0.020  166
   162.20    51.00   194.93     0.00     0.00     0.00   0.021  167
   162.20    51.00   194.93     0.01     0.00     0.00   0.020  168
   163.18    50.02   194.93     0.01     0.00    -0.00   0.021  169
   164.15    50.02   194.93     0.01    -0.00     0.00   0.020  170
   164.15    50.02   192.89     0.01    -0.00     0.00   0.021  171
   163.18    50.02   193.91     0.01    -0.00     0.00   0.020  172
   163.18    51.00   194.93     0.01     0.00     0.00   0.021  173
   163.18    50.02   193.91     0.01     0.00     0.00   0.020  174
   162.20    50.02   192.89     0.01    -0.00     0.00   0.021  175
   163.18    51.00   194.93     0.01    -0.00     0.00   0.020  176
   163.18    51.00   194.93     0.00     0.00     0.00   0.021  177
   164.15    51.00   194.93     0.00     0.00     0.00   0.020  178
   164.15    50.02   194.93     0.01     0.00     0.00   0.021  179
   162.20    50.02   193.91     0.01     0.00    -0.00   0.020  180
   163.18    50.02   194.93     0.01     0.00    -0.00   0.021  181
   163.18    51.00   194.93     0.01    -0.00    -0.00   0.020  182
   163.18    51.00   192.89     0.01    -0.00    -0.00   0.021  183
   164.15    50.02   193.91     0.01     0.00     0.00   0.020  184
   164.15    50.02   193.91     0.00     0.00     0.00   0.021  185
   163.18    50.02   194.93     0.00     0.00     0.00   0.020  186
   163.18    51.00   194.93     0.00     0.00     0.00   0.021  187
   162.20    50.02   193.91     0.00     0.00     0.00   0.020  188
   161.22    50.02   193.91     0.00     0.00     0.00   0.021  189
   163.18    51.00   194.93     0.00     0.00     0.00   0.020  190
   162.20    49.04   193.91     0.00    -0.00     0.00   0.020  191
   163.18    50.02   193.91     0.00     0.00     0.00   0.021  192
   162.20    49.04   191.87     0.00     0.00     0.00   0.020  193
   163.18    50.02   193.91     0.01     0.00     0.00   0.021  194
   164.15    51.00   194.93     0.01    -0.00     0.00   0.020  195
   162.20    50.02   194.93     0.01    -0.00     0.00   0.021  196
   163.18    50.02   195.94     0.01    -0.00    -0.00   0.020  197
   162.20    50.02   194.93     0.01    -0.00     0.00   0.021  198
   162.20    50.02   192.89     0.00     0.00     0.00   0.020  199
   162.20    51.98   194.93     0.01    -0.00     0.00   0.021  200
   163.18    50.02   193.91     0.01     0.00    -0.00   0.020  201
   162.20    51.00   194.93     0.01     0.00     0.00   0.021  202
   163.18    50.02   194.93     0.00    -0.00     0.00   0.020  203
   162.20    50.02   194.93     0.01     0.00     0.00   0.021  204
   163.18    51.00   192.89     0.00     0.00     0.00   0.020  205
   162.20    49.04   194.93     0.00     0.00     0.00   0.021  206
   164.15    51.00   194.93     0.00     0.00     0.00   0.020  207
   164.15    50.02   193.91     0.00     0.00     0.00   0.021  208
   163.18    49.04   194.93     0.00    -0.00     0.00   0.020  209
   163.18    49.04   194.93     0.01    -0.00     0.00   0.021  210
   162.20    50.02   195.94     0.00    -0.00     0.00   0.020  211
   162.20    51.00   195.94     0.01     0.00     0.00   0.021  212
   163.18    50.02   193.91     0.01    -0.00     0.00   0.020  213
   164.15    50.02   193.91     0.01    -0.00     0.00   0.021  214
   164.15    50.02   192.89     0.01     0.00     0.00   0.020  215
   161.22    49.04   193.91     0.00     0.00     0.00   0.020  216
   162.20    50.02   194.93     0.01     0.00     0.00   0.021  217
   162.20    51.00   192.89     0.01     0.00     0.00   0.020  218
   164.15    51.00   195.94     0.01    -0.00     0.00   0.021  219
   162.20    51.00   195.94     0.01    -0.00    -0.00   0.020  220
   163.18    49.04   193.91     0.01     0.00     0.00   0.021  221
   163.18    51.00   193.91     0.01     0.00     0.00   0.020  222
   162.20    50.02   192.89     0.01     0.00     0.00   0.021  223
   162.20    50.02   194.93     0.01    -0.00     0.00   0.020  224
   163.18    51.00   193.91     0.00    -0.00     0.00   0.021  225
   162.20    50.02   193.91     0.00    -0.00     0.00   0.020  226
   164.15    51.00   194.93     0.01    -0.00     0.00   0.021  227
   162.20    50.02   193.91     0.01    -0.00     0.00   0.020  228
   162.20    50.02   193.91     0.01    -0.00     0.00   0.021  229
   162.20    50.02   193.91     0.01     0.00     0.00   0.020  230
   163.18    50.02   194.93     0.00     0.00     0.00   0.021  231
   163.18    51.00   193.91     0.00     0.00     0.00   0.020  232
   161.22    50.02   194.93     0.00     0.00     0.00   0.021  233
   164.15    49.04   193.91     0.01     0.00     0.00   0.020  234
   163.18    50.02   192.89     0.00     0.00     0.00   0.021  235
   163.18    49.04   193.91     0.00     0.00     0.00   0.020  236
   162.20    50.02   193.91     0.01     0.00     0.00   0.021  237
   163.18    49.04   192.89     0.00    -0.00     0.00   0.020  238
   162.20    49.04   194.93     0.01     0.00     0.00   0.021  239
   164.15    50.02   193.91     0.00    -0.00     0.00   0.020  240
   163.18    49.04   193.91     0.00    -0.00     0.00   0.020  241
   162.20    51.00   194.93     0.01    -0.00    -0.00   0.021  242
   163.18    50.02   194.93     0.01    -0.00     0.00   0.020  243
   164.15    50.02   195.94     0.01    -0.00     0.00   0.021  244
   163.18    50.02   194.93     0.01     0.00     0.00   0.020  245
   163.18    50.02   194.93     0.01    -0.00     0.00   0.021  246
   164.15    50.02   194.93     0.01     0.00    -0.00   0.020  247
   164.15    48.06   193.91     0.00     0.00     0.00   0.021  248
   163.18    50.02   194.93     0.00    -0.00     0.00   0.020  249
   163.18    51.00   193.91     0.01    -0.00     0.00   0.021  250
   163.18    50.02   193.91     0.00    -0.00     0.00   0.020  251
   163.18    51.00   194.93     0.00     0.00     0.00   0.021  252
   162.20    50.02   193.91     0.01    -0.00     0.00   0.020  253
   163.18    51.00   195.94     0.00    -0.00     0.00   0.021  254
   163.18    49.04   193.91     0.01     0.00     0.00   0.020  255
   162.20    50.02   196.96     0.00     0.00     0.00   0.021    0
   162.20    50.02   195.94     0.01    -0.00     0.00   0.020    1
   162.20    49.04   194.93     0.01     0.00     0.00   0.021    2
   162.20    50.02   193.91     0.01     0.00     0.00   0.020    3
   162.20    49.04   191.87     0.01    -0.00     0.00   0.021    4
   161.22    50.02   193.91     0.01    -0.00     0.00   0.020    5
   164.15    50.02   194.93     0.01    -0.00     0.00   0.021    6
   163.18    50.02   193.91     0.01    -0.00     0.00   0.020    7
   162.20    49.04   194.93     0.01     0.00     0.00   0.021    8
   162.20    49.04   194.93     0.01    -0.00     0.00   0.020    9
   163.18    49.04   193.91     0.01     0.00     0.00   0.020   10
   163.18    51.00   194.93     0.00     0.00     0.00   0.021   11
   162.20    49.04   194.93     0.01    -0.00     0.00   0.020   12
   163.18    49.04   194.93     0.00     0.00     0.00   0.021   13
   161.22    50.02   192.89     0.01     0.00     0.00   0.020   14
   163.18    49.04   194.93     0.00     0.00     0.00   0.021   15
   163.18    51.00   193.91     0.00     0.00     0.00   0.020   16
   161.22    50.02   193.91     0.01    -0.00     0.00   0.021   17
   162.20    50.02   194.93     0.01    -0.00     0.00   0.020   18
   163.18    49.04   193.91     0.01    -0.00     0.00   0.021   19
   162.20    50.02   193.91     0.01     0.00     0.00   0.020   20
   162.20    50.02   193.91     0.01     0.00     0.00   0.021   21
   163.18    49.04   192.89     0.01     0.00     0.00   0.020   22
   163.18    50.02   194.93     0.01    -0.00     0.00   0.021   23
   163.18    49.04   193.91     0.01     0.00     0.00   0.020   24
   161.22    49.04   194.93     0.00     0.00     0.00   0.021   25
   162.20    49.04   193.91     0.00    -0.00     0.00   0.020   26
   162.20    49.04   194.93     0.01    -0.00     0.00   0.021   27
   163.18    51.00   193.91     0.01     0.00     0.00   0.020   28
   162.20    49.04   193.91     0.01     0.00     0.00   0.021   29
   163.18    51.00   194.93     0.01    -0.00     0.00   0.020   30
   164.15    50.02   193.91     0.01    -0.00     0.00   0.021   31
   162.20    50.02   193.91     0.01     0.00     0.00   0.020   32
   163.18    51.00   195.94     0.01     0.00     0.00   0.021   33
   162.20    50.02   192.89     0.01     0.00     0.00   0.020   34
   165.13    51.00   195.94     0.01     0.00     0.00   0.020   35
   165.13    49.04   195.94     0.01    -0.00     0.00   0.021   36
   162.20    50.02   195.94     0.00    -0.00     0.00   0.020   37
   164.15    50.02   195.94     0.01     0.00     0.00   0.021   38
   162.20    50.02   194.93     0.01    -0.00     0.00   0.020   39
   164.15    51.00   194.93     0.01    -0.00     0.00   0.021   40
   163.18    50.02   192.89     0.01    -0.00    -0.00   0.020   41
   163.18    49.04   195.94     0.00     0.00     0.00   0.021   42
   162.20    50.02   193.91     0.01     0.00     0.00   0.020   43
   162.20    49.04   194.93     0.01    -0.00     0.00   0.021   44
   163.18    50.02   193.91     0.01    -0.00     0.00   0.020   45
   163.18    50.02   192.89     0.01    -0.00     0.00   0.021   46
   164.15    51.00   193.91     0.01     0.00     0.00   0.020   47
   161.22    51.00   193.91     0.01    -0.00     0.00   0.021   48
   163.18    48.06   193.91     0.01     0.00     0.00   0.020   49
   163.18    50.02   195.94     0.01     0.00     0.00   0.021   50
   161.22    49.04   194.93     0.00    -0.00     0.00   0.020   51
   161.22    51.00   194.93     0.00     0.00     0.00   0.021   52
   163.18    49.04   193.91     0.01     0.00     0.00   0.020   53
   163.18    50.02   195.94     0.01    -0.00     0.00   0.021   54
   163.18    49.04   193.91     0.01    -0.00     0.00   0.020   55
   162.20    49.04   194.93     0.00     0.00     0.00   0.021   56
   163.18    50.02   194.93     0.01     0.00     0.00   0.020   57
   163.18    50.02   193.91     0.00     0.00     0.00   0.021   58
   163.18    50.02   194.93     0.00     0.00     0.00   0.020   59
   165.13    51.00   194.93     0.00     0.00     0.00   0.020   60
   163.18    50.02   193.91     0.01     0.00     0.00   0.021   61
   162.20    51.00   194.93     0.01     0.00     0.00   0.020   62
   162.20    49.04   192.89     0.01    -0.00     0.00   0.021   63
   163.18    49.04   193.91     0.01     0.00     0.00   0.020   64
   164.15    49.04   194.93     0.01    -0.00    -0.00   0.021   65
   162.20    50.02   193.91     0.01    -0.00     0.00   0.020   66
   163.18    50.02   194.93     0.00     0.00     0.00   0.021   67
   164.15    50.02   193.91     0.00     0.00     0.00   0.020   68
   163.18    50.02   193.91     0.00     0.00     0.00   0.021   69
   164.15    50.02   193.91     0.01     0.00     0.00   0.020   70
   162.20    49.04   193.91     0.00     0.00     0.00   0.021   71
   163.18    50.02   193.91     0.00     0.00     0.00   0.020   72
   162.20    51.00   193.91     0.00    -0.00     0.00   0.021   73
   162.20    50.02   194.93     0.00     0.00     0.00   0.020   74
   163.18    50.02   195.94     0.01    -0.00     0.00   0.021   75
   161.22    50.02   194.93     0.00     0.00     0.00   0.020   76
   164.15    50.02   194.93     0.01    -0.00     0.00   0.021   77
   162.20    50.02   193.91     0.01    -0.00    -0.00   0.020   78
   164.15    48.06   193.91     0.01    -0.00     0.00   0.021   79
   163.18    51.00   194.93     0.01    -0.00     0.00   0.020   80
   162.20    50.02   193.91     0.01    -0.00     0.00   0.021   81
   163.18    50.02   193.91     0.01     0.00     0.00   0.020   82
   162.20    51.00   192.89     0.01     0.00     0.00   0.021   83
   164.15    49.04   194.93     0.01    -0.00     0.00   0.020   84
   162.20    50.02   195.94     0.00     0.00     0.00   0.020   85
   162.20    49.04   193.91     0.00     0.00     0.00   0.021   86
   162.20    50.02   193.91     0.00    -0.00     0.00   0.020   87
   161.22    49.04   194.93     0.01    -0.00     0.00   0.021   88
   162.20    50.02   193.91     0.01    -0.00     0.00   0.020   89
   163.18    49.04   194.93     0.01    -0.00     0.00   0.021   90
   162.20    49.04   193.91     0.01    -0.00     0.00   0.020   91
   163.18    49.04   195.94     0.01     0.00     0.00   0.021   92
   162.20    49.04   193.91     0.01     0.00     0.00   0.020   93
   163.18    49.04   193.91     0.00    -0.00     0.00   0.021   94
   163.18    49.04   192.89     0.00     0.00     0.00   0.020   95
   162.20    50.02   193.91     0.01    -0.00     0.00   0.021   96
   162.20    51.00   194.93     0.01    -0.00     0.00   0.020   97
   161.22    50.02   194.93     0.01    -0.00     0.00   0.021   98
   163.18    49.04   194.93     0.01    -0.00    -0.00   0.020   99
   164.15    50.02   193.91     0.01    -0.00     0.00   0.021  100
   162.20    49.04   195.94     0.00     0.00     0.00   0.020  101
   163.18    48.06   193.91     0.01     0.00     0.00   0.021  102
   162.20    50.02   195.94     0.01     0.00     0.00   0.020  103
   164.15    50.02   193.91     0.01     0.00     0.00   0.021  104
   161.22    50.02   194.93     0.01     0.00    -0.00   0.020  105
   164.15    49.04   194.93     0.01     0.00     0.00   0.021  106
   163.18    49.04   192.89     0.00    -0.00     0.00   0.020  107
   163.18    49.04   193.91     0.01     0.00     0.00   0.021  108
   164.15    50.02   195.94     0.00     0.00     0.00   0.020  109
   162.20    50.02   193.91     0.01    -0.00     0.00   0.020  110
   162.20    49.04   194.93     0.01    -0.00     0.00   0.021  111
   162.20    49.04   193.91     0.01     0.00     0.00   0.020  112
   161.22    50.02   193.91     0.00     0.00     0.00   0.021  113
   163.18    51.00   193.91     0.01     0.00     0.00   0.020  114
   163.18    49.04   193.91     0.00     0.00     0.00   0.021  115
   163.18    50.02   194.93     0.00     0.00     0.00   0.020  116
   162.20    49.04   194.93     0.00     0.00     0.00   0.021  117
   162.20    49.04   194.93     0.00    -0.00     0.00   0.020  118
   163.18    49.04   195.94     0.01    -0.00     0.00   0.021  119
   162.20    50.02   193.91     0.01    -0.00     0.00   0.020  120
   164.15    50.02   195.94     0.00    -0.00     0.00   0.021  121
   163.18    50.02   194.93     0.00    -0.00     0.00   0.020  122
   162.20    49.04   194.93     0.01    -0.00     0.00   0.021  123
   163.18    50.02   193.91     0.01    -0.00     0.00   0.020  124
   163.18    49.04   193.91     0.01    -0.00     0.00   0.021  125
   163.18    51.00   195.94     0.01     0.00     0.00   0.020  126
   163.18    50.02   196.96     0.00    -0.00     0.00   0.021  127
   162.20    49.04   194.93     0.01     0.00     0.00   0.020  128
   163.18    49.04   193.91     0.01    -0.00     0.00   0.021  129
   161.22    50.02   193.91     0.01    -0.00     0.00   0.020  130
   162.20    50.02   194.93     0.01     0.00     0.00   0.021  131
   162.20    51.98   194.93     0.01    -0.00     0.00   0.020  132
   163.18    49.04   193.91     0.01    -0.00     0.00   0.021  133
   163.18    49.04   194.93     0.01     0.00     0.00   0.020  134
   162.20    49.04   193.91     0.01    -0.00     0.00   0.020  135
   163.18    49.04   194.93     0.00     0.00     0.00   0.021  136
   163.18    50.02   194.93     0.01    -0.00     0.00   0.020  137
   163.18    49.04   193.91     0.00    -0.00     0.00   0.021  138
   164.15    50.02   193.91     0.00     0.00     0.00   0.020  139
   162.20    49.04   194.93     0.01     0.00     0.00   0.021  140
   162.20    49.04   194.93     0.01    -0.00     0.00   0.020  141
   162.20    50.02   195.94     0.01    -0.00     0.00   0.021  142
   162.20    49.04   195.94     0.00     0.00     0.00   0.020  143
   163.18    50.02   194.93     0.01     0.00     0.00   0.021  144
   161.22    50.02   194.93     0.01     0.00     0.00   0.020  145
   162.20    50.02   193.91     0.01     0.00     0.00   0.021  146
   162.20    49.04   194.93     0.00    -0.00     0.00   0.020  147
   163.18    49.04   193.91     0.01    -0.00     0.00   0.021  148
   163.18    51.00   195.94     0.00    -0.00     0.00   0.020  149
   163.18    49.04   192.89     0.01    -0.00     0.00   0.021  150
   163.18    50.02   194.93     0.01     0.00     0.00   0.020  151
   163.18    50.02   195.94     0.01    -0.00     0.00   0.021  152
   163.18    49.04   194.93     0.01    -0.00     0.00   0.020  153
   161.22    51.00   193.91     0.00    -0.00     0.00   0.021  154
   162.20    50.02   193.91     0.01     0.00     0.00   0.020  155
   163.18    50.02   195.94     0.01    -0.00     0.00   0.021  156
   162.20    49.04   194.93     0.01     0.00     0.00   0.020  157
   162.20    50.02   194.93     0.01    -0.00     0.00   0.021  158
   162.20    50.02   194.93     0.01    -0.00    -0.00   0.020  159
   162.20    50.02   194.93     0.00     0.00     0.00   0.020  160
   163.18    50.02   194.93     0.00     0.00     0.00   0.021  161
   163.18    49.04   193.91     0.00     0.00     0.00   0.020  162
   162.20    50.02   195.94     0.00     0.00     0.00   0.021  163
   161.22    51.00   194.93     0.00    -0.00     0.00   0.020  164
   162.20    49.04   194.93     0.01    -0.00     0.00   0.021  165
   162.20    50.02   195.94     0.00     0.00     0.00   0.020  166
   161.22    51.00   194.93     0.00    -0.00     0.00   0.021  167
   163.18    51.00   195.94     0.00     0.00     0.00   0.020  168
   163.18    50.02   193.91     0.00    -0.00     0.00   0.021  169
   163.18    50.02   194.93     0.00     0.00     0.00   0.020  170
   162.20    50.02   193.91     0.01    -0.00     0.00   0.021  171
   162.20    50.02   193.91     0.01    -0.00     0.00   0.020  172
   164.15    50.02   194.93     0.01    -0.00     0.00   0.021  173
   161.22    50.02   194.93     0.01     0.00     0.00   0.020  174
   162.20    51.00   195.94     0.01     0.00     0.00   0.021  175
   162.20    49.04   194.93     0.01     0.00     0.00   0.020  176
   162.20    50.02   194.93     0.01    -0.00     0.00   0.021  177
   162.20    50.02   193.91     0.01    -0.00     0.00   0.020  178
   162.20    49.04   194.93     0.00    -0.00     0.00   0.021  179
   163.18    49.04   194.93     0.01     0.00     0.00   0.020  180
   162.20    50.02   193.91     0.01     0.00     0.00   0.021  181
   164.15    49.04   196.96     0.01     0.00     0.00   0.020  182
   162.20    49.04   192.89     0.01    -0.00     0.00   0.021  183
   163.18    49.04   194.93     0.00    -0.00     0.00   0.020  184
   163.18    50.02   195.94     0.01    -0.00     0.00   0.020  185
   161.22    50.02   194.93     0.00     0.00     0.00   0.021  186
   163.18    50.02   193.91     0.01    -0.00     0.00   0.020  187
   163.18    49.04   193.91     0.01     0.00     0.00   0.021  188
   163.18    50.02   195.94     0.01     0.00     0.00   0.020  189
   162.20    50.02   192.89     0.01     0.00     0.00   0.021  190
   161.22    50.02   194.93     0.01     0.00    -0.00   0.020  191
   164.15    50.02   195.94     0.01    -0.00     0.00   0.021  192
   162.20    49.04   194.93     0.01     0.00     0.00   0.020  193
   162.20    49.04   193.91     0.01    -0.00     0.00   0.021  194
   161.22    50.02   194.93     0.01     0.00     0.00   0.020  195
   164.15    49.04   194.93     0.00     0.00     0.00   0.021  196
   163.18    50.02   193.91     0.01    -0.00     0.00   0.020  197
   161.22    48.06   194.93     0.00     0.00     0.00   0.021  198
   162.20    48.06   194.93     0.01     0.00    -0.00   0.020  199
   162.20    49.04   193.91     0.01    -0.00     0.00   0.021  200
   162.20    49.04   193.91     0.01     0.00     0.00   0.020  201
   162.20    49.04   193.91     0.01    -0.00     0.00   0.021  202
   162.20    50.02   194.93     0.01     0.00     0.00   0.020  203
   163.18    49.04   194.93     0.01     0.00     0.00   0.021  204
   163.18    48.06   193.91     0.00     0.00    -0.00   0.020  205
   162.20    50.02   195.94     0.00     0.00     0.00   0.021  206
   162.20    49.04   193.91     0.00     0.00     0.00   0.020  207
   162.20    50.02   193.91     0.00     0.00     0.00   0.021  208
   163.18    50.02   193.91     0.01     0.00     0.00   0.020  209
   162.20    50.02   193.91     0.01     0.00    -0.00   0.020  210
   162.20    50.02   195.94     0.01     0.00     0.00   0.021  211
   162.20    48.06   193.91     0.00    -0.00     0.00   0.020  212
   163.18    49.04   194.93     0.01    -0.00     0.00   0.021  213
   161.22    49.04   193.91     0.01     0.00     0.00   0.020  214
   161.22    50.02   194.93     0.01    -0.00     0.00   0.021  215
   162.20    50.02   195.94     0.01    -0.00     0.00   0.020  216
   161.22    49.04   193.91     0.01    -0.00     0.00   0.021  217
   162.20    50.02   195.94     0.01    -0.00     0.00   0.020  218
   163.18    48.06   193.91     0.01     0.00     0.00   0.021  219
   163.18    50.02   193.91     0.01     0.00     0.00   0.020  220
   162.20    50.02   194.93     0.01    -0.00     0.00   0.021  221
   162.20    49.04   193.91     0.01     0.00     0.00   0.020  222
   163.18    50.02   193.91     0.01     0.00     0.00   0.021  223
   162.20    49.04   194.93     0.01    -0.00     0.00   0.020  224
   162.20    49.04   194.93     0.01    -0.00     0.00   0.021  225
   163.18    49.04   194.93     0.01    -0.00    -0.00   0.020  226
   163.18    50.02   192.89     0.01    -0.00     0.00   0.021  227
   163.18    50.02   194.93     0.01     0.00     0.00   0.020  228
   162.20    49.04   193.91     0.01     0.00     0.00   0.021  229
   161.22    49.04   193.91     0.01    -0.00     0.00   0.020  230
   161.22    50.02   194.93     0.01    -0.00     0.00   0.021  231
   162.20    49.04   193.91     0.00     0.00     0.00   0.020  232
   163.18    50.02   195.94     0.01    -0.00     0.00   0.021  233
   162.20    50.02   193.91     0.01    -0.00     0.00   0.020  234
   162.20    49.04   194.93     0.01    -0.00     0.00   0.020  235
   162.20    49.04   194.93     0.01     0.00     0.00   0.021  236
   161.22    49.04   193.91     0.01     0.00     0.00   0.020  237
   163.18    50.02   194.93     0.01     0.00     0.00   0.021  238
   162.20    49.04   193.91     0.01    -0.00     0.00   0.020  239
   164.15    49.04   194.93     0.01    -0.00     0.00   0.021  240
   163.18    50.02   193.91     0.00    -0.00     0.00   0.020  241
   161.22    49.04   193.91     0.01    -0.00     0.00   0.021  242
   163.18    50.02   193.91     0.00     0.00     0.00   0.020  243
   162.20    49.04   193.91     0.01    -0.00     0.00   0.021  244
   164.15    51.00   195.94     0.01    -0.00     0.00   0.020  245
   163.18    49.04   194.93     0.00    -0.00     0.00   0.021  246
   161.22    49.04   193.91     0.01     0.00     0.00   0.020  247
   163.18    50.02   193.91     0.01    -0.00     0.00   0.021  248
   162.20    49.04   193.91     0.01     0.00     0.00   0.020  249
   161.22    50.02   195.94     0.01     0.00     0.00   0.021  250
   162.20    50.02   193.91     0.01     0.00     0.00   0.020  251
   163.18    49.04   193.91     0.01     0.00     0.00   0.021  252
   163.18    50.02   193.91     0.01     0.00     0.00   0.020  253
   162.20    49.04   194.93     0.01    -0.00     0.00   0.021  254
   162.20    49.04   193.91     0.01     0.00     0.00   0.020  255
   162.20    49.04   194.93     0.00     0.00     0.00   0.021    0
   163.18    48.06   195.94     0.01    -0.00     0.00   0.020    1
   162.20    50.02   194.93     0.01     0.00     0.00   0.021    2
   162.20    50.02   193.91     0.00     0.00     0.00   0.020    3
   164.15    50.02   193.91     0.01     0.00     0.00   0.020    4
   162.20    49.04   192.89     0.01    -0.00     0.00   0.021    5
   162.20    49.04   194.93     0.01    -0.00     0.00   0.020    6
   161.22    49.04   194.93     0.01    -0.00     0.00   0.021    7
   162.20    50.02   193.91     0.01    -0.00     0.00   0.020    8
   164.15    50.02   195.94     0.00    -0.00     0.00   0.021    9
   162.20    49.04   194.93     0.01    -0.00    -0.00   0.020   10
   162.20    49.04   193.91     0.00    -0.00     0.00   0.021   11
   162.20    50.02   195.94     0.00     0.00     0.00   0.020   12
   162.20    49.04   194.93     0.01    -0.00     0.00   0.021   13
   163.18    50.02   194.93     0.01    -0.00     0.00   0.020   14
   163.18    50.02   193.91     0.01    -0.00     0.00   0.021   15
   163.18    49.04   193.91     0.01     0.00     0.00   0.020   16
   162.20    49.04   194.93     0.01     0.00     0.00   0.021   17
   161.22    49.04   195.94     0.01    -0.00     0.00   0.020   18
   162.20    49.04   194.93     0.01    -0.00     0.00   0.021   19
   162.20    49.04   194.93     0.00    -0.00     0.00   0.020   20
   163.18    49.04   193.91     0.00    -0.00    -0.00   0.021   21
   162.20    50.02   194.93     0.00    -0.00     0.00   0.020   22
   163.18    49.04   193.91     0.01    -0.00     0.00   0.021   23
   164.15    50.02   194.93     0.01    -0.00     0.00   0.020   24
   161.22    50.02   194.93     0.01    -0.00     0.00   0.021   25
   162.20    49.04   194.93     0.01    -0.00     0.00   0.020   26
   161.22    49.04   193.91     0.01     0.00     0.00   0.021   27
   163.18    49.04   195.94     0.01    -0.00     0.00   0.020   28
   163.18    49.04   194.93     0.01    -0.00     0.00   0.020   29
   163.18    49.04   195.94     0.00    -0.00     0.00   0.021   30
   164.15    50.02   193.91     0.00     0.00     0.00   0.020   31
   162.20    49.04   194.93     0.01    -0.00     0.00   0.021   32
   164.15    49.04   195.94     0.01    -0.00     0.00   0.020   33
   163.18    49.04   194.93     0.00    -0.00     0.00   0.021   34
   162.20    49.04   195.94     0.00    -0.00     0.00   0.020   35
   162.20    49.04   195.94     0.01     0.00     0.00   0.021   36
   161.22    49.04   195.94     0.01    -0.00     0.00   0.020   37
   162.20    49.04   195.94     0.01    -0.00     0.00   0.021   38
   162.20    50.02   194.93     0.01    -0.00     0.00   0.020   39
   163.18    50.02   195.94     0.01    -0.00     0.00   0.021   40
   162.20    50.02   195.94     0.01     0.00     0.00   0.020   41
   162.20    49.04   195.94     0.00     0.00     0.00   0.021   42
   162.20    50.02   194.93     0.00     0.00     0.00   0.020   43
   161.22    50.02   195.94     0.01     0.00     0.00   0.021   44
   162.20    50.02   196.96     0.00     0.00     0.00   0.020   45
   161.22    50.02   193.91     0.00     0.00     0.00   0.021   46
   162.20    50.02   194.93     0.00     0.00     0.00   0.020   47
   162.20    49.04   193.91     0.00     0.00     0.00   0.021   48
   162.20    49.04   194.93     0.00     0.00     0.00   0.020   49
   162.20    50.02   194.93     0.01     0.00     0.00   0.021   50
   161.22    50.02   195.94     0.00    -0.00     0.00   0.020   51
   164.15    49.04   195.94     0.01    -0.00     0.00   0.021   52
   160.24    50.02   193.91     0.01    -0.00    -0.00   0.020   53
   163.18    49.04   195.94     0.01    -0.00     0.00   0.020   54
   162.20    50.02   193.91     0.01    -0.00     0.00   0.021   55
   162.20    49.04   195.94     0.01    -0.00     0.00   0.020   56
   163.18    50.02   194.93     0.00     0.00     0.00   0.021   57
   162.20    48.06   195.94     0.01     0.00     0.00   0.020   58
   163.18    50.02   196.96     0.01     0.00     0.00   0.021   59
   162.20    48.06   194.93     0.01    -0.00     0.00   0.020   60
   162.20    49.04   194.93     0.01    -0.00    -0.00   0.021   61
   162.20    49.04   195.94     0.01     0.00     0.00   0.020   62
   161.22    49.04   193.91     0.01    -0.00     0.00   0.021   63
   162.20    50.02   195.94     0.00     0.00     0.00   0.020   64
   162.20    49.04   194.93     0.00     0.00     0.00   0.021   65
   164.15    50.02   195.94     0.01     0.00     0.00   0.020   66
   162.20    49.04   194.93     0.01     0.00     0.00   0.021   67
   162.20    49.04   196.96     0.01    -0.00     0.00   0.020   68
   162.20    50.02   196.96     0.01    -0.00     0.00   0.021   69
   162.20    49.04   195.94     0.01    -0.00     0.00   0.020   70
   162.20    49.04   195.94     0.01     0.00     0.00   0.021   71
   162.20    49.04   193.91     0.00     0.00     0.00   0.020   72
   163.18    50.02   195.94     0.00    -0.00     0.00   0.021   73
   162.20    49.04   193.91     0.01    -0.00     0.00   0.020   74
   162.20    49.04   195.94     0.01    -0.00     0.00   0.021   75
   162.20    50.02   195.94     0.00    -0.00     0.00   0.020   76
   162.20    50.02   194.93     0.01     0.00     0.00   0.021   77
   162.20    49.04   194.93     0.01     0.00     0.00   0.020   78
   162.20    49.04   195.94     0.00    -0.00     0.00   0.020   79
   163.18    49.04   195.94     0.00     0.00     0.00   0.021   80
   163.18    48.06   193.91     0.01     0.00     0.00   0.020   81
   162.20    48.06   194.93     0.00    -0.00     0.00   0.021   82
   161.22    49.04   193.91     0.01    -0.00     0.00   0.020   83
   162.20    48.06   194.93     0.01     0.00     0.00   0.021   84
   163.18    50.02   194.93     0.01    -0.00     0.00   0.020   85
   162.20    50.02   194.93     0.01    -0.00     0.00   0.021   86
   162.20    51.00   195.94     0.01    -0.00     0.00   0.020   87
   163.18    49.04   193.91     0.01    -0.00     0.00   0.021   88
   162.20    48.06   195.94     0.01     0.00     0.00   0.020   89
   163.18    49.04   195.94     0.00     0.00     0.00   0.021   90
   161.22    49.04   193.91     0.01     0.00     0.00   0.020   91
   162.20    50.02   194.93     0.00    -0.00     0.00   0.021   92
   162.20    49.04   194.93     0.00    -0.00     0.00   0.020   93
   162.20    49.04   196.96     0.01    -0.00     0.00   0.021   94
   163.18    49.04   194.93     0.01     0.00     0.00   0.020   95
   161.22    49.04   193.91     0.01    -0.00     0.00   0.021   96
   162.20    50.02   195.94     0.01    -0.00     0.00   0.020   97
   162.20    49.04   194.93     0.01     0.00     0.00   0.021   98
   162.20    49.04   195.94     0.01    -0.00     0.00   0.020   99
   162.20    49.04   194.93     0.01    -0.00    -0.00   0.021  100
   163.18    50.02   195.94     0.01    -0.00    -0.00   0.020  101
   162.20    50.02   194.93     0.01     0.00     0.00   0.021  102
   161.22    49.04   194.93     0.01    -0.00     0.00   0.020  103
   162.20    50.02   195.94     0.01     0.00     0.00   0.020  104
   161.22    50.02   194.93     0.01     0.00     0.00   0.021  105
   161.22    49.04   194.93     0.01     0.00     0.00   0.020  106
   161.22    49.04   193.91     0.01    -0.00     0.00   0.021  107
   163.18    49.04   195.94     0.01     0.00     0.00   0.020  108
   163.18    50.02   194.93     0.01     0.00     0.00   0.021  109
   163.18    47.08   193.91     0.01     0.00     0.00   0.020  110
   164.15    49.04   195.94     0.01     0.00     0.00   0.021  111
   161.22    48.06   193.91     0.00    -0.00     0.00   0.020  112
   161.22    49.04   194.93     0.01     0.00     0.00   0.021  113
   160.24    48.06   193.91     0.00     0.00     0.00   0.020  114
   161.22    49.04   195.94     0.01    -0.00     0.00   0.021  115
   162.20    49.04   194.93     0.01    -0.00     0.00   0.020  116
   161.22    48.06   192.89     0.01    -0.00     0.00   0.021  117
   162.20    49.04   193.91     0.01    -0.00     0.00   0.020  118
   162.20    49.04   193.91     0.00     0.00     0.00   0.021  119
   162.20    49.04   194.93     0.01    -0.00     0.00   0.020  120
   162.20    49.04   194.93     0.01    -0.00     0.00   0.021  121
   161.22    49.04   194.93     0.00    -0.00     0.00   0.020  122
   162.20    50.02   195.94     0.01     0.00     0.00   0.021  123
   161.22    48.06   193.91     0.01    -0.00     0.00   0.020  124
   162.20    49.04   194.93     0.01    -0.00     0.00   0.021  125
   161.22    50.02   194.93     0.00     0.00     0.00   0.020  126
   162.20    51.00   195.94     0.01     0.00     0.00   0.021  127
   163.18    50.02   195.94     0.01    -0.00     0.00   0.020  128
   161.22    48.06   194.93     0.01    -0.00     0.00   0.020  129
   162.20    49.04   193.91     0.01    -0.00     0.00   0.021  130
   163.18    50.02   195.94     0.01    -0.00     0.00   0.020  131
   162.20    50.02   195.94     0.01     0.00     0.00   0.021  132
   162.20    49.04   196.96     0.01     0.00     0.00   0.020  133
   162.20    50.02   194.93     0.01     0.00     0.00   0.021  134
   161.22    48.06   194.93     0.01     0.00     0.00   0.020  135
   163.18    50.02   195.94     0.01     0.00     0.00   0.021  136
   163.18    49.04   195.94     0.01     0.00     0.00   0.020  137
   162.20    50.02   196.96     0.00     0.00     0.00   0.021  138
   161.22    49.04   193.91     0.01    -0.00     0.00   0.020  139
   163.18    49.04   194.93     0.00     0.00     0.00   0.021  140
   162.20    50.02   195.94     0.00     0.00     0.00   0.020  141
   162.20    49.04   194.93     0.01     0.00     0.00   0.021  142
   163.18    50.02   195.94     0.01     0.00     0.00   0.020  143
   162.20    49.04   194.93     0.01    -0.00     0.00   0.021  144
   162.20    48.06   196.96     0.01     0.00     0.00   0.020  145
   163.18    48.06   195.94     0.01     0.00     0.00   0.021  146
   162.20    48.06   193.91     0.01     0.00     0.00   0.020  147
   163.18    49.04   194.93     0.01     0.00     0.00   0.021  148
   161.22    49.04   195.94     0.01     0.00     0.00   0.020  149
   163.18    50.02   194.93     0.01    -0.00     0.00   0.021  150
   162.20    50.02   194.93     0.00     0.00     0.00   0.020  151
   161.22    49.04   194.93     0.01     0.00     0.00   0.021  152
   162.20    49.04   196.96     0.01     0.00     0.00   0.020  153
   161.22    49.04   193.91     0.01     0.00    -0.00   0.020  154
   161.22    49.04   194.93     0.01     0.00     0.00   0.021  155
   163.18    49.04   195.94     0.00     0.00     0.00   0.020  156
   162.20    48.06   195.94     0.01     0.00     0.00   0.021  157
   162.20    48.06   193.91     0.01    -0.00    -0.00   0.020  158
   160.24    49.04   193.91     0.00    -0.00     0.00   0.021  159
   163.18    49.04   194.93     0.00     0.00     0.00   0.020  160
   161.22    50.02   195.94     0.00     0.00     0.00   0.021  161
   161.22    49.04   193.91     0.00    -0.00     0.00   0.020  162
   162.20    49.04   194.93     0.00    -0.00     0.00   0.021  163
   162.20    49.04   194.93     0.00    -0.00     0.00   0.020  164
   162.20    49.04   196.96     0.00    -0.00     0.00   0.021  165
   161.22    49.04   194.93     0.00     0.00     0.00   0.020  166
   161.22    49.04   195.94     0.01    -0.00     0.00   0.021  167
   162.20    50.02   194.93     0.00     0.00     0.00   0.020  168
   162.20    48.06   195.94     0.00    -0.00     0.00   0.021  169
   163.18    48.06   195.94     0.00    -0.00     0.00   0.020  170
   163.18    48.06   195.94     0.01    -0.00     0.00   0.021  171
   162.20    49.04   194.93     0.01     0.00     0.00   0.020  172
   163.18    49.04   194.93     0.00     0.00     0.00   0.021  173
   162.20    48.06   193.91     0.01     0.00     0.00   0.020  174
   163.18    50.02   195.94     0.01    -0.00     0.00   0.021  175
   161.22    48.06   193.91     0.01    -0.00     0.00   0.020  176
   162.20    49.04   193.91     0.01    -0.00     0.00   0.021  177
   162.20    50.02   195.94     0.01    -0.00     0.00   0.020  178
   162.20    49.04   195.94     0.01    -0.00     0.00   0.020  179
   162.20    50.02   196.96     0.01     0.00     0.00   0.021  180
   163.18    49.04   193.91     0.01     0.00     0.00   0.020  181
   162.20    49.04   195.94     0.00     0.00     0.00   0.021  182
   162.20    49.04   194.93     0.00     0.00     0.00   0.020  183
   162.20    48.06   195.94     0.01     0.00     0.00   0.021  184
   162.20    49.04   194.93     0.01     0.00     0.00   0.020  185
   161.22    49.04   194.93     0.01     0.00     0.00   0.021  186
   162.20    50.02   194.93     0.00     0.00     0.00   0.020  187
   161.22    49.04   193.91     0.00     0.00     0.00   0.021  188
   162.20    49.04   195.94     0.00    -0.00     0.00   0.020  189
   162.20    49.04   194.93     0.01     0.00     0.00   0.021  190
   162.20    49.04   194.93     0.01    -0.00     0.00   0.020  191
   161.22    49.04   195.94     0.01     0.00     0.00   0.021  192
   162.20    49.04   193.91     0.01    -0.00     0.00   0.020  193
   164.15    49.04   195.94     0.01     0.00     0.00   0.021  194
   161.22    48.06   195.94     0.01     0.00     0.00   0.020  195
   162.20    49.04   195.94     0.01     0.00     0.00   0.021  196
   162.20    49.04   195.94     0.01    -0.00     0.00   0.020  197
   162.20    48.06   193.91     0.00    -0.00     0.00   0.021  198
   161.22    49.04   193.91     0.00     0.00     0.00   0.020  199
   161.22    48.06   193.91     0.01     0.00     0.00   0.021  200
   163.18    50.02   195.94     0.01     0.00     0.00   0.020  201
   162.20    48.06   195.94     0.01    -0.00     0.00   0.021  202
   162.20    49.04   193.91     0.01    -0.00     0.00   0.020  203
   162.20    50.02   194.93     0.01     0.00     0.00   0.020  204
   162.20    48.06   193.91     0.00     0.00     0.00   0.021  205
   162.20    50.02   193.91     0.01     0.00     0.00   0.020  206
   162.20    49.04   193.91     0.01     0.00     0.00   0.021  207
   161.22    50.02   195.94     0.01     0.00     0.00   0.020  208
   162.20    49.04   194.93     0.01     0.00     0.00   0.021  209
   160.24    49.04   194.93     0.01    -0.00     0.00   0.020  210
   162.20    49.04   193.91     0.01    -0.00     0.00   0.021  211
   162.20    48.06   193.91     0.01     0.00     0.00   0.020  212
   162.20    49.04   194.93     0.01    -0.00     0.00   0.021  213
   162.20    49.04   194.93     0.01     0.00     0.00   0.020  214
   161.22    49.04   194.93     0.01    -0.00     0.00   0.021  215
   162.20    49.04   195.94     0.01     0.00     0.00   0.020  216
   161.22    49.04   193.91     0.01     0.00     0.00   0.021  217
   162.20    49.04   194.93     0.01    -0.00     0.00   0.020  218
   162.20    50.02   194.93     0.01     0.00     0.00   0.021  219
   161.22    50.02   193.91     0.01     0.00     0.00   0.020  220
   162.20    49.04   194.93     0.00     0.00     0.00   0.021  221
   161.22    48.06   192.89     0.01     0.00     0.00   0.020  222
   161.22    49.04   193.91     0.01     0.00     0.00   0.021  223
   161.22    49.04   195.94     0.01     0.00     0.00   0.020  224
   162.20    49.04   194.93     0.01    -0.00     0.00   0.021  225
   162.20    51.00   195.94     0.01    -0.00     0.00   0.020  226
   162.20    50.02   193.91     0.01    -0.00     0.00   0.021  227
   162.20    49.04   194.93     0.00     0.00     0.00   0.020  228
   162.20    50.02   194.93     0.01     0.00     0.00   0.020  229
   161.22    49.04   195.94     0.00     0.00     0.00   0.021  230
   163.18    50.02   194.93     0.01     0.00     0.00   0.020  231
   162.20    49.04   194.93     0.01     0.00     0.00   0.021  232
   163.18    50.02   195.94     0.01     0.00     0.00   0.020  233
   161.22    49.04   193.91     0.01     0.00     0.00   0.021  234
   160.24    49.04   193.91     0.01    -0.00     0.00   0.020  235
   162.20    49.04   194.93     0.01    -0.00     0.00   0.021  236
   160.24    49.04   194.93     0.01    -0.00     0.00   0.020  237
   163.18    49.04   195.94     0.01    -0.00     0.00   0.021  238
   162.20    49.04   195.94     0.01    -0.00     0.00   0.020  239
   162.20    49.04   195.94     0.01     0.00     0.00   0.021  240
   162.20    49.04   195.94     0.00    -0.00     0.00   0.020  241
   162.20    49.04   195.94     0.00     0.00     0.00   0.021  242
   163.18    50.02   195.94     0.00    -0.00     0.00   0.020  243
   162.20    49.04   194.93     0.00    -0.00     0.00   0.021  244
   163.18    49.04   195.94     0.01    -0.00     0.00   0.020  245
   163.18    49.04   194.93     0.00    -0.00    -0.00   0.021  246
   162.20    48.06   194.93     0.01     0.00     0.00   0.020  247
   162.20    48.06   193.91     0.01    -0.00     0.00   0.021  248
   162.20    49.04   194.93     0.01    -0.00     0.00   0.020  249
   162.20    50.02   195.94     0.01    -0.00     0.00   0.021  250
   162.20    49.04   196.96     0.00     0.00     0.00   0.020  251
   163.18    50.02   195.94     0.01     0.00     0.00   0.021  252
   162.20    49.04   195.94     0.00    -0.00     0.00   0.020  253
   161.22    50.02   194.93     0.01    -0.00     0.00   0.020  254
   162.20    49.04   194.93     0.01    -0.00     0.00   0.021  255
   161.22    49.04   193.91     0.00     0.00     0.00   0.020    0
   164.15    49.04   195.94     0.01    -0.00     0.00   0.021    1
   161.22    49.04   193.91     0.01     0.00     0.00   0.020    2
   163.18    49.04   196.96     0.01     0.00     0.00   0.021    3
   161.22    49.04   195.94     0.00     0.00     0.00   0.020    4
   162.20    48.06   195.94     0.01    -0.00     0.00   0.021    5
   161.22    49.04   194.93     0.01    -0.00     0.00   0.020    6
   162.20    48.06   194.93     0.01     0.00     0.00   0.021    7
   161.22    48.06   194.93     0.01     0.00     0.00   0.020    8
   161.22    50.02   194.93     0.01     0.00     0.00   0.021    9
   162.20    49.04   194.93     0.01    -0.00     0.00   0.020   10
   161.22    49.04   195.94     0.01    -0.00     0.00   0.021   11
   161.22    49.04   195.94     0.00     0.00     0.00   0.020   12
   162.20    49.04   194.93     0.00     0.00     0.00   0.021   13
   162.20    49.04   193.91     0.01    -0.00     0.00   0.020   14
   162.20    49.04   194.93     0.01    -0.00     0.00   0.021   15
   161.22    49.04   195.94     0.01    -0.00     0.00   0.020   16
   163.18    49.04   196.96     0.01    -0.00     0.00   0.021   17
   162.20    49.04   195.94     0.00    -0.00     0.00   0.020   18
   162.20    49.04   196.96     0.00     0.00     0.00   0.021   19
   162.20    49.04   194.93     0.00     0.00     0.00   0.020   20
   162.20    49.04   193.91     0.00     0.00     0.00   0.021   21
   162.20    49.04   194.93     0.00     0.00     0.00   0.020   22
   162.20    48.06   194.93     0.01    -0.00     0.00   0.020   23
   164.15    49.04   193.91     0.00    -0.00     0.00   0.021   24
   163.18    49.04   195.94     0.01     0.00     0.00   0.020   25
   161.22    49.04   195.94     0.01    -0.00     0.00   0.021   26
   162.20    49.04   195.94     0.01    -0.00     0.00   0.020   27
   161.22    49.04   194.93     0.01    -0.00     0.00   0.021   28
   162.20    49.04   193.91     0.01    -0.00    -0.00   0.020   29
   162.20    49.04   193.91     0.01    -0.00     0.00   0.021   30
   163.18    49.04   195.94     0.01    -0.00     0.00   0.020   31
   162.20    49.04   195.94     0.01     0.00     0.00   0.021   32
   161.22    50.02   194.93     0.01    -0.00     0.00   0.020   33
   161.22    49.04   194.93     0.01     0.00     0.00   0.021   34
   161.22    49.04   194.93     0.01     0.00     0.00   0.020   35
   162.20    48.06   195.94     0.01    -0.00     0.00   0.021   36
   162.20    49.04   194.93     0.01    -0.00     0.00   0.020   37
   163.18    49.04   194.93     0.01    -0.00     0.00   0.021   38
   162.20    49.04   194.93     0.01    -0.00     0.00   0.020   39
   161.22    49.04   194.93     0.01    -0.00     0.00   0.021   40
   161.22    49.04   194.93     0.00    -0.00     0.00   0.020   41
   162.20    49.04   195.94     0.01    -0.00     0.00   0.021   42
   162.20    49.04   194.93     0.01    -0.00     0.00   0.020   43
   163.18    49.04   194.93     0.01     0.00     0.00   0.021   44
   161.22    49.04   195.94     0.00    -0.00     0.00   0.020   45
   160.24    49.04   194.93     0.01    -0.00     0.00   0.021   46
   162.20    50.02   195.94     0.01    -0.00     0.00   0.020   47
   161.22    50.02   195.94     0.01    -0.00     0.00   0.020   48
   162.20    49.04   194.93     0.01     0.00     0.00   0.021   49
   161.22    49.04   194.93     0.01    -0.00     0.00   0.020   50
   162.20    49.04   195.94     0.01     0.00     0.00   0.021   51
   162.20    50.02   194.93     0.01    -0.00     0.00   0.020   52
   161.22    48.06   194.93     0.00    -0.00     0.00   0.021   53
   162.20    50.02   196.96     0.01    -0.00     0.00   0.020   54
   161.22    49.04   194.93     0.00    -0.00     0.00   0.021   55
   160.24    48.06   194.93     0.01     0.00     0.00   0.020   56
   162.20    49.04   194.93     0.01     0.00     0.00   0.021   57
   162.20    48.06   193.91     0.00    -0.00     0.00   0.020   58
   162.20    50.02   195.94     0.00    -0.00     0.00   0.021   59
   163.18    49.04   193.91     0.00    -0.00     0.00   0.020   60
   163.18    49.04   194.93     0.01    -0.00     0.00   0.021   61
   162.20    49.04   193.91     0.01    -0.00     0.00   0.020   62
   161.22    49.04   194.93     0.01    -0.00    -0.00   0.021   63
   162.20    50.02   194.93     0.01     0.00     0.00   0.020   64
   161.22    49.04   194.93     0.01     0.00     0.00   0.021   65
   163.18    49.04   194.93     0.01    -0.00     0.00   0.020   66
   161.22    50.02   193.91     0.00     0.00     0.00   0.021   67
   162.20    50.02   195.94     0.00     0.00     0.00   0.020   68
   162.20    49.04   194.93     0.01     0.00     0.00   0.021   69
   162.20    48.06   193.91     0.01    -0.00     0.00   0.020   70
   160.24    48.06   193.91     0.01     0.00     0.00   0.021   71
   162.20    49.04   194.93     0.01     0.00     0.00   0.020   72
   161.22    49.04   195.94     0.00     0.00     0.00   0.020   73
   162.20    48.06   195.94     0.01     0.00     0.00   0.021   74
   163.18    49.04   195.94     0.00    -0.00     0.00   0.020   75
   163.18    48.06   194.93     0.01    -0.00     0.00   0.021   76
   163.18    49.04   195.94     0.00    -0.00     0.00   0.020   77
   161.22    49.04   193.91     0.00    -0.00     0.00   0.021   78
   160.24    49.04   193.91     0.00    -0.00     0.00   0.020   79
   162.20    48.06   194.93     0.00     0.00     0.00   0.021   80
   160.24    49.04   194.93     0.00     0.00     0.00   0.020   81
   163.18    50.02   196.96     0.00    -0.00     0.00   0.021   82
   162.20    49.04   196.96     0.01     0.00     0.00   0.020   83
   162.20    49.04   193.91     0.01    -0.00    -0.00   0.021   84
   161.22    49.04   193.91     0.01    -0.00     0.00   0.020   85
   162.20    49.04   194.93     0.01     0.00     0.00   0.021   86
   161.22    49.04   194.93     0.01    -0.00    -0.00   0.020   87
   161.22    49.04   195.94     0.01     0.00    -0.00   0.021   88
   161.22    50.02   194.93     0.01    -0.00    -0.00   0.020   89
   161.22    48.06   195.94     0.01    -0.00    -0.00   0.021   90
   161.22    49.04   194.93     0.01    -0.00    -0.00   0.020   91
   161.22    49.04   195.94     0.01    -0.00    -0.00   0.021   92
   162.20    48.06   195.94     0.01    -0.00     0.00   0.020   93
   161.22    49.04   195.94     0.00    -0.00     0.00   0.021   94
   162.20    49.04   194.93     0.00    -0.00     0.00   0.020   95
   162.20    50.02   194.93     0.00    -0.00     0.00   0.021   96
   162.20    49.04   196.96     0.00     0.00     0.00   0.020   97
   162.20    49.04   194.93     0.00     0.00     0.00   0.020   98
   162.20    49.04   193.91     0.00     0.00     0.00   0.021   99
   162.20    49.04   194.93     0.00     0.00     0.00   0.020  100
   162.20    48.06   193.91     0.00     0.00     0.00   0.021  101
   161.22    50.02   194.93     0.00     0.00     0.00   0.020  102
   162.20    50.02   195.94     0.01     0.00     0.00   0.021  103
   162.20    48.06   193.91     0.00     0.00     0.00   0.020  104
   162.20    48.06   194.93     0.00     0.00     0.00   0.021  105
   162.20    49.04   195.94     0.01     0.00     0.00   0.020  106
   161.22    48.06   194.93     0.01     0.00     0.00   0.021  107
   162.20    49.04   194.93     0.01    -0.00     0.00   0.020  108
   161.22    49.04   194.93     0.01    -0.00    -0.00   0.021  109
   162.20    49.04   196.96     0.01    -0.00    -0.00   0.020  110
   162.20    49.04   195.94     0.01    -0.00    -0.00   0.021  111
   161.22    48.06   195.94     0.01    -0.00    -0.00   0.020  112
   161.22    48.06   194.93     0.01     0.00    -0.00   0.021  113
   162.20    50.02   194.93     0.01     0.00     0.00   0.020  114
   163.18    50.02   194.93     0.01     0.00     0.00   0.021  115
   161.22    50.02   195.94     0.01    -0.00     0.00   0.020  116
   161.22    49.04   194.93     0.00     0.00     0.00   0.021  117
   162.20    49.04   195.94     0.00     0.00     0.00   0.020  118
   162.20    49.04   193.91     0.00    -0.00     0.00   0.021  119
   162.20    50.02   194.93     0.01    -0.00     0.00   0.020  120
   161.22    50.02   194.93     0.01    -0.00     0.00   0.021  121
   163.18    50.02   194.93     0.00    -0.00     0.00   0.020  122
   163.18    49.04   194.93     0.01    -0.00     0.00   0.020  123
   161.22    49.04   194.93     0.01    -0.00     0.00   0.021  124
   163.18    50.02   194.93     0.01    -0.00     0.00   0.020  125
   162.20    49.04   194.93     0.01    -0.00     0.00   0.021  126
   163.18    49.04   195.94     0.01    -0.00     0.00   0.020  127
   162.20    50.02   194.93     0.01    -0.00     0.00   0.021  128
   163.18    50.02   195.94     0.01    -0.00     0.00   0.020  129
   163.18    49.04   194.93     0.00    -0.00     0.00   0.021  130
   161.22    48.06   194.93     0.01    -0.00     0.00   0.020  131
   162.20    49.04   195.94     0.00    -0.00     0.00   0.021  132
   161.22    49.04   194.93     0.00    -0.00     0.00   0.020  133
