   172.95    36.29   185.77     0.01     0.00    -0.01   0.021    0
   172.95    36.29   185.77     0.01     0.00    -0.00   0.020    1
   172.95    35.31   185.77     0.01     0.00    -0.00   0.021    2
   171.97    35.31   184.75     0.01     0.00    -0.00   0.020    3
   171.97    35.31   185.77     0.01     0.00    -0.00   0.021    4
   172.95    34.33   185.77     0.01     0.00    -0.00   0.020    5
   172.95    35.31   185.77     0.01     0.00    -0.00   0.021    6
   172.95    35.31   185.77     0.01     0.00    -0.00   0.020    7
   171.97    34.33   184.75     0.01     0.00    -0.00   0.021    8
   170.99    35.31   184.75     0.01     0.00    -0.00   0.020    9
   171.97    35.31   183.73     0.01     0.00    -0.00   0.021   10
   172.95    34.33   186.78     0.01     0.00    -0.00   0.020   11
   172.95    36.29   185.77     0.01     0.00    -0.00   0.021   12
   172.95    35.31   184.75     0.01     0.00    -0.01   0.020   13
   171.97    35.31   184.75     0.01     0.00    -0.00   0.021   14
   172.95    34.33   184.75     0.01     0.00    -0.00   0.020   15
   172.95    35.31   184.75     0.01     0.00    -0.00   0.020   16
   172.95    34.33   186.78     0.01     0.00    -0.00   0.021   17
   172.95    34.33   184.75     0.01     0.00    -0.01   0.020   18
   172.95    35.31   183.73     0.01     0.00    -0.00   0.021   19
   171.97    36.29   185.77     0.01     0.00    -0.00   0.020   20
   171.97    35.31   185.77     0.01     0.00    -0.00   0.021   21
   172.95    35.31   184.75     0.01     0.00    -0.00   0.020   22
   172.95    35.31   185.77     0.01     0.00    -0.00   0.021   23
   172.95    35.31   185.77     0.01     0.00    -0.00   0.020   24
   172.95    35.31   184.75     0.01     0.00    -0.00   0.021   25
   172.95    35.31   185.77     0.01     0.00    -0.00   0.020   26
   171.97    34.33   184.75     0.01     0.00    -0.00   0.021   27
   172.95    35.31   185.77     0.01     0.00    -0.00   0.020   28
   173.92    34.33   186.78     0.01     0.00    -0.01   0.021   29
   171.97    35.31   185.77     0.01     0.00    -0.00   0.020   30
   171.97    34.33   185.77     0.01     0.00    -0.00   0.021   31
   171.97    34.33   185.77     0.01     0.00    -0.00   0.020   32
   171.97    35.31   184.75     0.01     0.00    -0.00   0.021   33
   172.95    35.31   187.80     0.01     0.00    -0.00   0.020   34
   171.97    35.31   185.77     0.01     0.00    -0.00   0.021   35
   171.97    36.29   184.75     0.01     0.00    -0.00   0.020   36
   171.97    35.31   185.77     0.01     0.00    -0.00   0.021   37
   171.97    36.29   185.77     0.01     0.00    -0.00   0.020   38
   172.95    35.31   186.78     0.01     0.00    -0.01   0.021   39
   172.95    35.31   185.77     0.01     0.00    -0.01   0.020   40
   171.97    35.31   186.78     0.01     0.00    -0.00   0.020   41
   170.99    35.31   186.78     0.01     0.00    -0.00   0.021   42
   172.95    35.31   185.77     0.01     0.00    -0.00   0.020   43
   171.97    34.33   184.75     0.01     0.00    -0.00   0.021   44
   170.99    35.31   184.75     0.01     0.00    -0.00   0.020   45
   171.97    36.29   185.77     0.01     0.00    -0.00   0.021   46
   171.97    34.33   183.73     0.01     0.00    -0.00   0.020   47
   171.97    35.31   186.78     0.01     0.00    -0.01   0.021   48
   172.95    35.31   185.77     0.01     0.00    -0.00   0.020   49
   172.95    35.31   184.75     0.01     0.00    -0.00   0.021   50
   172.95    35.31   185.77     0.01     0.00    -0.00   0.020   51
   172.95    35.31   184.75     0.01     0.00    -0.00   0.021   52
   171.97    35.31   186.78     0.01     0.00    -0.00   0.020   53
   171.97    35.31   183.73     0.01     0.00    -0.00   0.021   54
   171.97    35.31   185.77     0.01     0.00    -0.00   0.020   55
   173.92    35.31   184.75     0.01     0.00    -0.00   0.021   56
   172.95    35.31   186.78     0.01     0.00    -0.00   0.020   57
   171.97    34.33   184.75     0.01     0.00    -0.00   0.021   58
   171.97    35.31   185.77     0.01     0.00    -0.00   0.020   59
   172.95    36.29   186.78     0.01     0.00    -0.00   0.021   60
   172.95    34.33   185.77     0.01     0.00    -0.00   0.020   61
   172.95    34.33   185.77     0.01     0.00    -0.00   0.021   62
   171.97    35.31   185.77     0.01     0.00    -0.00   0.020   63
   171.97    35.31   184.75     0.01     0.00    -0.01   0.021   64
   172.95    34.33   185.77     0.01     0.00    -0.01   0.020   65
   172.95    35.31   184.75     0.01     0.00    -0.00   0.020   66
   171.97    36.29   185.77     0.01     0.00    -0.00   0.021   67
   171.97    35.31   185.77     0.01     0.00    -0.00   0.020   68
   171.97    34.33   185.77     0.01     0.00    -0.00   0.021   69
   170.99    35.31   185.77     0.01     0.00    -0.00   0.020   70
   171.97    37.27   186.78     0.01     0.00    -0.00   0.021   71
   173.92    35.31   186.78     0.01     0.00    -0.00   0.020   72
   173.92    34.33   185.77     0.01     0.00    -0.00   0.021   73
   172.95    35.31   185.77     0.01     0.00    -0.00   0.020   74
   171.97    35.31   184.75     0.01     0.00    -0.00   0.021   75
   172.95    35.31   185.77     0.01     0.00    -0.00   0.020   76
   172.95    35.31   185.77     0.01     0.00    -0.00   0.021   77
   172.95    35.31   185.77     0.01     0.00    -0.00   0.020   78
   172.95    35.31   185.77     0.01     0.00    -0.00   0.021   79
   172.95    35.31   186.78     0.01     0.00    -0.00   0.020   80
   172.95    35.31   186.78     0.01     0.00    -0.01   0.021   81
   173.92    34.33   185.77     0.01     0.00    -0.00   0.020   82
   171.97    34.33   185.77     0.01     0.00    -0.00   0.021   83
   172.95    35.31   185.77     0.01     0.00    -0.00   0.020   84
   171.97    36.29   185.77     0.01     0.00    -0.00   0.021   85
   172.95    35.31   185.77     0.01     0.00    -0.00   0.020   86
   171.97    35.31   185.77     0.01     0.00    -0.00   0.021   87
   171.97    35.31   185.77     0.01     0.00    -0.01   0.020   88
   172.95    34.33   185.77     0.01     0.00    -0.00   0.021   89
   171.97    36.29   185.77     0.01     0.00    -0.00   0.020   90
   173.92    35.31   186.78     0.01     0.00    -0.00   0.020   91
   172.95    34.33   184.75     0.01     0.00    -0.00   0.021   92
   173.92    33.35   185.77     0.01     0.00    -0.00   0.020   93
   171.97    35.31   185.77     0.01     0.00    -0.00   0.021   94
   171.97    35.31   185.77     0.01     0.00    -0.00   0.020   95
   172.95    35.31   184.75     0.01     0.00    -0.00   0.021   96
   171.97    35.31   185.77     0.01     0.00    -0.00   0.020   97
   173.92    35.31   185.77     0.01     0.00    -0.00   0.021   98
   172.95    35.31   185.77     0.01     0.00    -0.00   0.020   99
   172.95    35.31   185.77     0.01     0.00    -0.00   0.021  100
   171.97    35.31   185.77     0.01     0.00    -0.00   0.020  101
   172.95    35.31   185.77     0.01     0.00    -0.00   0.021  102
   171.97    35.31   183.73     0.01     0.00    -0.01   0.020  103
   171.97    36.29   186.78     0.01     0.00    -0.00   0.021  104
   171.97    34.33   186.78     0.01     0.00    -0.00   0.020  105
   171.97    35.31   184.75     0.01     0.00    -0.00   0.021  106
   172.95    35.31   184.75     0.01     0.00    -0.00   0.020  107
   170.99    35.31   184.75     0.01     0.00    -0.00   0.021  108
   171.97    34.33   185.77     0.01     0.00    -0.00   0.020  109
   171.97    35.31   186.78     0.01     0.00    -0.00   0.021  110
   172.95    34.33   184.75     0.01     0.00    -0.00   0.020  111
   171.97    34.33   185.77     0.01     0.00    -0.00   0.021  112
   171.97    35.31   184.75     0.01     0.00    -0.00   0.020  113
   171.97    34.33   182.71     0.01     0.00    -0.00   0.021  114
   172.95    34.33   186.78     0.01     0.00    -0.00   0.020  115
   172.95    35.31   185.77     0.01     0.00    -0.00   0.020  116
   171.97    34.33   184.75     0.01     0.00    -0.00   0.021  117
   173.92    35.31   185.77     0.01     0.00    -0.00   0.020  118
   171.97    35.31   184.75     0.01     0.00    -0.01   0.021  119
   173.92    34.33   184.75     0.01     0.00    -0.00   0.020  120
   172.95    36.29   185.77     0.01     0.00    -0.00   0.021  121
   171.97    34.33   184.75     0.01     0.00    -0.00   0.020  122
   171.97    34.33   185.77     0.01     0.00    -0.00   0.021  123
   173.92    35.31   184.75     0.01     0.00    -0.00   0.020  124
   172.95    35.31   185.77     0.01     0.00    -0.00   0.021  125
   172.95    36.29   186.78     0.01     0.00    -0.00   0.020  126
   173.92    33.35   185.77     0.01     0.00    -0.00   0.021  127
   171.97    35.31   185.77     0.01     0.00    -0.00   0.020  128
   172.95    34.33   185.77     0.01     0.00    -0.00   0.021  129
   171.97    35.31   185.77     0.01     0.00    -0.00   0.020  130
   172.95    34.33   184.75     0.01     0.00    -0.00   0.021  131
   171.97    35.31   186.78     0.01     0.00    -0.00   0.020  132
   171.97    35.31   185.77     0.01     0.00    -0.00   0.021  133
   173.92    36.29   185.77     0.01     0.00    -0.00   0.020  134
   172.95    35.31   186.78     0.01     0.00    -0.00   0.021  135
   170.99    36.29   183.73     0.01     0.00    -0.00   0.020  136
   171.97    35.31   184.75     0.01     0.00    -0.00   0.021  137
   172.95    35.31   183.73     0.01     0.00    -0.00   0.020  138
   172.95    36.29   184.75     0.01     0.00    -0.00   0.021  139
   171.97    35.31   185.77     0.01     0.00    -0.00   0.020  140
   170.99    36.29   184.75     0.01     0.00    -0.00   0.020  141
   172.95    35.31   185.77     0.01     0.00    -0.00   0.021  142
   173.92    34.33   186.78     0.01     0.00    -0.00   0.020  143
   171.97    35.31   184.75     0.01     0.00    -0.00   0.021  144
   171.97    35.31   184.75     0.01     0.00    -0.00   0.020  145
   172.95    35.31   185.77     0.01     0.00    -0.00   0.021  146
   172.95    35.31   185.77     0.01     0.00    -0.00   0.020  147
   172.95    35.31   185.77     0.01     0.00    -0.00   0.021  148
   172.95    34.33   184.75     0.01     0.00    -0.00   0.020  149
   172.95    35.31   185.77     0.01     0.00    -0.00   0.021  150
   172.95    35.31   186.78     0.01     0.00    -0.00   0.020  151
   172.95    35.31   184.75     0.01     0.00    -0.00   0.021  152
   171.97    35.31   185.77     0.01     0.00    -0.00   0.020  153
   172.95    35.31   186.78     0.01     0.00    -0.01   0.021  154
   171.97    34.33   185.77     0.01     0.00    -0.00   0.020  155
   172.95    34.33   185.77     0.01     0.00    -0.01   0.021  156
   171.97    35.31   185.77     0.01     0.00    -0.01   0.020  157
   171.97    35.31   184.75     0.01     0.00    -0.00   0.021  158
   171.97    36.29   185.77     0.01     0.00    -0.00   0.020  159
   172.95    34.33   185.77     0.01     0.00    -0.00   0.021  160
   172.95    34.33   185.77     0.01     0.00    -0.01   0.020  161
   172.95    35.31   185.77     0.01     0.00    -0.00   0.021  162
   170.99    35.31   185.77     0.01     0.00    -0.00   0.020  163
   170.99    35.31   186.78     0.01     0.00    -0.01   0.021  164
   172.95    35.31   185.77     0.01     0.00    -0.00   0.020  165
   172.95    34.33   185.77     0.01     0.00    -0.00   0.020  166
   171.97    35.31   186.78     0.01     0.00    -0.00   0.021  167
   170.99    35.31   185.77     0.01     0.00    -0.00   0.020  168
   171.97    35.31   184.75     0.01     0.00    -0.00   0.021  169
   172.95    36.29   185.77     0.01     0.00    -0.00   0.020  170
   171.97    35.31   185.77     0.01     0.00    -0.00   0.021  171
   171.97    34.33   184.75     0.01     0.00    -0.00   0.020  172
   172.95    34.33   184.75     0.01     0.00    -0.00   0.021  173
   171.97    34.33   185.77     0.01     0.00    -0.00   0.020  174
   171.97    35.31   184.75     0.01     0.00    -0.00   0.021  175
   171.97    35.31   184.75     0.01     0.00    -0.00   0.020  176
   171.97    35.31   185.77     0.01     0.00    -0.00   0.021  177
   170.99    35.31   185.77     0.01     0.00    -0.00   0.020  178
   172.95    35.31   185.77     0.01     0.00    -0.00   0.021  179
   172.95    36.29   185.77     0.01     0.00    -0.00   0.020  180
   172.95    34.33   185.77     0.01     0.00    -0.00   0.021  181
   171.97    34.33   184.75     0.01     0.00    -0.00   0.020  182
   171.97    35.31   185.77     0.01     0.00    -0.00   0.021  183
   171.97    36.29   185.77     0.01     0.00    -0.00   0.020  184
   171.97    34.33   184.75     0.01     0.00    -0.00   0.021  185
   173.92    35.31   185.77     0.01     0.00    -0.00   0.020  186
   171.97    35.31   184.75     0.01     0.00    -0.00   0.021  187
   171.97    36.29   185.77     0.01     0.00    -0.00   0.020  188
   172.95    35.31   184.75     0.01     0.00    -0.00   0.021  189
   172.95    33.35   185.77     0.01     0.00    -0.00   0.020  190
   172.95    34.33   186.78     0.01     0.00    -0.00   0.020  191
   172.95    33.35   184.75     0.01     0.00    -0.00   0.021  192
   172.95    35.31   183.73     0.01     0.00    -0.00   0.020  193
   172.95    36.29   185.77     0.01     0.00    -0.00   0.021  194
   171.97    34.33   185.77     0.01     0.00    -0.00   0.020  195
   171.97    34.33   184.75     0.01     0.00    -0.00   0.021  196
   172.95    36.29   185.77     0.01     0.00    -0.00   0.020  197
   171.97    35.31   185.77     0.01     0.00    -0.00   0.021  198
   172.95    34.33   186.78     0.01     0.00    -0.00   0.020  199
   171.97    34.33   185.77     0.01     0.00    -0.00   0.021  200
   172.95    34.33   183.73     0.01     0.00    -0.00   0.020  201
   171.97    35.31   186.78     0.01     0.00    -0.01   0.021  202
   172.95    35.31   185.77     0.01     0.00    -0.00   0.020  203
   172.95    34.33   184.75     0.01     0.00    -0.00   0.021  204
   171.97    34.33   185.77     0.01     0.00    -0.00   0.020  205
   171.97    35.31   186.78     0.01     0.00    -0.00   0.021  206
   171.97    35.31   184.75     0.01     0.00    -0.00   0.020  207
   172.95    34.33   184.75     0.01     0.00    -0.00   0.021  208
   172.95    34.33   185.77     0.01     0.00    -0.00   0.020  209
   172.95    35.31   185.77     0.01     0.00    -0.00   0.021  210
   173.92    35.31   186.78     0.01     0.00    -0.00   0.020  211
   171.97    34.33   184.75     0.01     0.00    -0.00   0.021  212
   173.92    34.33   185.77     0.01     0.00    -0.00   0.020  213
   172.95    34.33   184.75     0.01     0.00    -0.00   0.021  214
   172.95    34.33   185.77     0.01     0.00    -0.00   0.020  215
   171.97    34.33   185.77     0.01     0.00    -0.00   0.020  216
   171.97    35.31   186.78     0.01     0.00    -0.00   0.021  217
   171.97    36.29   184.75     0.01     0.00    -0.00   0.020  218
   172.95    34.33   184.75     0.01     0.00    -0.00   0.021  219
   172.95    34.33   185.77     0.01     0.00    -0.00   0.020  220
   171.97    35.31   185.77     0.01     0.00    -0.00   0.021  221
   170.99    34.33   185.77     0.01     0.00    -0.00   0.020  222
   172.95    35.31   184.75     0.01     0.00    -0.00   0.021  223
   172.95    36.29   184.75     0.01     0.00    -0.00   0.020  224
   172.95    35.31   185.77     0.01     0.00    -0.00   0.021  225
   171.97    34.33   183.73     0.01     0.00    -0.00   0.020  226
   172.95    35.31   186.78     0.01     0.00    -0.00   0.021  227
   171.97    35.31   185.77     0.01     0.00    -0.01   0.020  228
   172.95    34.33   185.77     0.01     0.00    -0.00   0.021  229
   172.95    35.31   185.77     0.01     0.00    -0.00   0.020  230
   172.95    35.31   185.77     0.01     0.00    -0.00   0.021  231
   173.92    35.31   185.77     0.01     0.00    -0.00   0.020  232
   173.92    35.31   185.77     0.01     0.00    -0.00   0.021  233
   170.99    35.31   185.77     0.01     0.00    -0.00   0.020  234
   171.97    35.31   186.78     0.01     0.00    -0.00   0.021  235
   172.95    36.29   185.77     0.01     0.00    -0.00   0.020  236
   172.95    35.31   185.77     0.01     0.00    -0.01   0.021  237
   171.97    35.31   184.75     0.01     0.00    -0.00   0.020  238
   171.97    35.31   184.75     0.01     0.00    -0.00   0.021  239
   172.95    35.31   185.77     0.01     0.00    -0.00   0.020  240
   172.95    35.31   186.78     0.01     0.00    -0.00   0.020  241
   172.95    34.33   185.77     0.01     0.00    -0.00   0.021  242
   172.95    34.33   186.78     0.01     0.00    -0.00   0.020  243
   171.97    35.31   185.77     0.01     0.00    -0.01   0.021  244
   171.97    35.31   184.75     0.01     0.00    -0.00   0.020  245
   171.97    35.31   185.77     0.01     0.00    -0.00   0.021  246
   172.95    34.33   184.75     0.01     0.00    -0.00   0.020  247
   171.97    34.33   185.77     0.01     0.00    -0.00   0.021  248
   171.97    35.31   186.78     0.01     0.00    -0.00   0.020  249
   172.95    33.35   185.77     0.01     0.00    -0.00   0.021  250
   171.97    35.31   183.73     0.01     0.00    -0.01   0.020  251
   171.97    36.29   184.75     0.01     0.00    -0.00   0.021  252
   171.97    36.29   186.78     0.01     0.00    -0.00   0.020  253
   172.95    35.31   184.75     0.01     0.00    -0.00   0.021  254
   171.97    35.31   185.77     0.01     0.00    -0.00   0.020  255
   172.95    35.31   185.77     0.01     0.00    -0.00   0.021    0
   172.95    35.31   185.77     0.01     0.00    -0.00   0.020    1
   171.97    35.31   184.75     0.01     0.00    -0.00   0.021    2
   171.97    35.31   184.75     0.01     0.00    -0.00   0.020    3
   172.95    35.31   185.77     0.01     0.00    -0.00   0.021    4
   171.97    35.31   184.75     0.01     0.00    -0.00   0.020    5
   173.92    35.31   185.77     0.01     0.00    -0.00   0.021    6
   173.92    34.33   185.77     0.01     0.00    -0.00   0.020    7
   172.95    33.35   184.75     0.01     0.00    -0.00   0.021    8
   172.95    35.31   184.75     0.01     0.00    -0.00   0.020    9
   171.97    34.33   184.75     0.01     0.00    -0.00   0.020   10
   171.97    35.31   186.78     0.01     0.00    -0.00   0.021   11
   172.95    36.29   185.77     0.01     0.00    -0.00   0.020   12
   171.97    35.31   184.75     0.01     0.00    -0.00   0.021   13
   171.97    36.29   184.75     0.01     0.00    -0.00   0.020   14
   172.95    35.31   185.77     0.01     0.00    -0.00   0.021   15
   171.97    35.31   185.77     0.01     0.00    -0.00   0.020   16
   170.99    35.31   186.78     0.01     0.00    -0.00   0.021   17
   171.97    35.31   184.75     0.01     0.00    -0.00   0.020   18
   170.99    35.31   184.75     0.01     0.00    -0.00   0.021   19
   172.95    35.31   184.75     0.01     0.00    -0.00   0.020   20
   173.92    34.33   184.75     0.01     0.00    -0.00   0.021   21
   171.97    35.31   185.77     0.01     0.00    -0.00   0.020   22
   173.92    36.29   185.77     0.01     0.00    -0.00   0.021   23
   171.97    34.33   184.75     0.01     0.00    -0.00   0.020   24
   171.97    35.31   185.77     0.01     0.00    -0.00   0.021   25
   172.95    34.33   185.77     0.01     0.00    -0.00   0.020   26
   172.95    34.33   186.78     0.01     0.00    -0.00   0.021   27
   172.95    35.31   185.77     0.01     0.00    -0.00   0.020   28
   172.95    35.31   184.75     0.01     0.00    -0.00   0.021   29
   172.95    34.33   184.75     0.01     0.00    -0.00   0.020   30
   171.97    35.31   184.75     0.01     0.00    -0.00   0.021   31
   172.95    34.33   184.75     0.01     0.00    -0.00   0.020   32
   171.97    34.33   185.77     0.01     0.00    -0.00   0.021   33
   172.95    35.31   185.77     0.01     0.00    -0.00   0.020   34
   172.95    34.33   184.75     0.01     0.00    -0.00   0.020   35
   171.97    35.31   184.75     0.01     0.00    -0.00   0.021   36
   173.92    34.33   185.77     0.01     0.00    -0.00   0.020   37
   172.95    34.33   185.77     0.01     0.00    -0.00   0.021   38
   172.95    34.33   185.77     0.01     0.00    -0.00   0.020   39
   173.92    34.33   185.77     0.01     0.00    -0.00   0.021   40
   173.92    35.31   185.77     0.01     0.00    -0.00   0.020   41
   172.95    34.33   185.77     0.01     0.00    -0.00   0.021   42
   172.95    35.31   186.78     0.01     0.00    -0.00   0.020   43
   172.95    34.33   183.73     0.01     0.00    -0.00   0.021   44
   172.95    34.33   185.77     0.01     0.00    -0.00   0.020   45
   171.97    35.31   184.75     0.01     0.00    -0.00   0.021   46
   172.95    35.31   184.75     0.01     0.00    -0.00   0.020   47
   171.97    34.33   184.75     0.01     0.00    -0.00   0.021   48
   171.97    35.31   186.78     0.01     0.00    -0.00   0.020   49
   171.97    36.29   183.73     0.01     0.00    -0.00   0.021   50
   171.97    34.33   184.75     0.01     0.00    -0.00   0.020   51
   170.99    36.29   184.75     0.01     0.00    -0.00   0.021   52
   172.95    35.31   184.75     0.01     0.00    -0.00   0.020   53
   172.95    34.33   185.77     0.01     0.00    -0.00   0.021   54
   171.97    36.29   184.75     0.01     0.00    -0.00   0.020   55
   172.95    35.31   184.75     0.01     0.00    -0.00   0.021   56
   173.92    36.29   185.77     0.01     0.00    -0.00   0.020   57
   172.95    34.33   184.75     0.01     0.00    -0.00   0.021   58
   171.97    35.31   184.75     0.01     0.00    -0.00   0.020   59
   172.95    35.31   185.77     0.01     0.00    -0.00   0.020   60
   171.97    35.31   184.75     0.01     0.00    -0.00   0.021   61
   171.97    35.31   186.78     0.01     0.00    -0.01   0.020   62
   173.92    36.29   185.77     0.01     0.00    -0.00   0.021   63
   171.97    35.31   184.75     0.01     0.00    -0.00   0.020   64
   172.95    35.31   185.77     0.01     0.00    -0.00   0.021   65
   172.95    35.31   185.77     0.01     0.00    -0.00   0.020   66
   171.97    35.31   184.75     0.01     0.00    -0.00   0.021   67
   171.97    35.31   185.77     0.01     0.00    -0.00   0.020   68
   172.95    35.31   184.75     0.01     0.00    -0.00   0.021   69
   171.97    34.33   184.75     0.01     0.00    -0.01   0.020   70
   172.95    34.33   186.78     0.01     0.00    -0.00   0.021   71
   172.95    34.33   184.75     0.01     0.00    -0.00   0.020   72
   172.95    35.31   185.77     0.01     0.00    -0.00   0.021   73
   171.97    34.33   186.78     0.01     0.00    -0.00   0.020   74
   170.99    35.31   183.73     0.01     0.00    -0.00   0.021   75
   171.97    34.33   185.77     0.01     0.00    -0.01   0.020   76
   172.95    35.31   186.78     0.01     0.00    -0.00   0.021   77
   171.97    35.31   183.73     0.01     0.00    -0.00   0.020   78
   173.92    35.31   185.77     0.01     0.00    -0.00   0.021   79
   170.99    35.31   184.75     0.01     0.00    -0.00   0.020   80
   172.95    34.33   185.77     0.01     0.00    -0.00   0.021   81
   172.95    35.31   184.75     0.01     0.00    -0.00   0.020   82
   173.92    35.31   185.77     0.01     0.00    -0.00   0.021   83
   172.95    34.33   184.75     0.01     0.00    -0.00   0.020   84
   171.97    35.31   184.75     0.01     0.00    -0.00   0.020   85
   172.95    35.31   185.77     0.01     0.00    -0.01   0.021   86
   172.95    36.29   185.77     0.01     0.00    -0.00   0.020   87
   172.95    35.31   185.77     0.01     0.00    -0.00   0.021   88
   171.97    35.31   186.78     0.01     0.00    -0.00   0.020   89
   171.97    35.31   185.77     0.01     0.00    -0.00   0.021   90
   171.97    35.31   184.75     0.01     0.00    -0.00   0.020   91
   172.95    35.31   185.77     0.01     0.00    -0.01   0.021   92
   171.97    36.29   185.77     0.01     0.00    -0.00   0.020   93
   172.95    34.33   186.78     0.01     0.00    -0.01   0.021   94
   172.95    36.29   185.77     0.01     0.00    -0.00   0.020   95
   173.92    35.31   185.77     0.01     0.00    -0.00   0.021   96
   172.95    35.31   184.75     0.01     0.00    -0.00   0.020   97
   172.95    35.31   185.77     0.01     0.00    -0.01   0.021   98
   173.92    35.31   186.78     0.01     0.00    -0.00   0.020   99
   172.95    35.31   185.77     0.01     0.00    -0.00   0.021  100
   172.95    36.29   185.77     0.01     0.00    -0.00   0.020  101
   171.97    35.31   185.77     0.01     0.00    -0.00   0.021  102
   172.95    34.33   185.77     0.01     0.00    -0.00   0.020  103
   172.95    34.33   186.78     0.01     0.00    -0.00   0.021  104
   172.95    34.33   183.73     0.01     0.00    -0.00   0.020  105
   171.97    36.29   184.75     0.01     0.00    -0.00   0.021  106
   173.92    35.31   185.77     0.01     0.00    -0.00   0.020  107
   172.95    35.31   185.77     0.01     0.00    -0.00   0.021  108
   171.97    35.31   186.78     0.01     0.00    -0.00   0.020  109
   172.95    35.31   185.77     0.01     0.00    -0.01   0.020  110
   172.95    35.31   184.75     0.01     0.00    -0.00   0.021  111
   171.97    36.29   184.75     0.01     0.00    -0.00   0.020  112
   171.97    36.29   185.77     0.01     0.00    -0.00   0.021  113
   172.95    35.31   184.75     0.01     0.00    -0.00   0.020  114
   172.95    35.31   185.77     0.01     0.00    -0.01   0.021  115
   172.95    34.33   185.77     0.01     0.00    -0.00   0.020  116
   172.95    35.31   184.75     0.01     0.00    -0.00   0.021  117
   172.95    35.31   186.78     0.01     0.00    -0.00   0.020  118
   171.97    34.33   185.77     0.01     0.00    -0.00   0.021  119
   171.97    34.33   185.77     0.01     0.00    -0.00   0.020  120
   172.95    35.31   185.77     0.01     0.00    -0.00   0.021  121
   171.97    36.29   184.75     0.01     0.00    -0.00   0.020  122
   171.97    35.31   185.77     0.01     0.00    -0.00   0.021  123
   172.95    35.31   185.77     0.01     0.00    -0.00   0.020  124
   172.95    35.31   184.75     0.01     0.00    -0.01   0.021  125
   172.95    34.33   186.78     0.01     0.00    -0.00   0.020  126
   172.95    35.31   184.75     0.01     0.00    -0.01   0.021  127
   172.95    35.31   184.75     0.01     0.00    -0.00   0.020  128
   171.97    35.31   185.77     0.01     0.00    -0.00   0.021  129
   172.95    35.31   185.77     0.01     0.00    -0.01   0.020  130
   173.92    35.31   184.75     0.01     0.00    -0.00   0.021  131
   173.92    34.33   185.77     0.01     0.00    -0.00   0.020  132
   172.95    35.31   183.73     0.01     0.00    -0.00   0.021  133
   172.95    34.33   183.73     0.01     0.00    -0.00   0.020  134
   173.92    35.31   184.75     0.01     0.00    -0.00   0.020  135
   172.95    34.33   184.75     0.01     0.00    -0.00   0.021  136
   172.95    35.31   185.77     0.01     0.00    -0.01   0.020  137
   172.95    35.31   184.75     0.01     0.00    -0.00   0.021  138
   172.95    35.31   184.75     0.01     0.00    -0.00   0.020  139
   171.97    35.31   185.77     0.01     0.00    -0.01   0.021  140
   171.97    35.31   183.73     0.01     0.00    -0.00   0.020  141
   171.97    36.29   185.77     0.01     0.00    -0.00   0.021  142
   172.95    36.29   185.77     0.01     0.00    -0.00   0.020  143
   172.95    34.33   184.75     0.01     0.00    -0.00   0.021  144
   171.97    35.31   185.77     0.01     0.00    -0.00   0.020  145
   172.95    35.31   184.75     0.01     0.00    -0.01   0.021  146
   171.97    35.31   184.75     0.01     0.00    -0.00   0.020  147
   171.97    36.29   185.77     0.01     0.00    -0.00   0.021  148
   171.97    35.31   185.77     0.01     0.00    -0.00   0.020  149
   172.95    35.31   184.75     0.01     0.00    -0.00   0.021  150
   171.97    35.31   184.75     0.01     0.00    -0.00   0.020  151
   173.92    35.31   184.75     0.01     0.00    -0.00   0.021  152
   172.95    35.31   185.77     0.01     0.00    -0.00   0.020  153
   172.95    36.29   185.77     0.01     0.00    -0.00   0.021  154
   172.95    34.33   184.75     0.01     0.00    -0.00   0.020  155
   171.97    35.31   185.77     0.01     0.00    -0.00   0.021  156
   172.95    36.29   185.77     0.01     0.00    -0.00   0.020  157
   171.97    35.31   183.73     0.01     0.00    -0.00   0.021  158
   170.99    36.29   184.75     0.01     0.00    -0.00   0.020  159
   172.95    34.33   185.77     0.01     0.00    -0.00   0.020  160
   172.95    35.31   185.77     0.01     0.00    -0.00   0.021  161
   172.95    35.31   184.75     0.01     0.00    -0.00   0.020  162
   172.95    34.33   186.78     0.01     0.00    -0.00   0.021  163
   171.97    34.33   185.77     0.01     0.00    -0.00   0.020  164
   172.95    35.31   184.75     0.01     0.00    -0.00   0.021  165
   174.90    35.31   185.77     0.01     0.00    -0.00   0.020  166
   171.97    35.31   184.75     0.01     0.00    -0.00   0.021  167
   171.97    35.31   186.78     0.01     0.00    -0.00   0.020  168
   171.97    35.31   183.73     0.01     0.00    -0.00   0.021  169
   172.95    34.33   183.73     0.01     0.00    -0.00   0.020  170
   171.97    36.29   184.75     0.01     0.00    -0.00   0.021  171
   172.95    34.33   184.75     0.01     0.00    -0.00   0.020  172
   170.99    35.31   185.77     0.01     0.00    -0.01   0.021  173
   172.95    35.31   184.75     0.01     0.00    -0.00   0.020  174
   172.95    35.31   184.75     0.01     0.00    -0.00   0.021  175
   171.97    35.31   185.77     0.01     0.00    -0.00   0.020  176
   173.92    35.31   185.77     0.01     0.00    -0.00   0.021  177
   171.97    35.31   185.77     0.01     0.00    -0.00   0.020  178
   171.97    35.31   184.75     0.01     0.00    -0.00   0.021  179
   172.95    35.31   185.77     0.01     0.00    -0.00   0.020  180
   172.95    35.31   184.75     0.01     0.00    -0.00   0.021  181
   172.95    35.31   185.77     0.01     0.00    -0.00   0.020  182
   172.95    35.31   184.75     0.01     0.00    -0.00   0.021  183
   171.97    36.29   185.77     0.01     0.00    -0.00   0.020  184
   171.97    35.31   185.77     0.01     0.00    -0.00   0.020  185
   171.97    34.33   184.75     0.01     0.00    -0.00   0.021  186
   172.95    35.31   184.75     0.01     0.00    -0.00   0.020  187
   172.95    34.33   186.78     0.01     0.00    -0.00   0.021  188
   171.97    33.35   185.77     0.01     0.00    -0.00   0.020  189
   172.95    34.33   185.77     0.01     0.00    -0.00   0.021  190
   172.95    35.31   184.75     0.01     0.00    -0.00   0.020  191
   172.95    36.29   184.75     0.01     0.00    -0.00   0.021  192
   171.97    35.31   184.75     0.01     0.00    -0.00   0.020  193
   171.97    35.31   184.75     0.01     0.00    -0.00   0.021  194
   172.95    34.33   184.75     0.01     0.00    -0.00   0.020  195
   171.97    35.31   185.77     0.01     0.00    -0.00   0.021  196
   171.97    36.29   184.75     0.01     0.00    -0.00   0.020  197
   172.95    35.31   185.77     0.01     0.00    -0.00   0.021  198
   172.95    35.31   185.77     0.01     0.00    -0.00   0.020  199
   172.95    35.31   185.77     0.01     0.00    -0.00   0.021  200
   172.95    34.33   185.77     0.01     0.00    -0.00   0.020  201
   172.95    36.29   184.75     0.01     0.00    -0.00   0.021  202
   172.95    34.33   185.77     0.01     0.00    -0.01   0.020  203
   172.95    34.33   185.77     0.01     0.00    -0.00   0.021  204
   173.92    36.29   184.75     0.01     0.00    -0.01   0.020  205
   173.92    35.31   185.77     0.01     0.00    -0.00   0.021  206
   172.95    34.33   184.75     0.01     0.00    -0.00   0.020  207
   172.95    35.31   184.75     0.01     0.00    -0.00   0.021  208
   171.97    35.31   185.77     0.01     0.00    -0.00   0.020  209
   173.92    33.35   184.75     0.01     0.00    -0.00   0.020  210
   173.92    33.35   185.77     0.01     0.00    -0.00   0.021  211
   172.95    35.31   184.75     0.01     0.00    -0.00   0.020  212
   171.97    35.31   185.77     0.01     0.00    -0.00   0.021  213
   171.97    35.31   183.73     0.01     0.00    -0.00   0.020  214
   172.95    36.29   185.77     0.01     0.00    -0.00   0.021  215
   172.95    34.33   185.77     0.01     0.00    -0.00   0.020  216
   171.97    36.29   184.75     0.01     0.00    -0.00   0.021  217
   173.92    34.33   184.75     0.01     0.00    -0.00   0.020  218
   171.97    35.31   184.75     0.01     0.00    -0.00   0.021  219
   172.95    35.31   185.77     0.01     0.00    -0.00   0.020  220
   172.95    35.31   185.77     0.01     0.00    -0.00   0.021  221
   170.99    35.31   184.75     0.01     0.00    -0.00   0.020  222
   171.97    35.31   184.75     0.01     0.00    -0.00   0.021  223
   172.95    35.31   183.73     0.01     0.00    -0.00   0.020  224
   172.95    34.33   184.75     0.01     0.00    -0.00   0.021  225
   171.97    35.31   186.78     0.01     0.00    -0.00   0.020  226
   171.97    35.31   185.77     0.01     0.00    -0.00   0.021  227
   172.95    35.31   185.77     0.01     0.00    -0.00   0.020  228
   172.95    34.33   186.78     0.01     0.00    -0.00   0.021  229
   172.95    34.33   186.78     0.01     0.00    -0.00   0.020  230
   172.95    35.31   184.75     0.01     0.00    -0.00   0.021  231
   171.97    34.33   184.75     0.01     0.00    -0.00   0.020  232
   172.95    36.29   185.77     0.01     0.00    -0.00   0.021  233
   172.95    35.31   184.75     0.01     0.00    -0.00   0.020  234
   173.92    34.33   184.75     0.01     0.00    -0.00   0.020  235
   172.95    34.33   184.75     0.01     0.00    -0.01   0.021  236
   172.95    34.33   185.77     0.01     0.00    -0.00   0.020  237
   172.95    35.31   184.75     0.01     0.00    -0.00   0.021  238
   172.95    35.31   184.75     0.01     0.00    -0.00   0.020  239
   172.95    35.31   185.77     0.01     0.00    -0.01   0.021  240
   171.97    35.31   185.77     0.01     0.00    -0.00   0.020  241
   172.95    35.31   183.73     0.01     0.00    -0.00   0.021  242
   172.95    35.31   184.75     0.01     0.00    -0.00   0.020  243
   172.95    35.31   184.75     0.01     0.00    -0.00   0.021  244
   171.97    34.33   185.77     0.01     0.00    -0.00   0.020  245
   172.95    34.33   185.77     0.01     0.00    -0.00   0.021  246
   172.95    35.31   184.75     0.01     0.00    -0.01   0.020  247
   171.97    35.31   185.77     0.01     0.00    -0.00   0.021  248
   173.92    34.33   186.78     0.01     0.00    -0.00   0.020  249
   171.97    35.31   183.73     0.01     0.00    -0.00   0.021  250
   172.95    34.33   185.77     0.01     0.00    -0.01   0.020  251
   173.92    35.31   186.78     0.01     0.00    -0.00   0.021  252
   172.95    35.31   185.77     0.01     0.00    -0.00   0.020  253
   172.95    35.31   183.73     0.01     0.00    -0.00   0.021  254
   172.95    35.31   185.77     0.01     0.00    -0.00   0.020  255
   172.95    36.29   184.75     0.01     0.00    -0.00   0.021    0
   172.95    34.33   186.78     0.01     0.00    -0.00   0.020    1
   172.95    34.33   184.75     0.01     0.00    -0.00   0.021    2
   172.95    34.33   183.73     0.01     0.00    -0.00   0.020    3
   173.92    34.33   184.75     0.01     0.00    -0.00   0.020    4
   172.95    34.33   185.77     0.01     0.00    -0.00   0.021    5
   171.97    34.33   185.77     0.01     0.00    -0.00   0.020    6
   172.95    33.35   185.77     0.01     0.00    -0.01   0.021    7
   172.95    35.31   184.75     0.01     0.00    -0.01   0.020    8
   172.95    35.31   184.75     0.01     0.00    -0.00   0.021    9
   171.97    35.31   185.77     0.01     0.00    -0.00   0.020   10
   171.97    36.29   185.77     0.01     0.00    -0.00   0.021   11
   171.97    34.33   184.75     0.01     0.00    -0.00   0.020   12
   171.97    34.33   185.77     0.01     0.00    -0.00   0.021   13
   172.95    35.31   184.75     0.01     0.00    -0.00   0.020   14
   172.95    35.31   183.73     0.01     0.00    -0.01   0.021   15
   172.95    35.31   184.75     0.01     0.00    -0.00   0.020   16
   172.95    34.33   184.75     0.01     0.00    -0.00   0.021   17
   172.95    35.31   185.77     0.01     0.00    -0.00   0.020   18
   174.90    35.31   185.77     0.01     0.00    -0.00   0.021   19
   171.97    36.29   185.77     0.01     0.00    -0.00   0.020   20
   170.99    33.35   184.75     0.01     0.00    -0.00   0.021   21
   172.95    34.33   183.73     0.01     0.00    -0.00   0.020   22
   172.95    36.29   184.75     0.01     0.00    -0.00   0.021   23
   172.95    35.31   185.77     0.01     0.00    -0.00   0.020   24
   172.95    35.31   184.75     0.01     0.00    -0.00   0.021   25
   171.97    35.31   182.71     0.01     0.00    -0.00   0.020   26
   172.95    34.33   184.75     0.01     0.00    -0.00   0.021   27
   172.95    34.33   185.77     0.01     0.00    -0.01   0.020   28
   171.97    35.31   185.77     0.01     0.00    -0.00   0.020   29
   172.95    35.31   185.77     0.01     0.00    -0.00   0.021   30
   171.97    34.33   184.75     0.01     0.00    -0.00   0.020   31
   171.97    35.31   184.75     0.01     0.00    -0.00   0.021   32
   171.97    34.33   184.75     0.01     0.00    -0.00   0.020   33
   171.97    34.33   184.75     0.01     0.00    -0.00   0.021   34
   172.95    34.33   186.78     0.01     0.00    -0.00   0.020   35
   173.92    35.31   184.75     0.01     0.00    -0.00   0.021   36
   172.95    35.31   184.75     0.01     0.00    -0.00   0.020   37
   172.95    35.31   184.75     0.01     0.00    -0.00   0.021   38
   172.95    34.33   185.77     0.01     0.00    -0.00   0.020   39
   172.95    34.33   184.75     0.01     0.00    -0.00   0.021   40
   171.97    35.31   184.75     0.01     0.00    -0.00   0.020   41
   171.97    36.29   184.75     0.01     0.00    -0.00   0.021   42
   171.97    35.31   184.75     0.01     0.00    -0.00   0.020   43
   171.97    35.31   184.75     0.01     0.00    -0.00   0.021   44
   172.95    36.29   185.77     0.01     0.00    -0.00   0.020   45
