   175.88    47.08   179.66    -0.00     0.01    -0.00   0.021    0
   173.92    48.06   178.64    -0.00     0.00     0.00   0.020    1
   175.88    47.08   177.62    -0.00     0.00     0.00   0.021    2
   175.88    46.10   177.62     0.00     0.00    -0.00   0.020    3
   175.88    47.08   177.62     0.00     0.00    -0.01   0.021    4
   174.90    49.04   178.64     0.00     0.00    -0.00   0.020    5
   175.88    48.06   176.60     0.00     0.00    -0.01   0.021    6
   174.90    48.06   178.64     0.01     0.00    -0.00   0.020    7
   174.90    48.06   178.64     0.00     0.00    -0.00   0.021    8
   175.88    48.06   177.62     0.00     0.00    -0.00   0.020    9
   174.90    48.06   178.64     0.00     0.00    -0.00   0.021   10
   175.88    47.08   176.60     0.01     0.00    -0.01   0.020   11
   175.88    47.08   178.64     0.01     0.00    -0.01   0.021   12
   175.88    47.08   178.64     0.01     0.00    -0.01   0.020   13
   175.88    48.06   179.66     0.01     0.00    -0.01   0.021   14
   174.90    47.08   179.66     0.01     0.00    -0.00   0.020   15
   175.88    48.06   178.64     0.01     0.00    -0.00   0.020   16
   175.88    47.08   177.62     0.01     0.00    -0.01   0.021   17
   175.88    48.06   177.62     0.01     0.00    -0.00   0.020   18
   174.90    49.04   178.64     0.00     0.00    -0.00   0.021   19
   175.88    47.08   177.62     0.01     0.00    -0.00   0.020   20
   175.88    48.06   177.62     0.01     0.00    -0.01   0.021   21
   175.88    50.02   178.64     0.01     0.00    -0.00   0.020   22
   175.88    47.08   178.64     0.01     0.00    -0.01   0.021   23
   175.88    48.06   176.60     0.01     0.00    -0.01   0.020   24
   175.88    49.04   177.62     0.01     0.00    -0.01   0.021   25
   175.88    48.06   178.64     0.01     0.00    -0.00   0.020   26
   176.85    48.06   177.62     0.01     0.00    -0.00   0.021   27
   175.88    48.06   177.62     0.01     0.00    -0.00   0.020   28
   175.88    48.06   178.64     0.00     0.00    -0.00   0.021   29
   174.90    47.08   178.64     0.00     0.00    -0.00   0.020   30
   176.85    48.06   178.64     0.00     0.00    -0.00   0.021   31
   175.88    47.08   176.60     0.00     0.00    -0.00   0.020   32
   175.88    48.06   178.64     0.00     0.00    -0.00   0.021   33
   175.88    48.06   179.66     0.00     0.00    -0.00   0.020   34
   175.88    48.06   178.64     0.00     0.00    -0.00   0.021   35
   175.88    48.06   178.64     0.00     0.00    -0.00   0.020   36
   175.88    49.04   177.62     0.00     0.00    -0.00   0.021   37
   175.88    49.04   180.68     0.00     0.00    -0.00   0.020   38
   175.88    48.06   177.62     0.00     0.00    -0.00   0.021   39
   176.85    48.06   177.62     0.00     0.00    -0.00   0.020   40
   175.88    48.06   178.64     0.00     0.00    -0.00   0.020   41
   175.88    48.06   179.66     0.00     0.00    -0.00   0.021   42
   176.85    48.06   178.64     0.00     0.00    -0.00   0.020   43
   176.85    48.06   178.64     0.00     0.00    -0.00   0.021   44
   175.88    48.06   177.62     0.00     0.00    -0.00   0.020   45
   175.88    48.06   176.60     0.00     0.00    -0.00   0.021   46
   175.88    47.08   178.64     0.00     0.00    -0.00   0.020   47
   173.92    48.06   179.66     0.00     0.00    -0.00   0.021   48
   175.88    49.04   177.62     0.00     0.00    -0.00   0.020   49
   175.88    47.08   178.64     0.00     0.00    -0.00   0.021   50
   175.88    46.10   177.62     0.00     0.00    -0.00   0.020   51
   176.85    47.08   178.64     0.00     0.00    -0.00   0.021   52
   175.88    47.08   177.62     0.00     0.00    -0.00   0.020   53
   175.88    48.06   178.64     0.00     0.00    -0.00   0.021   54
   176.85    48.06   178.64     0.00     0.00    -0.00   0.020   55
   176.85    47.08   177.62     0.00     0.00    -0.00   0.021   56
   174.90    49.04   179.66     0.00     0.00    -0.00   0.020   57
   176.85    48.06   176.60     0.01     0.00    -0.00   0.021   58
   176.85    47.08   179.66     0.00     0.00    -0.00   0.020   59
   174.90    48.06   177.62     0.01     0.00    -0.00   0.021   60
   175.88    48.06   177.62     0.00     0.00    -0.00   0.020   61
   176.85    47.08   178.64     0.00     0.00    -0.00   0.021   62
   175.88    48.06   180.68     0.00     0.00    -0.00   0.020   63
   175.88    48.06   178.64     0.00     0.00    -0.00   0.021   64
   175.88    48.06   177.62     0.00     0.00    -0.00   0.020   65
   175.88    48.06   178.64     0.00     0.00    -0.00   0.020   66
   175.88    49.04   178.64     0.00     0.00    -0.00   0.021   67
   176.85    47.08   178.64     0.00     0.00    -0.00   0.020   68
   175.88    47.08   179.66     0.00     0.00    -0.00   0.021   69
   175.88    48.06   178.64     0.01     0.00    -0.00   0.020   70
   175.88    48.06   177.62     0.00     0.00    -0.00   0.021   71
   175.88    46.10   177.62     0.00     0.00    -0.00   0.020   72
   176.85    47.08   177.62     0.01     0.00    -0.00   0.021   73
   175.88    48.06   177.62     0.01     0.00    -0.00   0.020   74
   175.88    48.06   177.62     0.00     0.00    -0.00   0.021   75
   175.88    48.06   178.64     0.00     0.00    -0.00   0.020   76
   175.88    48.06   179.66     0.00     0.00    -0.00   0.021   77
   175.88    47.08   176.60     0.00     0.00    -0.00   0.020   78
   174.90    49.04   180.68     0.00     0.00    -0.00   0.021   79
   174.90    48.06   178.64     0.00     0.00    -0.00   0.020   80
   176.85    47.08   177.62     0.00     0.00    -0.00   0.021   81
   174.90    48.06   179.66     0.00     0.00    -0.00   0.020   82
   174.90    48.06   177.62     0.00     0.00    -0.00   0.021   83
   175.88    49.04   178.64     0.00     0.00    -0.00   0.020   84
   175.88    48.06   179.66     0.00     0.00    -0.00   0.021   85
   174.90    48.06   178.64     0.00     0.00    -0.00   0.020   86
   176.85    47.08   178.64     0.01     0.00    -0.00   0.021   87
   173.92    49.04   178.64     0.00     0.00    -0.00   0.020   88
   176.85    48.06   177.62     0.00     0.00    -0.00   0.021   89
   176.85    47.08   177.62     0.01     0.00    -0.00   0.020   90
   175.88    47.08   178.64     0.00     0.00    -0.00   0.020   91
   174.90    49.04   177.62     0.00     0.00    -0.00   0.021   92
   175.88    48.06   177.62     0.00     0.00    -0.00   0.020   93
   175.88    49.04   178.64     0.00     0.00    -0.00   0.021   94
   175.88    48.06   177.62     0.00     0.00    -0.00   0.020   95
   175.88    48.06   178.64     0.01     0.00    -0.01   0.021   96
   176.85    48.06   178.64     0.00     0.00    -0.00   0.020   97
   174.90    48.06   178.64     0.00     0.00    -0.00   0.021   98
   175.88    48.06   178.64     0.00     0.00    -0.01   0.020   99
   175.88    48.06   177.62     0.00     0.00    -0.00   0.021  100
   174.90    48.06   177.62     0.00     0.01    -0.00   0.020  101
   174.90    48.06   178.64     0.00     0.01    -0.00   0.021  102
   175.88    46.10   179.66     0.00     0.00    -0.00   0.020  103
   174.90    47.08   178.64     0.00     0.00    -0.00   0.021  104
   175.88    47.08   177.62     0.00     0.00    -0.00   0.020  105
   174.90    48.06   179.66     0.00     0.00    -0.00   0.021  106
   174.90    48.06   177.62     0.00     0.00    -0.00   0.020  107
   174.90    49.04   179.66     0.00     0.00    -0.00   0.021  108
   175.88    48.06   177.62     0.00     0.00    -0.00   0.020  109
   175.88    47.08   177.62     0.00     0.00    -0.00   0.021  110
   174.90    48.06   178.64     0.01     0.00    -0.00   0.020  111
   174.90    48.06   177.62     0.01     0.00    -0.00   0.021  112
   174.90    49.04   178.64     0.00     0.00    -0.00   0.020  113
   174.90    48.06   178.64     0.00     0.00    -0.00   0.021  114
   175.88    48.06   178.64     0.00     0.00    -0.00   0.020  115
   176.85    48.06   178.64     0.00     0.00    -0.00   0.020  116
   175.88    48.06   177.62     0.00     0.00    -0.00   0.021  117
   174.90    49.04   178.64     0.00     0.00    -0.00   0.020  118
   175.88    48.06   177.62     0.00     0.00    -0.00   0.021  119
   175.88    48.06   178.64     0.00     0.00    -0.00   0.020  120
   175.88    47.08   178.64     0.01     0.00    -0.00   0.021  121
   175.88    47.08   177.62     0.00     0.00    -0.00   0.020  122
   175.88    48.06   177.62     0.00     0.00    -0.00   0.021  123
   174.90    48.06   179.66     0.00     0.00    -0.00   0.020  124
   173.92    48.06   178.64     0.00     0.00    -0.00   0.021  125
   175.88    47.08   177.62     0.01     0.00    -0.00   0.020  126
   175.88    48.06   179.66     0.01     0.00    -0.00   0.021  127
   175.88    47.08   177.62     0.00     0.00    -0.00   0.020  128
   176.85    48.06   178.64     0.00     0.00    -0.00   0.021  129
   175.88    48.06   178.64     0.00     0.00    -0.00   0.020  130
   175.88    45.12   178.64     0.00     0.00    -0.00   0.021  131
   175.88    47.08   178.64     0.00     0.00    -0.00   0.020  132
   175.88    47.08   178.64     0.00     0.00    -0.00   0.021  133
   175.88    48.06   178.64     0.00     0.00    -0.00   0.020  134
   175.88    48.06   177.62     0.00     0.00    -0.00   0.021  135
   175.88    46.10   179.66     0.00     0.00    -0.00   0.020  136
   175.88    48.06   179.66     0.00     0.00    -0.00   0.021  137
   174.90    48.06   178.64     0.00     0.00    -0.00   0.020  138
   175.88    47.08   178.64     0.00     0.00    -0.00   0.021  139
   174.90    48.06   176.60     0.00     0.00    -0.00   0.020  140
   175.88    47.08   178.64     0.01     0.01    -0.00   0.020  141
   174.90    48.06   177.62     0.00     0.00    -0.00   0.021  142
   175.88    48.06   178.64     0.00     0.00    -0.00   0.020  143
   174.90    49.04   177.62     0.00     0.00    -0.00   0.021  144
   174.90    47.08   179.66     0.00     0.00    -0.00   0.020  145
   176.85    47.08   177.62     0.00     0.00    -0.00   0.021  146
   175.88    47.08   178.64     0.00     0.00    -0.00   0.020  147
   175.88    47.08   178.64     0.00     0.00    -0.00   0.021  148
   175.88    48.06   179.66     0.00     0.00    -0.00   0.020  149
   176.85    47.08   178.64     0.01     0.00    -0.01   0.021  150
   175.88    47.08   178.64     0.01     0.00    -0.01   0.020  151
   175.88    48.06   178.64     0.00     0.00    -0.00   0.021  152
   175.88    47.08   177.62     0.01     0.00    -0.00   0.020  153
   174.90    46.10   178.64     0.00     0.00    -0.00   0.021  154
   175.88    48.06   177.62     0.00     0.00    -0.00   0.020  155
   175.88    47.08   178.64     0.00     0.00    -0.00   0.021  156
   174.90    48.06   177.62     0.00     0.00    -0.00   0.020  157
   175.88    47.08   177.62     0.00     0.00    -0.00   0.021  158
   174.90    49.04   178.64     0.00     0.00    -0.00   0.020  159
   175.88    47.08   177.62     0.01     0.00    -0.00   0.021  160
   174.90    48.06   178.64     0.00     0.00    -0.00   0.020  161
   174.90    47.08   178.64     0.00     0.00    -0.00   0.021  162
   174.90    48.06   178.64     0.00     0.00    -0.00   0.020  163
   174.90    48.06   178.64     0.00     0.00    -0.00   0.021  164
   175.88    48.06   177.62     0.00     0.00    -0.00   0.020  165
   176.85    47.08   177.62     0.00     0.00    -0.00   0.020  166
   175.88    47.08   179.66     0.00     0.00    -0.00   0.021  167
   175.88    47.08   178.64     0.00     0.00    -0.00   0.020  168
   175.88    48.06   178.64     0.00     0.00    -0.00   0.021  169
   174.90    47.08   177.62     0.00     0.00    -0.00   0.020  170
   174.90    47.08   177.62     0.00     0.00    -0.00   0.021  171
   175.88    47.08   178.64     0.00     0.00    -0.00   0.020  172
   175.88    48.06   177.62     0.00     0.00    -0.00   0.021  173
   175.88    47.08   178.64     0.00     0.00    -0.00   0.020  174
   174.90    48.06   178.64     0.00     0.00    -0.00   0.021  175
   175.88    48.06   177.62     0.00     0.00    -0.00   0.020  176
   174.90    48.06   177.62     0.01     0.00    -0.01   0.021  177
   176.85    48.06   177.62     0.01     0.01    -0.00   0.020  178
   175.88    47.08   178.64     0.00     0.00    -0.00   0.021  179
   175.88    47.08   179.66     0.00     0.00    -0.00   0.020  180
   173.92    48.06   179.66     0.00     0.00    -0.00   0.021  181
   175.88    48.06   178.64     0.00     0.01    -0.00   0.020  182
   175.88    48.06   178.64     0.00     0.00    -0.00   0.021  183
   175.88    48.06   177.62     0.00     0.00    -0.00   0.020  184
   175.88    48.06   177.62     0.00     0.00    -0.00   0.021  185
   175.88    48.06   178.64     0.00     0.00    -0.00   0.020  186
   174.90    47.08   177.62     0.01     0.00    -0.00   0.021  187
   175.88    47.08   178.64     0.00     0.00    -0.00   0.020  188
   175.88    48.06   177.62     0.00     0.00    -0.00   0.021  189
   174.90    47.08   178.64     0.00     0.00    -0.00   0.020  190
   174.90    47.08   179.66     0.00     0.00    -0.00   0.020  191
   174.90    48.06   177.62     0.00     0.00    -0.00   0.021  192
   174.90    48.06   177.62     0.00     0.00    -0.00   0.020  193
   175.88    48.06   179.66     0.00     0.00    -0.00   0.021  194
   175.88    48.06   178.64     0.01     0.00    -0.00   0.020  195
   174.90    48.06   178.64     0.00     0.00    -0.01   0.021  196
   175.88    47.08   177.62     0.00     0.00    -0.00   0.020  197
   175.88    48.06   177.62     0.00     0.00    -0.00   0.021  198
   174.90    47.08   177.62     0.00     0.00    -0.00   0.020  199
   174.90    47.08   178.64     0.00     0.00    -0.00   0.021  200
   174.90    47.08   178.64     0.00     0.00    -0.00   0.020  201
   175.88    47.08   179.66     0.01     0.00    -0.00   0.021  202
   175.88    47.08   178.64     0.00     0.00    -0.00   0.020  203
   174.90    47.08   178.64     0.00     0.00    -0.01   0.021  204
   175.88    47.08   177.62     0.00     0.00    -0.00   0.020  205
   176.85    47.08   177.62     0.00     0.00    -0.00   0.021  206
   175.88    48.06   178.64     0.00     0.00    -0.01   0.020  207
   175.88    47.08   176.60     0.00     0.00    -0.00   0.021  208
   174.90    49.04   178.64     0.00     0.00    -0.00   0.020  209
   174.90    48.06   177.62     0.00     0.00    -0.00   0.021  210
   175.88    47.08   177.62     0.01     0.00    -0.00   0.020  211
   175.88    47.08   177.62     0.00     0.00    -0.00   0.021  212
   175.88    47.08   179.66     0.00     0.00    -0.00   0.020  213
   175.88    47.08   178.64     0.01     0.00    -0.00   0.021  214
   175.88    48.06   177.62     0.01     0.00    -0.00   0.020  215
   175.88    48.06   178.64     0.00     0.00    -0.01   0.020  216
   175.88    48.06   179.66     0.00     0.00    -0.00   0.021  217
   174.90    48.06   177.62     0.00     0.00    -0.00   0.020  218
   174.90    48.06   178.64     0.00     0.00    -0.00   0.021  219
   176.85    47.08   178.64     0.00     0.00    -0.00   0.020  220
   176.85    48.06   178.64     0.00     0.00    -0.00   0.021  221
   174.90    48.06   178.64     0.00     0.00    -0.00   0.020  222
   175.88    47.08   178.64     0.00     0.00    -0.00   0.021  223
   176.85    48.06   178.64     0.00     0.00    -0.00   0.020  224
   175.88    47.08   179.66     0.00     0.00    -0.00   0.021  225
   174.90    47.08   177.62     0.00     0.00    -0.00   0.020  226
   173.92    48.06   179.66     0.00     0.00    -0.00   0.021  227
   175.88    48.06   179.66     0.00     0.00    -0.00   0.020  228
   175.88    48.06   179.66     0.00     0.00    -0.00   0.021  229
   175.88    48.06   177.62     0.00     0.00    -0.00   0.020  230
   175.88    48.06   177.62     0.00     0.00    -0.00   0.021  231
   174.90    47.08   176.60     0.01     0.00    -0.00   0.020  232
   175.88    46.10   177.62     0.00     0.00    -0.00   0.021  233
   174.90    47.08   177.62     0.00     0.00    -0.00   0.020  234
   174.90    47.08   178.64     0.00     0.00    -0.00   0.021  235
   174.90    48.06   178.64     0.00     0.00    -0.00   0.020  236
   176.85    47.08   178.64     0.00     0.00    -0.00   0.021  237
   175.88    48.06   178.64     0.00     0.00    -0.00   0.020  238
   175.88    48.06   177.62     0.00     0.00    -0.00   0.021  239
   174.90    48.06   177.62     0.00     0.00    -0.00   0.020  240
   175.88    48.06   178.64     0.01     0.00    -0.00   0.020  241
   175.88    47.08   179.66     0.00     0.00    -0.00   0.021  242
   175.88    47.08   179.66     0.00     0.00    -0.00   0.020  243
   175.88    48.06   178.64     0.00     0.00    -0.00   0.021  244
   175.88    47.08   177.62     0.00     0.00    -0.00   0.020  245
   176.85    47.08   179.66     0.00     0.00    -0.00   0.021  246
   175.88    48.06   177.62     0.00     0.00    -0.00   0.020  247
   175.88    48.06   178.64     0.01     0.00    -0.00   0.021  248
   174.90    48.06   177.62     0.00     0.00    -0.00   0.020  249
   174.90    48.06   177.62     0.01     0.00    -0.00   0.021  250
   176.85    48.06   178.64     0.00     0.00    -0.00   0.020  251
   174.90    48.06   179.66     0.00     0.00    -0.00   0.021  252
   175.88    48.06   177.62     0.00     0.00    -0.00   0.020  253
   174.90    47.08   177.62     0.00     0.00    -0.00   0.021  254
   175.88    49.04   179.66     0.01     0.00    -0.01   0.020  255
   174.90    48.06   177.62     0.00     0.00    -0.01   0.021    0
   174.90    49.04   178.64     0.00     0.00    -0.00   0.020    1
   174.90    48.06   178.64     0.00     0.00    -0.00   0.021    2
   176.85    48.06   179.66     0.00     0.00    -0.00   0.020    3
   175.88    48.06   177.62     0.00     0.00    -0.00   0.021    4
   175.88    48.06   178.64     0.00     0.00    -0.00   0.020    5
   175.88    48.06   178.64     0.00     0.00    -0.00   0.021    6
   175.88    47.08   179.66     0.00     0.00    -0.00   0.020    7
   175.88    47.08   177.62     0.00     0.00    -0.00   0.021    8
   175.88    48.06   177.62     0.00     0.00    -0.00   0.020    9
   174.90    49.04   177.62     0.00     0.00    -0.00   0.020   10
   175.88    48.06   178.64     0.00     0.00    -0.00   0.021   11
   175.88    48.06   178.64     0.01     0.00    -0.00   0.020   12
   174.90    48.06   177.62     0.00     0.00    -0.00   0.021   13
   175.88    48.06   177.62     0.00     0.00    -0.00   0.020   14
   175.88    48.06   177.62     0.00     0.00    -0.00   0.021   15
   174.90    47.08   179.66     0.00     0.00    -0.00   0.020   16
   173.92    48.06   178.64     0.00     0.00    -0.00   0.021   17
   173.92    48.06   176.60     0.00     0.00    -0.00   0.020   18
   175.88    47.08   178.64     0.00     0.00    -0.00   0.021   19
   174.90    48.06   178.64     0.00     0.00    -0.00   0.020   20
   174.90    47.08   177.62     0.00     0.00    -0.00   0.021   21
   174.90    47.08   177.62     0.00     0.00    -0.01   0.020   22
   175.88    47.08   177.62     0.00     0.00    -0.00   0.021   23
   174.90    47.08   178.64     0.00     0.00    -0.00   0.020   24
   175.88    48.06   177.62     0.00     0.00    -0.00   0.021   25
   175.88    48.06   177.62     0.00     0.00    -0.00   0.020   26
   175.88    47.08   178.64     0.00     0.00    -0.00   0.021   27
   175.88    48.06   177.62     0.00     0.00    -0.00   0.020   28
   175.88    48.06   177.62     0.00     0.00    -0.00   0.021   29
   174.90    47.08   178.64     0.00     0.00    -0.00   0.020   30
   174.90    48.06   178.64     0.00     0.00    -0.00   0.021   31
   175.88    47.08   178.64     0.00     0.00    -0.00   0.020   32
   175.88    47.08   177.62     0.00     0.00    -0.00   0.021   33
   175.88    48.06   179.66     0.01     0.00    -0.00   0.020   34
   174.90    47.08   179.66     0.00     0.00    -0.00   0.020   35
   176.85    47.08   178.64     0.00     0.00    -0.00   0.021   36
   174.90    48.06   177.62     0.00     0.00    -0.00   0.020   37
   175.88    47.08   177.62     0.00     0.00    -0.00   0.021   38
   176.85    47.08   178.64     0.00     0.00    -0.00   0.020   39
   175.88    48.06   178.64     0.00     0.00    -0.00   0.021   40
   174.90    47.08   177.62     0.00     0.00    -0.00   0.020   41
   174.90    48.06   178.64     0.00     0.00    -0.00   0.021   42
   174.90    47.08   179.66     0.00     0.00    -0.00   0.020   43
   173.92    48.06   178.64     0.00     0.00    -0.00   0.021   44
   175.88    48.06   179.66     0.00     0.00    -0.00   0.020   45
   174.90    48.06   179.66     0.00     0.00    -0.00   0.021   46
   175.88    48.06   178.64     0.00     0.00    -0.00   0.020   47
   174.90    47.08   178.64     0.00     0.00    -0.00   0.021   48
   174.90    47.08   178.64     0.00     0.00    -0.00   0.020   49
   175.88    48.06   177.62     0.00     0.00    -0.00   0.021   50
   175.88    46.10   177.62     0.00     0.00    -0.00   0.020   51
   174.90    47.08   178.64     0.01     0.00    -0.00   0.021   52
   174.90    47.08   178.64     0.01     0.00    -0.00   0.020   53
   174.90    48.06   178.64     0.00     0.00    -0.00   0.021   54
   173.92    48.06   178.64     0.00     0.00    -0.00   0.020   55
   174.90    49.04   179.66     0.00     0.00    -0.00   0.021   56
   174.90    48.06   178.64     0.00     0.00    -0.00   0.020   57
   174.90    47.08   178.64     0.01     0.00    -0.00   0.021   58
   175.88    46.10   177.62     0.00     0.00    -0.00   0.020   59
   175.88    48.06   179.66     0.00     0.00    -0.00   0.020   60
   174.90    47.08   178.64     0.00     0.00    -0.00   0.021   61
   175.88    48.06   177.62     0.00     0.00    -0.00   0.020   62
   175.88    47.08   178.64     0.00     0.00    -0.01   0.021   63
   174.90    48.06   179.66     0.00     0.00    -0.00   0.020   64
   175.88    47.08   176.60     0.00     0.00    -0.00   0.021   65
   174.90    48.06   177.62     0.00     0.00    -0.00   0.020   66
   176.85    47.08   177.62     0.00     0.00    -0.00   0.021   67
   175.88    48.06   178.64     0.00     0.00    -0.00   0.020   68
   174.90    48.06   179.66     0.00     0.00    -0.00   0.021   69
   174.90    47.08   177.62     0.00     0.00    -0.00   0.020   70
   175.88    47.08   178.64     0.00     0.00    -0.00   0.021   71
   175.88    46.10   178.64     0.00     0.00    -0.00   0.020   72
   174.90    48.06   179.66     0.00     0.00    -0.00   0.021   73
   174.90    47.08   178.64     0.00     0.00    -0.00   0.020   74
   174.90    49.04   178.64     0.00     0.00    -0.00   0.021   75
   174.90    49.04   178.64     0.00     0.00    -0.00   0.020   76
   174.90    47.08   177.62     0.01     0.00    -0.00   0.021   77
   176.85    48.06   179.66     0.01     0.00    -0.00   0.020   78
   175.88    47.08   178.64     0.00     0.00    -0.00   0.021   79
   175.88    48.06   179.66     0.00     0.00    -0.00   0.020   80
   174.90    47.08   178.64     0.00     0.00    -0.00   0.021   81
   175.88    48.06   178.64     0.00     0.00    -0.00   0.020   82
   173.92    48.06   178.64     0.00     0.00    -0.00   0.021   83
   174.90    48.06   178.64     0.00     0.00    -0.00   0.020   84
   174.90    47.08   178.64     0.00     0.00    -0.00   0.020   85
   175.88    48.06   178.64     0.00     0.00    -0.00   0.021   86
   175.88    47.08   178.64     0.01     0.00    -0.00   0.020   87
   174.90    49.04   177.62     0.00     0.00    -0.00   0.021   88
   175.88    47.08   177.62     0.00     0.00    -0.00   0.020   89
   174.90    48.06   178.64     0.00     0.00    -0.00   0.021   90
   174.90    47.08   178.64     0.00     0.00    -0.00   0.020   91
   173.92    49.04   178.64     0.00     0.00    -0.00   0.021   92
   175.88    48.06   178.64     0.00     0.00    -0.00   0.020   93
   175.88    47.08   178.64     0.00     0.00    -0.00   0.021   94
   175.88    47.08   178.64     0.00     0.00    -0.00   0.020   95
   174.90    48.06   178.64     0.00     0.00    -0.00   0.021   96
   175.88    48.06   179.66     0.00     0.00    -0.00   0.020   97
   174.90    49.04   177.62     0.00     0.00    -0.00   0.021   98
   175.88    49.04   179.66     0.00     0.00    -0.00   0.020   99
   175.88    48.06   178.64     0.00     0.00    -0.00   0.021  100
   175.88    47.08   179.66     0.00     0.00    -0.00   0.020  101
   175.88    48.06   177.62     0.00     0.00    -0.01   0.021  102
   175.88    48.06   180.68     0.00     0.00    -0.00   0.020  103
   175.88    48.06   179.66     0.00     0.00    -0.00   0.021  104
   175.88    47.08   178.64     0.01     0.00    -0.00   0.020  105
   174.90    47.08   178.64     0.00     0.00    -0.01   0.021  106
   175.88    48.06   179.66     0.00     0.00    -0.00   0.020  107
   174.90    47.08   179.66     0.00     0.00    -0.01   0.021  108
   175.88    47.08   179.66     0.00     0.00    -0.00   0.020  109
   175.88    48.06   179.66     0.00     0.00    -0.00   0.020  110
   175.88    47.08   178.64     0.00     0.00    -0.00   0.021  111
   175.88    47.08   178.64     0.00     0.00    -0.00   0.020  112
   174.90    48.06   177.62     0.00     0.00    -0.00   0.021  113
   174.90    49.04   179.66     0.00     0.00    -0.00   0.020  114
   174.90    48.06   178.64     0.00     0.00    -0.00   0.021  115
   174.90    48.06   178.64     0.00     0.00    -0.00   0.020  116
   173.92    47.08   178.64     0.01     0.00    -0.00   0.021  117
   175.88    47.08   178.64     0.00     0.00    -0.00   0.020  118
   175.88    47.08   178.64     0.01     0.00    -0.01   0.021  119
   175.88    48.06   177.62     0.00     0.00    -0.00   0.020  120
   176.85    48.06   178.64     0.00     0.00    -0.00   0.021  121
   174.90    49.04   178.64     0.00     0.00    -0.00   0.020  122
   175.88    47.08   179.66     0.00     0.00    -0.00   0.021  123
   175.88    47.08   178.64     0.00     0.00    -0.00   0.020  124
   176.85    47.08   178.64     0.00     0.00    -0.00   0.021  125
   175.88    48.06   179.66     0.00     0.00    -0.00   0.020  126
   175.88    49.04   180.68     0.00     0.00    -0.00   0.021  127
   175.88    48.06   178.64     0.00     0.00    -0.00   0.020  128
   175.88    48.06   178.64     0.00     0.00    -0.00   0.021  129
   176.85    47.08   178.64     0.00     0.00    -0.00   0.020  130
   175.88    49.04   178.64     0.00     0.00    -0.00   0.021  131
   175.88    47.08   178.64     0.00     0.00    -0.00   0.020  132
   175.88    48.06   177.62     0.00     0.00    -0.00   0.021  133
   175.88    47.08   177.62     0.00     0.00    -0.00   0.020  134
   174.90    48.06   178.64     0.00     0.00    -0.00   0.020  135
   175.88    48.06   178.64     0.00     0.00    -0.00   0.021  136
   175.88    47.08   179.66     0.00     0.00    -0.00   0.020  137
   174.90    47.08   178.64     0.00     0.00    -0.00   0.021  138
   175.88    48.06   178.64     0.00     0.00    -0.00   0.020  139
   174.90    47.08   177.62     0.00     0.00    -0.00   0.021  140
   175.88    47.08   179.66     0.00     0.00    -0.00   0.020  141
   176.85    47.08   178.64     0.00     0.00    -0.00   0.021  142
   174.90    48.06   178.64     0.00     0.00    -0.00   0.020  143
   175.88    47.08   178.64     0.00     0.00    -0.00   0.021  144
   175.88    48.06   178.64     0.00     0.00    -0.00   0.020  145
   173.92    48.06   179.66     0.00     0.00    -0.00   0.021  146
   175.88    48.06   177.62     0.00     0.00    -0.00   0.020  147
   174.90    48.06   177.62     0.00     0.00    -0.00   0.021  148
   176.85    48.06   177.62     0.00     0.00    -0.00   0.020  149
   174.90    48.06   178.64     0.00     0.00    -0.00   0.021  150
   174.90    48.06   179.66     0.01     0.00    -0.00   0.020  151
   175.88    47.08   179.66     0.00     0.00    -0.00   0.021  152
   176.85    47.08   177.62     0.00     0.00    -0.00   0.020  153
   175.88    47.08   177.62     0.00     0.00    -0.00   0.021  154
   175.88    47.08   178.64     0.00     0.00    -0.00   0.020  155
   175.88    47.08   178.64     0.01     0.00    -0.00   0.021  156
   175.88    48.06   178.64     0.00     0.00    -0.00   0.020  157
   175.88    47.08   179.66     0.00     0.00    -0.00   0.021  158
   175.88    47.08   177.62     0.01     0.00    -0.00   0.020  159
   175.88    46.10   178.64     0.00     0.00    -0.00   0.020  160
   175.88    46.10   179.66     0.00     0.00    -0.00   0.021  161
   173.92    49.04   178.64     0.01     0.00    -0.00   0.020  162
   175.88    48.06   179.66     0.00     0.00    -0.00   0.021  163
   174.90    48.06   178.64     0.00     0.00    -0.00   0.020  164
   174.90    49.04   179.66     0.00     0.00    -0.00   0.021  165
   176.85    47.08   177.62     0.01     0.00    -0.00   0.020  166
   174.90    48.06   178.64     0.00     0.00    -0.00   0.021  167
   175.88    48.06   179.66     0.00     0.00    -0.00   0.020  168
   176.85    48.06   178.64     0.00     0.00    -0.00   0.021  169
   174.90    49.04   178.64     0.00     0.00    -0.00   0.020  170
   175.88    48.06   178.64     0.00     0.00    -0.01   0.021  171
   175.88    46.10   179.66     0.00     0.00    -0.00   0.020  172
   176.85    48.06   179.66     0.00     0.00    -0.01   0.021  173
   175.88    48.06   178.64     0.00     0.00    -0.00   0.020  174
   175.88    47.08   179.66     0.00     0.00    -0.00   0.021  175
   175.88    47.08   179.66     0.00     0.00    -0.00   0.020  176
   176.85    47.08   179.66     0.00     0.00    -0.00   0.021  177
   175.88    48.06   179.66     0.00     0.00    -0.01   0.020  178
   174.90    48.06   178.64     0.00     0.00    -0.00   0.021  179
   173.92    49.04   178.64     0.00     0.00    -0.00   0.020  180
   174.90    47.08   178.64     0.00     0.00    -0.00   0.021  181
   175.88    47.08   178.64     0.00     0.00    -0.00   0.020  182
   174.90    47.08   177.62     0.01     0.00    -0.01   0.021  183
   176.85    48.06   179.66     0.00     0.00    -0.00   0.020  184
   174.90    47.08   178.64     0.00     0.00    -0.00   0.020  185
   174.90    46.10   178.64     0.00     0.00    -0.00   0.021  186
   175.88    48.06   178.64     0.00     0.00    -0.01   0.020  187
   174.90    49.04   178.64     0.00     0.00    -0.00   0.021  188
   175.88    47.08   179.66     0.00     0.00    -0.00   0.020  189
   175.88    48.06   178.64     0.00     0.00    -0.01   0.021  190
   175.88    48.06   177.62     0.00     0.00    -0.00   0.020  191
   175.88    47.08   179.66     0.00     0.00    -0.01   0.021  192
   175.88    47.08   178.64     0.00     0.00    -0.00   0.020  193
   175.88    47.08   179.66     0.00     0.00    -0.01   0.021  194
   174.90    48.06   179.66     0.00     0.00    -0.01   0.020  195
   174.90    47.08   179.66     0.00     0.00    -0.00   0.021  196
   176.85    48.06   177.62     0.01     0.00    -0.00   0.020  197
   173.92    48.06   179.66     0.01     0.00    -0.01   0.021  198
   175.88    47.08   177.62     0.01     0.00    -0.01   0.020  199
   175.88    47.08   176.60     0.01     0.00    -0.01   0.021  200
   173.92    50.02   178.64     0.00     0.00    -0.00   0.020  201
   174.90    49.04   177.62     0.01     0.00    -0.01   0.021  202
   175.88    48.06   177.62     0.00     0.00    -0.00   0.020  203
   174.90    48.06   179.66     0.00     0.00    -0.00   0.021  204
   174.90    48.06   177.62     0.00     0.00    -0.00   0.020  205
   175.88    47.08   179.66     0.00     0.00    -0.00   0.021  206
   174.90    47.08   178.64     0.01     0.00    -0.01   0.020  207
   175.88    48.06   177.62     0.00     0.00    -0.00   0.021  208
   174.90    48.06   177.62     0.00     0.00    -0.00   0.020  209
   174.90    49.04   178.64     0.00     0.00    -0.00   0.020  210
   174.90    48.06   177.62     0.00     0.00    -0.00   0.021  211
   174.90    49.04   178.64     0.00     0.00    -0.00   0.020  212
   174.90    49.04   179.66     0.00     0.00    -0.00   0.021  213
   175.88    49.04   178.64     0.00     0.00    -0.00   0.020  214
   174.90    48.06   178.64     0.00     0.00    -0.00   0.021  215
   175.88    47.08   179.66     0.00     0.00    -0.00   0.020  216
   174.90    48.06   178.64     0.00     0.00    -0.00   0.021  217
   175.88    48.06   178.64     0.00     0.00    -0.00   0.020  218
   174.90    47.08   178.64     0.00     0.00    -0.00   0.021  219
   174.90    48.06   178.64     0.00     0.00    -0.00   0.020  220
   175.88    48.06   178.64     0.00     0.00    -0.00   0.021  221
   174.90    48.06   177.62     0.00     0.00    -0.00   0.020  222
   175.88    49.04   179.66     0.00     0.00    -0.00   0.021  223
   175.88    47.08   179.66     0.00     0.00    -0.00   0.020  224
   174.90    48.06   178.64     0.00     0.00    -0.00   0.021  225
   174.90    47.08   177.62     0.00     0.00    -0.00   0.020  226
   175.88    47.08   177.62     0.00     0.00    -0.00   0.021  227
   174.90    48.06   178.64     0.00     0.00    -0.00   0.020  228
   174.90    48.06   177.62     0.00     0.00    -0.01   0.021  229
   173.92    48.06   178.64     0.00     0.00    -0.01   0.020  230
   174.90    49.04   179.66     0.00     0.00    -0.00   0.021  231
   174.90    48.06   179.66     0.00     0.00    -0.00   0.020  232
   174.90    47.08   177.62     0.00     0.00    -0.00   0.021  233
   174.90    48.06   177.62     0.00     0.00    -0.00   0.020  234
   174.90    49.04   177.62     0.00     0.00    -0.00   0.020  235
   174.90    48.06   177.62     0.00     0.00    -0.00   0.021  236
   174.90    47.08   177.62     0.00     0.00    -0.00   0.020  237
   175.88    47.08   180.68     0.00     0.00    -0.00   0.021  238
   174.90    48.06   179.66     0.00     0.00    -0.00   0.020  239
   174.90    48.06   179.66     0.00     0.00    -0.00   0.021  240
   175.88    49.04   178.64     0.01     0.00    -0.00   0.020  241
   174.90    48.06   178.64     0.00     0.00    -0.00   0.021  242
   174.90    48.06   177.62     0.00     0.00    -0.00   0.020  243
   174.90    48.06   177.62     0.00     0.00    -0.00   0.021  244
   174.90    48.06   177.62     0.00     0.00    -0.00   0.020  245
   176.85    47.08   178.64     0.00     0.00    -0.00   0.021  246
   175.88    48.06   178.64     0.00     0.00    -0.00   0.020  247
   175.88    47.08   177.62     0.00     0.00    -0.00   0.021  248
   174.90    47.08   178.64     0.00     0.00    -0.00   0.020  249
   174.90    48.06   179.66     0.00     0.00    -0.00   0.021  250
   174.90    47.08   177.62     0.01     0.00    -0.00   0.020  251
   174.90    48.06   177.62     0.00     0.00    -0.00   0.021  252
   174.90    48.06   177.62     0.00     0.00    -0.00   0.020  253
   174.90    48.06   178.64     0.00     0.00    -0.00   0.021  254
   174.90    49.04   178.64     0.00     0.00    -0.00   0.020  255
   174.90    47.08   178.64     0.00     0.00    -0.00   0.021    0
   174.90    49.04   178.64     0.00     0.00    -0.00   0.020    1
   175.88    47.08   178.64     0.00     0.00    -0.00   0.021    2
   175.88    48.06   178.64     0.00     0.00    -0.00   0.020    3
   174.90    48.06   179.66     0.01     0.00    -0.00   0.020    4
   174.90    47.08   178.64     0.00     0.00    -0.00   0.021    5
   173.92    48.06   178.64     0.00     0.00    -0.00   0.020    6
   174.90    49.04   179.66     0.00     0.00    -0.00   0.021    7
   174.90    49.04   178.64     0.00     0.00    -0.00   0.020    8
   175.88    48.06   179.66     0.00     0.00    -0.00   0.021    9
   173.92    48.06   178.64     0.00     0.00    -0.00   0.020   10
   173.92    48.06   178.64     0.00     0.00    -0.00   0.021   11
   174.90    48.06   178.64     0.00     0.00    -0.00   0.020   12
   173.92    49.04   177.62     0.00     0.00    -0.00   0.021   13
   174.90    48.06   177.62     0.00     0.00    -0.00   0.020   14
   174.90    48.06   178.64     0.00     0.00    -0.00   0.021   15
   174.90    48.06   178.64     0.00     0.00    -0.00   0.020   16
   174.90    47.08   178.64     0.00     0.00    -0.00   0.021   17
   174.90    48.06   177.62     0.00     0.00    -0.00   0.020   18
   174.90    48.06   177.62     0.01     0.00    -0.00   0.021   19
   174.90    48.06   177.62     0.00     0.00    -0.00   0.020   20
   174.90    48.06   178.64     0.00     0.00    -0.01   0.021   21
   173.92    48.06   179.66     0.00     0.00    -0.00   0.020   22
   174.90    47.08   178.64     0.01     0.00    -0.00   0.021   23
   174.90    49.04   177.62     0.00     0.00    -0.00   0.020   24
   174.90    47.08   178.64     0.00     0.00    -0.00   0.021   25
   175.88    48.06   179.66     0.00     0.00    -0.00   0.020   26
   174.90    46.10   179.66     0.00     0.00    -0.00   0.021   27
   174.90    48.06   178.64     0.00     0.00    -0.00   0.020   28
   174.90    47.08   178.64     0.00     0.00    -0.00   0.020   29
   174.90    48.06   178.64     0.00     0.00    -0.00   0.021   30
   173.92    48.06   178.64     0.01     0.00    -0.00   0.020   31
   174.90    48.06   177.62     0.00     0.00    -0.00   0.021   32
   174.90    49.04   178.64     0.01     0.00    -0.00   0.020   33
   174.90    48.06   178.64     0.00     0.00    -0.00   0.021   34
   174.90    48.06   178.64     0.00     0.00    -0.00   0.020   35
   175.88    47.08   179.66     0.00     0.00    -0.00   0.021   36
   175.88    47.08   178.64     0.00     0.00    -0.00   0.020   37
   175.88    47.08   177.62     0.00     0.00    -0.00   0.021   38
   173.92    47.08   178.64     0.00     0.00    -0.00   0.020   39
   174.90    47.08   178.64     0.00     0.00    -0.00   0.021   40
   174.90    48.06   179.66     0.00     0.00    -0.00   0.020   41
   174.90    48.06   178.64     0.00     0.00    -0.00   0.021   42
   173.92    48.06   178.64     0.00     0.00    -0.00   0.020   43
   174.90    49.04   178.64     0.00     0.00    -0.00   0.021   44
   173.92    48.06   178.64     0.00     0.00    -0.00   0.020   45
   175.88    47.08   179.66     0.00     0.00    -0.00   0.021   46
   173.92    48.06   179.66     0.00     0.00    -0.00   0.020   47
   174.90    48.06   178.64     0.00     0.00    -0.00   0.021   48
   174.90    48.06   177.62     0.01     0.00    -0.00   0.020   49
   175.88    48.06   178.64     0.01     0.00    -0.00   0.021   50
   175.88    48.06   179.66     0.00     0.00    -0.00   0.020   51
   174.90    48.06   178.64     0.00     0.00    -0.00   0.021   52
   174.90    48.06   178.64     0.00     0.00    -0.00   0.020   53
   173.92    48.06   178.64     0.00     0.00    -0.00   0.020   54
   175.88    48.06   178.64     0.00     0.00    -0.00   0.021   55
   173.92    48.06   178.64     0.00     0.00    -0.00   0.020   56
   173.92    48.06   178.64     0.00     0.00    -0.00   0.021   57
   173.92    47.08   178.64     0.00     0.00    -0.00   0.020   58
   174.90    48.06   177.62     0.00     0.00    -0.00   0.021   59
   174.90    47.08   180.68     0.00     0.00    -0.00   0.020   60
   174.90    48.06   177.62     0.00     0.00    -0.00   0.021   61
   174.90    48.06   179.66     0.00     0.00    -0.00   0.020   62
   173.92    48.06   179.66     0.00     0.00    -0.00   0.021   63
   175.88    47.08   178.64     0.00     0.00    -0.00   0.020   64
   173.92    48.06   178.64     0.00     0.00    -0.00   0.021   65
   176.85    46.10   179.66     0.00     0.00    -0.00   0.020   66
   175.88    47.08   179.66     0.00     0.00    -0.00   0.021   67
   174.90    48.06   178.64     0.00     0.00    -0.00   0.020   68
   174.90    48.06   177.62     0.00     0.00    -0.00   0.021   69
   174.90    48.06   177.62     0.00     0.00    -0.00   0.020   70
   176.85    48.06   178.64     0.00     0.00    -0.00   0.021   71
   174.90    47.08   179.66     0.01     0.00    -0.00   0.020   72
   175.88    49.04   179.66     0.01     0.00    -0.00   0.021   73
   174.90    47.08   177.62     0.00     0.00    -0.00   0.020   74
   175.88    49.04   179.66     0.00     0.00    -0.00   0.021   75
   173.92    48.06   178.64     0.00     0.00    -0.00   0.020   76
   175.88    48.06   179.66     0.01     0.00    -0.00   0.021   77
   175.88    48.06   178.64     0.00     0.00    -0.00   0.020   78
   174.90    49.04   178.64     0.00     0.00    -0.00   0.020   79
   175.88    47.08   180.68     0.00     0.00    -0.00   0.021   80
   174.90    49.04   179.66     0.00     0.00    -0.00   0.020   81
   175.88    47.08   179.66     0.00     0.00    -0.00   0.021   82
   174.90    47.08   179.66     0.01     0.00    -0.00   0.020   83
   173.92    48.06   179.66     0.00     0.00    -0.00   0.021   84
   173.92    47.08   177.62     0.01     0.00    -0.00   0.020   85
   174.90    47.08   178.64     0.00     0.00    -0.00   0.021   86
   173.92    49.04   178.64     0.00     0.00    -0.00   0.020   87
   174.90    48.06   179.66     0.00     0.00    -0.00   0.021   88
   174.90    47.08   180.68     0.00     0.00    -0.00   0.020   89
   174.90    48.06   178.64     0.00     0.00    -0.00   0.021   90
   173.92    48.06   178.64     0.00     0.00    -0.00   0.020   91
   174.90    48.06   179.66     0.00     0.00    -0.00   0.021   92
   173.92    47.08   178.64     0.00     0.00    -0.00   0.020   93
   174.90    48.06   178.64     0.00     0.00    -0.00   0.021   94
   175.88    47.08   178.64     0.00     0.00    -0.00   0.020   95
   174.90    47.08   178.64     0.00     0.00    -0.00   0.021   96
   173.92    47.08   179.66     0.00     0.00    -0.00   0.020   97
   174.90    48.06   178.64     0.00     0.00    -0.00   0.021   98
   174.90    48.06   178.64     0.00     0.00    -0.00   0.020   99
   174.90    49.04   178.64     0.01     0.00    -0.01   0.021  100
   174.90    48.06   178.64     0.01     0.00    -0.00   0.020  101
   174.90    49.04   179.66     0.00     0.00    -0.00   0.021  102
   175.88    47.08   179.66     0.00     0.00    -0.00   0.020  103
   175.88    47.08   178.64     0.00     0.01    -0.00   0.020  104
   174.90    47.08   177.62     0.00     0.00    -0.00   0.021  105
   174.90    48.06   178.64     0.00     0.00    -0.00   0.020  106
   174.90    47.08   178.64     0.00     0.00    -0.01   0.021  107
   174.90    49.04   179.66     0.00     0.00    -0.00   0.020  108
   175.88    47.08   179.66     0.00     0.00    -0.00   0.021  109
   174.90    48.06   179.66     0.00     0.00    -0.00   0.020  110
   175.88    48.06   177.62     0.00     0.00    -0.00   0.021  111
   175.88    49.04   178.64     0.00     0.00    -0.00   0.020  112
   174.90    48.06   178.64     0.00     0.00    -0.00   0.021  113
   175.88    47.08   177.62     0.01     0.00    -0.00   0.020  114
   174.90    47.08   178.64     0.00     0.00    -0.00   0.021  115
   173.92    48.06   178.64     0.00     0.00    -0.00   0.020  116
   174.90    48.06   179.66     0.00     0.00    -0.00   0.021  117
   174.90    47.08   178.64     0.00     0.00    -0.00   0.020  118
   174.90    47.08   178.64     0.00     0.00    -0.00   0.021  119
   174.90    47.08   177.62     0.00     0.00    -0.00   0.020  120
   175.88    47.08   178.64     0.00     0.00    -0.00   0.021  121
   175.88    48.06   177.62     0.00     0.00    -0.00   0.020  122
   174.90    48.06   179.66     0.00     0.00    -0.00   0.021  123
   174.90    48.06   178.64     0.00     0.00    -0.00   0.020  124
   174.90    48.06   179.66     0.00     0.00    -0.00   0.021  125
   174.90    48.06   177.62     0.01     0.00    -0.00   0.020  126
   174.90    47.08   179.66     0.00     0.00    -0.00   0.021  127
   174.90    46.10   178.64     0.00     0.00    -0.00   0.020  128
   174.90    47.08   178.64     0.00     0.00    -0.00   0.020  129
   174.90    47.08   178.64     0.00     0.00    -0.00   0.021  130
   174.90    49.04   178.64     0.00     0.00    -0.00   0.020  131
   174.90    47.08   178.64     0.00     0.00    -0.00   0.021  132
   174.90    48.06   178.64     0.00     0.00    -0.00   0.020  133
   175.88    47.08   179.66     0.00     0.00    -0.00   0.021  134
   175.88    48.06   179.66     0.00     0.00    -0.00   0.020  135
   174.90    48.06   179.66     0.00     0.00    -0.00   0.021  136
   174.90    48.06   178.64     0.00     0.00    -0.00   0.020  137
   174.90    48.06   178.64     0.00     0.00    -0.00   0.021  138
   175.88    48.06   178.64     0.00     0.00    -0.00   0.020  139
   174.90    47.08   178.64     0.00     0.00    -0.00   0.021  140
   175.88    47.08   177.62     0.00     0.00    -0.00   0.020  141
   174.90    48.06   178.64     0.00     0.00    -0.00   0.021  142
   174.90    49.04   177.62     0.00     0.00    -0.00   0.020  143
   174.90    48.06   179.66     0.00     0.01    -0.00   0.021  144
   174.90    48.06   178.64     0.00     0.01    -0.00   0.020  145
   174.90    48.06   178.64     0.00     0.00    -0.00   0.021  146
   174.90    47.08   177.62     0.00     0.00    -0.00   0.020  147
   174.90    49.04   178.64     0.00     0.00    -0.00   0.021  148
   174.90    48.06   178.64     0.00     0.00    -0.00   0.020  149
   175.88    48.06   178.64     0.00     0.00    -0.00   0.021  150
   175.88    47.08   177.62     0.00     0.00    -0.00   0.020  151
   174.90    48.06   179.66     0.00     0.00    -0.00   0.021  152
   174.90    49.04   179.66     0.00     0.00    -0.00   0.020  153
   174.90    49.04   180.68     0.01     0.00    -0.00   0.020  154
   175.88    47.08   179.66     0.00     0.00    -0.00   0.021  155
   174.90    48.06   179.66     0.00     0.00    -0.00   0.020  156
   174.90    47.08   178.64     0.00     0.00    -0.00   0.021  157
   174.90    48.06   178.64     0.00     0.00    -0.00   0.020  158
   174.90    47.08   179.66     0.01     0.00    -0.00   0.021  159
   175.88    48.06   179.66     0.00     0.00    -0.00   0.020  160
   175.88    48.06   178.64     0.00     0.00    -0.00   0.021  161
   174.90    48.06   180.68     0.00     0.00    -0.00   0.020  162
   175.88    46.10   179.66     0.00     0.00    -0.00   0.021  163
   174.90    47.08   178.64     0.00     0.00    -0.00   0.020  164
   175.88    48.06   180.68     0.00     0.00    -0.00   0.021  165
   174.90    48.06   179.66     0.00     0.00    -0.00   0.020  166
   174.90    47.08   178.64     0.00     0.00    -0.00   0.021  167
   174.90    48.06   178.64     0.00     0.00    -0.00   0.020  168
   175.88    48.06   180.68     0.00     0.00    -0.00   0.021  169
   175.88    48.06   178.64     0.00     0.00    -0.00   0.020  170
   174.90    49.04   180.68     0.00     0.00    -0.00   0.021  171
   174.90    47.08   178.64     0.00     0.00    -0.00   0.020  172
   174.90    48.06   178.64     0.00     0.00    -0.01   0.021  173
   173.92    48.06   178.64     0.00     0.00    -0.00   0.020  174
   174.90    48.06   178.64     0.01     0.00    -0.00   0.021  175
   175.88    46.10   177.62     0.01     0.00    -0.00   0.020  176
   175.88    47.08   177.62     0.01     0.00    -0.00   0.021  177
   175.88    48.06   178.64     0.00     0.00    -0.00   0.020  178
   173.92    47.08   178.64     0.00     0.00    -0.00   0.020  179
   175.88    48.06   179.66     0.00     0.00    -0.00   0.021  180
   173.92    48.06   179.66     0.01     0.00    -0.01   0.020  181
   175.88    48.06   179.66     0.01     0.00    -0.01   0.021  182
   176.85    47.08   178.64     0.00     0.00    -0.00   0.020  183
   175.88    48.06   178.64     0.00     0.00    -0.00   0.021  184
   173.92    48.06   178.64     0.00     0.00    -0.00   0.020  185
   173.92    49.04   178.64     0.00     0.00    -0.00   0.021  186
   175.88    47.08   179.66     0.00     0.00    -0.00   0.020  187
   174.90    48.06   177.62     0.00     0.00    -0.00   0.021  188
   173.92    49.04   179.66     0.00     0.00    -0.00   0.020  189
   175.88    48.06   177.62     0.00     0.00    -0.00   0.021  190
   175.88    47.08   178.64     0.00     0.00    -0.00   0.020  191
   174.90    48.06   178.64     0.00     0.00    -0.00   0.021  192
   174.90    48.06   179.66     0.00     0.00    -0.00   0.020  193
   175.88    48.06   178.64     0.00     0.00    -0.00   0.021  194
   175.88    48.06   180.68     0.00     0.00    -0.00   0.020  195
   173.92    49.04   179.66     0.00     0.00    -0.00   0.021  196
   176.85    47.08   178.64     0.01     0.00    -0.00   0.020  197
   174.90    48.06   178.64     0.00     0.00    -0.00   0.021  198
   173.92    47.08   178.64     0.00     0.00    -0.00   0.020  199
   174.90    47.08   179.66     0.00     0.00    -0.00   0.021  200
   175.88    47.08   178.64     0.01     0.00    -0.00   0.020  201
   174.90    48.06   178.64     0.00     0.00    -0.00   0.021  202
   174.90    47.08   179.66     0.00     0.00    -0.00   0.020  203
   175.88    47.08   177.62     0.00     0.00    -0.00   0.020  204
   174.90    47.08   178.64     0.00     0.00    -0.00   0.021  205
   173.92    48.06   177.62     0.00     0.00    -0.00   0.020  206
   174.90    48.06   179.66     0.00     0.00    -0.00   0.021  207
   175.88    48.06   178.64     0.00     0.00    -0.00   0.020  208
   174.90    47.08   177.62     0.00     0.00    -0.00   0.021  209
   175.88    48.06   178.64     0.00     0.00    -0.00   0.020  210
   173.92    47.08   178.64     0.00     0.00    -0.00   0.021  211
   174.90    48.06   178.64     0.00     0.00    -0.00   0.020  212
   174.90    49.04   178.64     0.00     0.00    -0.00   0.021  213
   174.90    49.04   178.64     0.00     0.00    -0.00   0.020  214
   174.90    49.04   180.68     0.00     0.00    -0.00   0.021  215
   175.88    48.06   178.64     0.00     0.00    -0.00   0.020  216
   175.88    48.06   180.68     0.00     0.00    -0.00   0.021  217
   174.90    48.06   178.64     0.00     0.00    -0.00   0.020  218
   176.85    47.08   179.66     0.00     0.00    -0.00   0.021  219
   174.90    47.08   179.66     0.00     0.00    -0.00   0.020  220
   173.92    47.08   177.62     0.00     0.00    -0.00   0.021  221
   174.90    48.06   179.66     0.01     0.00    -0.00   0.020  222
   175.88    48.06   177.62     0.00     0.00    -0.00   0.021  223
   174.90    48.06   179.66     0.00     0.00    -0.00   0.020  224
   174.90    47.08   178.64     0.00     0.00    -0.00   0.021  225
   174.90    47.08   177.62     0.01     0.00    -0.01   0.020  226
   173.92    47.08   177.62     0.01     0.00    -0.01   0.021  227
   174.90    47.08   177.62     0.00     0.00    -0.00   0.020  228
   173.92    47.08   178.64     0.00     0.00    -0.00   0.020  229
   174.90    48.06   179.66     0.00     0.00    -0.00   0.021  230
   174.90    48.06   178.64     0.00     0.00    -0.00   0.020  231
   175.88    48.06   178.64     0.00     0.00    -0.00   0.021  232
   176.85    47.08   179.66     0.00     0.00    -0.00   0.020  233
   175.88    46.10   178.64     0.00     0.00    -0.00   0.021  234
   174.90    47.08   178.64     0.00     0.00    -0.00   0.020  235
   174.90    47.08   178.64     0.00     0.00    -0.00   0.021  236
   175.88    48.06   178.64     0.01     0.00    -0.00   0.020  237
   174.90    48.06   179.66     0.00     0.00    -0.00   0.021  238
   174.90    47.08   179.66     0.00     0.00    -0.00   0.020  239
   175.88    47.08   178.64     0.00     0.00    -0.00   0.021  240
   174.90    48.06   178.64     0.00     0.00    -0.00   0.020  241
   173.92    49.04   178.64     0.00     0.00    -0.00   0.021  242
   176.85    47.08   178.64     0.00     0.00    -0.00   0.020  243
   173.92    49.04   178.64     0.00     0.00    -0.00   0.021  244
   175.88    47.08   179.66     0.00     0.00    -0.00   0.020  245
   174.90    47.08   180.68     0.00     0.00    -0.00   0.021  246
   174.90    48.06   178.64     0.00     0.00    -0.00   0.020  247
   175.88    47.08   178.64     0.00     0.00    -0.00   0.021  248
   174.90    47.08   178.64     0.00     0.00    -0.00   0.020  249
   174.90    48.06   178.64     0.00     0.00    -0.00   0.021  250
   174.90    48.06   178.64     0.00     0.00    -0.00   0.020  251
   175.88    48.06   179.66     0.00     0.00    -0.00   0.021  252
   175.88    47.08   179.66     0.00     0.00    -0.00   0.020  253
   175.88    46.10   179.66     0.00     0.00    -0.00   0.020  254
   174.90    47.08   177.62     0.00     0.00    -0.00   0.021  255
   175.88    47.08   178.64     0.00     0.00    -0.00   0.020    0
   175.88    47.08   177.62     0.00     0.00    -0.00   0.021    1
   174.90    47.08   179.66     0.00     0.00    -0.00   0.020    2
   174.90    48.06   177.62     0.00     0.00    -0.00   0.021    3
   175.88    48.06   178.64     0.00     0.00    -0.00   0.020    4
   174.90    47.08   179.66     0.00     0.00    -0.00   0.021    5
   174.90    47.08   178.64     0.01     0.00    -0.00   0.020    6
   173.92    46.10   178.64     0.01     0.00    -0.00   0.021    7
   175.88    48.06   179.66     0.00     0.00    -0.00   0.020    8
   174.90    47.08   178.64     0.00     0.00    -0.00   0.021    9
   174.90    47.08   178.64     0.01     0.00    -0.01   0.020   10
   174.90    48.06   178.64     0.01     0.00    -0.01   0.021   11
   174.90    48.06   178.64     0.00     0.00    -0.00   0.020   12
   175.88    48.06   178.64     0.01     0.00    -0.01   0.021   13
   175.88    48.06   178.64     0.01     0.00    -0.00   0.020   14
   174.90    47.08   179.66     0.00     0.00    -0.01   0.021   15
   175.88    48.06   177.62     0.00     0.00    -0.00   0.020   16
   174.90    47.08   178.64     0.00     0.00    -0.00   0.021   17
   174.90    47.08   178.64     0.00     0.00    -0.00   0.020   18
   175.88    48.06   179.66     0.00     0.00    -0.00   0.021   19
   174.90    48.06   177.62     0.00     0.00    -0.00   0.020   20
   174.90    48.06   178.64     0.00     0.00    -0.00   0.021   21
   175.88    48.06   178.64     0.00     0.00    -0.00   0.020   22
   175.88    47.08   178.64     0.00     0.00    -0.00   0.020   23
   173.92    48.06   178.64     0.00     0.00    -0.00   0.021   24
   174.90    48.06   178.64     0.00     0.00    -0.00   0.020   25
   174.90    48.06   177.62     0.00     0.00    -0.00   0.021   26
   174.90    47.08   179.66     0.00     0.00    -0.00   0.020   27
   174.90    48.06   179.66     0.00     0.00    -0.00   0.021   28
   174.90    48.06   179.66     0.00     0.00    -0.00   0.020   29
   173.92    49.04   178.64     0.00     0.00    -0.00   0.021   30
   174.90    48.06   178.64     0.00     0.00    -0.00   0.020   31
   175.88    47.08   179.66     0.00     0.00    -0.00   0.021   32
   175.88    47.08   178.64     0.00     0.00    -0.00   0.020   33
   174.90    47.08   177.62     0.00     0.00    -0.00   0.021   34
   175.88    49.04   178.64     0.00     0.00     0.00   0.020   35
   175.88    47.08   178.64     0.00     0.00    -0.00   0.021   36
   175.88    47.08   179.66     0.00     0.00    -0.00   0.020   37
   174.90    47.08   178.64     0.01     0.00    -0.00   0.021   38
   174.90    48.06   177.62     0.01     0.00    -0.00   0.020   39
   174.90    49.04   178.64     0.01     0.00    -0.00   0.021   40
   175.88    47.08   178.64     0.01     0.00    -0.00   0.020   41
   174.90    48.06   177.62     0.01     0.00    -0.00   0.021   42
   174.90    48.06   178.64     0.01     0.00    -0.00   0.020   43
   175.88    47.08   179.66     0.00     0.00    -0.00   0.021   44
   174.90    47.08   178.64     0.01     0.00    -0.00   0.020   45
   173.92    49.04   177.62     0.00     0.00    -0.00   0.021   46
   176.85    47.08   180.68     0.00     0.00    -0.00   0.020   47
   173.92    48.06   178.64     0.00     0.00    -0.00   0.020   48
   174.90    46.10   177.62     0.00     0.00    -0.00   0.021   49
   174.90    47.08   178.64     0.00     0.00    -0.00   0.020   50
   174.90    49.04   177.62     0.00     0.00    -0.00   0.021   51
   174.90    48.06   178.64     0.00     0.00    -0.00   0.020   52
   174.90    48.06   177.62     0.00     0.00    -0.00   0.021   53
   175.88    48.06   179.66     0.00     0.00    -0.00   0.020   54
   174.90    48.06   177.62     0.00     0.00    -0.00   0.021   55
   175.88    48.06   178.64     0.00     0.00    -0.00   0.020   56
   175.88    46.10   178.64     0.00     0.00    -0.00   0.021   57
   175.88    47.08   179.66     0.00     0.00    -0.00   0.020   58
   175.88    47.08   179.66     0.01     0.00    -0.00   0.021   59
   174.90    47.08   177.62     0.01     0.00    -0.00   0.020   60
   175.88    47.08   178.64     0.00     0.00    -0.00   0.021   61
   173.92    47.08   178.64     0.00     0.00    -0.00   0.020   62
   174.90    48.06   178.64     0.00     0.00    -0.00   0.021   63
   174.90    48.06   178.64     0.00     0.00    -0.00   0.020   64
   174.90    48.06   178.64     0.00     0.01    -0.00   0.021   65
   174.90    48.06   178.64     0.00     0.00    -0.00   0.020   66
   173.92    47.08   179.66     0.00     0.00    -0.00   0.021   67
   174.90    47.08   178.64     0.00     0.00    -0.00   0.020   68
   174.90    47.08   178.64     0.00     0.00     0.00   0.021   69
   175.88    47.08   178.64     0.00     0.00     0.00   0.020   70
   174.90    47.08   178.64    -0.00     0.00     0.00   0.021   71
   174.90    47.08   180.68     0.00     0.00    -0.00   0.020   72
   174.90    47.08   179.66     0.00     0.00    -0.00   0.020   73
   175.88    46.10   178.64     0.00     0.00    -0.00   0.021   74
   175.88    47.08   179.66     0.00     0.00    -0.00   0.020   75
   174.90    47.08   177.62     0.00     0.00    -0.00   0.021   76
   174.90    47.08   178.64     0.00     0.00    -0.00   0.020   77
   173.92    47.08   177.62     0.00     0.00    -0.00   0.021   78
   176.85    47.08   178.64     0.00     0.00    -0.00   0.020   79
   175.88    47.08   177.62     0.00     0.00    -0.00   0.021   80
   174.90    47.08   179.66     0.00     0.00    -0.00   0.020   81
   175.88    47.08   179.66     0.00     0.00    -0.01   0.021   82
   175.88    47.08   179.66     0.00     0.00    -0.00   0.020   83
   174.90    47.08   177.62     0.00     0.00    -0.00   0.021   84
   174.90    47.08   178.64     0.00     0.00    -0.01   0.020   85
   174.90    47.08   178.64     0.00     0.01    -0.00   0.021   86
   175.88    47.08   178.64     0.00     0.00    -0.01   0.020   87
   173.92    48.06   178.64     0.00     0.00    -0.01   0.021   88
   175.88    47.08   177.62     0.00     0.00    -0.01   0.020   89
   175.88    48.06   178.64     0.00     0.00    -0.00   0.021   90
   174.90    46.10   178.64     0.00     0.00    -0.00   0.020   91
   174.90    47.08   177.62     0.00     0.00    -0.00   0.021   92
   173.92    48.06   177.62     0.00     0.00    -0.00   0.020   93
   174.90    48.06   179.66     0.00     0.00    -0.00   0.021   94
   174.90    47.08   177.62     0.00     0.00    -0.00   0.020   95
   175.88    47.08   178.64     0.00     0.00    -0.00   0.021   96
   175.88    46.10   178.64     0.01     0.00    -0.01   0.020   97
   175.88    47.08   179.66     0.01     0.00    -0.01   0.020   98
   175.88    48.06   178.64     0.01     0.00    -0.01   0.021   99
   173.92    46.10   178.64     0.01     0.00    -0.01   0.020  100
   174.90    48.06   178.64     0.01     0.00    -0.01   0.021  101
   173.92    48.06   178.64     0.01     0.00    -0.01   0.020  102
   175.88    48.06   179.66     0.01     0.00    -0.01   0.021  103
   173.92    48.06   178.64     0.01     0.00    -0.01   0.020  104
   175.88    47.08   178.64     0.01     0.00    -0.01   0.021  105
   173.92    48.06   177.62     0.01     0.00    -0.01   0.020  106
   174.90    48.06   178.64     0.00     0.00    -0.00   0.021  107
   174.90    47.08   176.60     0.00     0.00    -0.00   0.020  108
   175.88    48.06   178.64     0.00     0.00     0.00   0.021  109
   174.90    48.06   178.64    -0.00     0.00     0.00   0.020  110
   174.90    47.08   177.62     0.00     0.00     0.00   0.021  111
   174.90    48.06   178.64     0.00     0.00     0.00   0.020  112
   174.90    47.08   177.62     0.00     0.00     0.00   0.021  113
   174.90    48.06   178.64     0.00     0.00    -0.00   0.020  114
   174.90    47.08   180.68     0.00     0.00    -0.00   0.021  115
   174.90    46.10   179.66     0.00     0.00    -0.00   0.020  116
   174.90    46.10   178.64     0.00     0.00    -0.00   0.021  117
   174.90    47.08   177.62     0.00     0.00    -0.00   0.020  118
   175.88    47.08   177.62     0.01     0.00    -0.00   0.021  119
   174.90    48.06   177.62     0.01     0.00    -0.01   0.020  120
   173.92    47.08   179.66     0.01     0.00    -0.01   0.021  121
   174.90    48.06   178.64     0.01     0.00    -0.00   0.020  122
   174.90    47.08   179.66     0.01     0.00    -0.01   0.020  123
   174.90    47.08   178.64     0.01     0.00    -0.00   0.021  124
   174.90    47.08   178.64     0.01     0.00    -0.00   0.020  125
   175.88    47.08   178.64     0.01     0.00    -0.01   0.021  126
   174.90    48.06   178.64     0.01     0.00    -0.01   0.020  127
   174.90    48.06   178.64     0.00     0.00    -0.00   0.021  128
   174.90    48.06   177.62     0.00     0.00    -0.00   0.020  129
   174.90    47.08   178.64     0.01     0.00    -0.00   0.021  130
   174.90    48.06   179.66     0.01     0.00    -0.00   0.020  131
   173.92    48.06   177.62     0.01     0.00    -0.01   0.021  132
   175.88    48.06   178.64     0.00     0.00    -0.00   0.020  133
   174.90    47.08   178.64     0.00     0.00    -0.00   0.021  134
   175.88    47.08   178.64     0.01     0.00    -0.00   0.020  135
   175.88    47.08   179.66     0.01     0.00    -0.00   0.021  136
   175.88    47.08   177.62     0.00     0.00    -0.00   0.020  137
   174.90    48.06   179.66     0.00     0.00    -0.00   0.021  138
   175.88    48.06   179.66     0.00     0.00    -0.00   0.020  139
   173.92    48.06   178.64     0.00     0.00    -0.00   0.021  140
   173.92    47.08   178.64     0.00     0.00    -0.00   0.020  141
   174.90    48.06   177.62     0.00     0.00    -0.00   0.021  142
   176.85    48.06   178.64     0.01     0.00    -0.01   0.020  143
   173.92    48.06   179.66     0.00     0.00    -0.00   0.021  144
   175.88    47.08   179.66     0.00     0.00    -0.00   0.020  145
   174.90    47.08   179.66     0.01     0.00    -0.00   0.021  146
   174.90    48.06   178.64     0.00     0.00    -0.00   0.020  147
   174.90    47.08   179.66     0.00     0.00    -0.00   0.020  148
   175.88    47.08   177.62     0.00     0.00    -0.00   0.021  149
   176.85    46.10   177.62     0.00     0.00    -0.00   0.020  150
   175.88    48.06   178.64     0.00     0.00    -0.00   0.021  151
   175.88    47.08   179.66     0.00     0.00    -0.00   0.020  152
   173.92    49.04   179.66     0.00     0.00    -0.00   0.021  153
   176.85    48.06   178.64     0.00     0.00    -0.00   0.020  154
   175.88    47.08   177.62     0.00     0.00    -0.00   0.021  155
   174.90    48.06   178.64     0.01     0.00    -0.01   0.020  156
   175.88    48.06   178.64     0.01     0.00    -0.01   0.021  157
   176.85    48.06   179.66     0.00     0.00    -0.00   0.020  158
   174.90    47.08   178.64     0.00     0.00    -0.00   0.021  159
   175.88    48.06   179.66     0.00     0.00    -0.00   0.020  160
   174.90    48.06   178.64     0.00     0.00    -0.00   0.021  161
   175.88    48.06   178.64     0.00     0.00    -0.00   0.020  162
   174.90    48.06   177.62     0.00     0.00    -0.00   0.021  163
   175.88    48.06   178.64     0.00     0.00    -0.00   0.020  164
   175.88    47.08   177.62     0.01     0.00    -0.00   0.021  165
   175.88    48.06   178.64     0.00     0.00    -0.00   0.020  166
   174.90    47.08   177.62     0.01     0.00    -0.00   0.021  167
   174.90    48.06   177.62     0.01     0.00    -0.00   0.020  168
   175.88    48.06   179.66     0.00     0.00    -0.00   0.021  169
   175.88    48.06   178.64     0.00     0.00    -0.00   0.020  170
   173.92    49.04   177.62     0.00     0.01    -0.00   0.021  171
   174.90    47.08   177.62     0.00     0.01    -0.00   0.020  172
   174.90    48.06   177.62     0.00     0.00    -0.01   0.020  173
   174.90    49.04   178.64     0.00     0.00    -0.00   0.021  174
   175.88    47.08   178.64     0.00     0.00    -0.00   0.020  175
   173.92    48.06   179.66     0.00     0.01    -0.00   0.021  176
   174.90    48.06   178.64     0.00     0.00    -0.00   0.020  177
   173.92    49.04   178.64     0.00     0.00    -0.00   0.021  178
   174.90    47.08   178.64     0.00     0.00    -0.00   0.020  179
   174.90    48.06   178.64     0.00     0.00    -0.01   0.021  180
   174.90    48.06   178.64     0.00     0.00    -0.00   0.020  181
   174.90    48.06   177.62     0.00     0.00    -0.00   0.021  182
   175.88    48.06   177.62     0.00     0.00    -0.00   0.020  183
   175.88    48.06   177.62     0.00     0.00    -0.00   0.021  184
   174.90    47.08   178.64     0.00     0.00    -0.00   0.020  185
   173.92    49.04   179.66     0.00     0.00    -0.00   0.021  186
   175.88    47.08   179.66     0.00     0.00    -0.00   0.020  187
   174.90    46.10   179.66     0.00     0.00    -0.00   0.021  188
   174.90    47.08   178.64     0.00     0.00    -0.00   0.020  189
   174.90    46.10   178.64     0.00     0.00    -0.00   0.021  190
   175.88    48.06   178.64     0.00     0.00    -0.00   0.020  191
   174.90    47.08   179.66     0.00     0.00    -0.00   0.021  192
   175.88    48.06   178.64     0.00     0.00    -0.00   0.020  193
   174.90    48.06   179.66     0.00     0.00    -0.00   0.021  194
   174.90    49.04   178.64     0.00     0.00    -0.00   0.020  195
   174.90    47.08   179.66     0.00     0.00    -0.00   0.021  196
   174.90    49.04   177.62     0.00     0.00    -0.00   0.020  197
   173.92    48.06   178.64     0.01     0.00    -0.00   0.020  198
   174.90    48.06   177.62     0.00     0.00    -0.00   0.021  199
   175.88    48.06   178.64     0.00     0.00    -0.01   0.020  200
   175.88    48.06   178.64     0.00     0.00    -0.00   0.021  201
   174.90    47.08   178.64     0.00     0.00    -0.00   0.020  202
   175.88    48.06   177.62     0.00     0.00    -0.00   0.021  203
   174.90    48.06   179.66     0.01     0.00    -0.00   0.020  204
   174.90    48.06   180.68     0.00     0.00    -0.00   0.021  205
   175.88    49.04   177.62     0.00     0.00    -0.00   0.020  206
   175.88    47.08   177.62     0.00     0.00    -0.00   0.021  207
   174.90    48.06   177.62     0.00     0.00    -0.00   0.020  208
   173.92    49.04   177.62     0.00     0.00    -0.00   0.021  209
   174.90    48.06   179.66     0.00     0.00    -0.00   0.020  210
   175.88    49.04   177.62     0.00     0.01    -0.00   0.021  211
   174.90    48.06   179.66     0.00     0.00    -0.00   0.020  212
   174.90    48.06   178.64     0.00     0.00    -0.00   0.021  213
   175.88    48.06   178.64     0.00     0.00    -0.00   0.020  214
   174.90    47.08   178.64     0.00     0.00    -0.00   0.021  215
   175.88    47.08   179.66     0.00     0.00    -0.00   0.020  216
   174.90    48.06   178.64     0.00     0.00    -0.00   0.021  217
   174.90    48.06   179.66     0.00     0.00    -0.00   0.020  218
   173.92    46.10   177.62     0.00     0.00    -0.00   0.021  219
   174.90    47.08   179.66     0.00     0.00    -0.00   0.020  220
   174.90    49.04   180.68     0.00     0.00    -0.00   0.021  221
   174.90    48.06   177.62     0.00     0.00    -0.00   0.020  222
   174.90    47.08   178.64     0.00     0.00    -0.00   0.020  223
   175.88    48.06   178.64     0.00     0.00    -0.00   0.021  224
   175.88    48.06   179.66     0.00     0.00    -0.00   0.020  225
   175.88    47.08   179.66     0.00     0.00    -0.00   0.021  226
   175.88    48.06   177.62     0.00     0.00    -0.00   0.020  227
   174.90    48.06   179.66     0.00     0.00    -0.00   0.021  228
   175.88    49.04   177.62     0.00     0.00    -0.00   0.020  229
   174.90    47.08   179.66     0.00     0.00    -0.00   0.021  230
   175.88    47.08   177.62     0.00     0.00    -0.00   0.020  231
   175.88    47.08   178.64     0.00     0.00    -0.00   0.021  232
   174.90    48.06   177.62     0.00     0.00    -0.00   0.020  233
   174.90    48.06   178.64     0.00     0.00    -0.00   0.021  234
   175.88    47.08   178.64     0.00     0.00    -0.00   0.020  235
   175.88    48.06   179.66     0.00     0.00    -0.00   0.021  236
   175.88    48.06   178.64     0.00     0.00    -0.00   0.020  237
   176.85    47.08   179.66     0.00     0.00    -0.00   0.021  238
   175.88    48.06   179.66     0.00     0.00    -0.00   0.020  239
   174.90    47.08   180.68     0.00     0.00    -0.00   0.021  240
   175.88    47.08   177.62     0.00     0.00    -0.00   0.020  241
   175.88    48.06   179.66     0.00     0.00    -0.00   0.021  242
   174.90    48.06   178.64     0.00     0.00    -0.00   0.020  243
   174.90    48.06   178.64     0.00     0.00    -0.00   0.021  244
   175.88    48.06   177.62     0.01     0.00    -0.00   0.020  245
   173.92    49.04   178.64     0.00     0.00    -0.01   0.021  246
   175.88    47.08   177.62     0.00     0.00    -0.00   0.020  247
   175.88    48.06   177.62     0.00     0.00    -0.00   0.020  248
   175.88    47.08   179.66     0.00     0.00    -0.00   0.021  249
   174.90    48.06   178.64     0.00     0.00    -0.00   0.020  250
   175.88    47.08   179.66     0.00     0.00    -0.00   0.021  251
   174.90    47.08   178.64     0.00     0.00    -0.00   0.020  252
   176.85    47.08   179.66     0.00     0.00    -0.00   0.021  253
   175.88    48.06   179.66     0.00     0.00    -0.00   0.020  254
   174.90    48.06   178.64     0.00     0.00    -0.00   0.021  255
   174.90    49.04   177.62     0.00     0.00    -0.00   0.020    0
   174.90    48.06   179.66     0.00     0.00    -0.00   0.021    1
   175.88    48.06   178.64     0.00     0.00    -0.00   0.020    2
   175.88    48.06   178.64     0.01     0.00    -0.00   0.021    3
   174.90    48.06   177.62     0.01     0.00    -0.00   0.020    4
   175.88    47.08   178.64     0.01     0.00    -0.00   0.021    5
   174.90    48.06   179.66     0.01     0.00    -0.01   0.020    6
   174.90    48.06   178.64     0.00     0.00    -0.01   0.021    7
   175.88    48.06   178.64     0.01     0.00    -0.00   0.020    8
   173.92    48.06   178.64     0.00     0.00    -0.00   0.021    9
   174.90    48.06   177.62     0.00     0.00    -0.00   0.020   10
   174.90    48.06   177.62     0.00     0.00    -0.00   0.021   11
   174.90    48.06   178.64     0.00     0.00    -0.00   0.020   12
   174.90    47.08   176.60     0.00     0.00    -0.00   0.021   13
   174.90    48.06   177.62     0.00     0.00    -0.00   0.020   14
   174.90    48.06   178.64     0.00     0.00    -0.00   0.021   15
   174.90    47.08   177.62     0.01     0.00    -0.00   0.020   16
   174.90    49.04   178.64     0.00     0.00    -0.00   0.020   17
   174.90    48.06   178.64     0.00     0.00    -0.00   0.021   18
   175.88    47.08   177.62     0.00     0.00    -0.00   0.020   19
   174.90    47.08   178.64     0.00     0.00    -0.00   0.021   20
   175.88    49.04   178.64     0.00     0.00    -0.00   0.020   21
   174.90    48.06   178.64     0.00     0.00    -0.00   0.021   22
   174.90    48.06   179.66     0.00     0.00    -0.00   0.020   23
   173.92    48.06   178.64     0.01     0.00    -0.00   0.021   24
   174.90    48.06   179.66     0.00     0.00    -0.00   0.020   25
   175.88    47.08   177.62     0.00     0.00    -0.00   0.021   26
   175.88    48.06   179.66     0.00     0.00    -0.00   0.020   27
   174.90    47.08   178.64     0.01     0.00    -0.00   0.021   28
   175.88    47.08   178.64     0.00     0.00    -0.00   0.020   29
   175.88    47.08   178.64     0.00     0.00    -0.00   0.021   30
   173.92    48.06   179.66     0.00     0.00    -0.00   0.020   31
   175.88    46.10   178.64     0.00     0.00    -0.00   0.021   32
   174.90    47.08   178.64     0.00     0.00    -0.00   0.020   33
   175.88    47.08   179.66     0.00     0.00    -0.00   0.021   34
   173.92    48.06   177.62     0.01     0.00    -0.00   0.020   35
   175.88    48.06   178.64     0.01     0.00    -0.00   0.021   36
   174.90    48.06   177.62     0.00     0.00    -0.00   0.020   37
   175.88    47.08   178.64     0.00     0.00    -0.00   0.021   38
   174.90    47.08   178.64     0.01     0.00    -0.00   0.020   39
   174.90    48.06   177.62     0.01     0.00    -0.00   0.021   40
   174.90    48.06   178.64     0.00     0.00    -0.00   0.020   41
   174.90    48.06   178.64     0.00     0.00    -0.00   0.020   42
   174.90    48.06   178.64     0.00     0.00    -0.00   0.021   43
   176.85    46.10   179.66     0.01     0.00    -0.00   0.020   44
   175.88    48.06   178.64     0.00     0.00    -0.00   0.021   45
   176.85    47.08   179.66     0.00     0.00    -0.00   0.020   46
   175.88    48.06   178.64     0.00     0.00    -0.00   0.021   47
   175.88    47.08   179.66     0.00     0.00    -0.00   0.020   48
   174.90    49.04   179.66     0.00     0.00    -0.00   0.021   49
   174.90    48.06   177.62     0.01     0.00    -0.00   0.020   50
   174.90    48.06   178.64     0.00     0.00    -0.00   0.021   51
   175.88    48.06   179.66     0.00     0.00    -0.00   0.020   52
   175.88    47.08   178.64     0.00     0.00    -0.00   0.021   53
   175.88    48.06   179.66     0.00     0.00    -0.00   0.020   54
   175.88    47.08   177.62     0.00     0.00    -0.00   0.021   55
   175.88    48.06   178.64     0.00     0.00    -0.00   0.020   56
   175.88    48.06   179.66     0.00     0.00    -0.00   0.021   57
   175.88    48.06   178.64     0.00     0.00    -0.00   0.020   58
   175.88    47.08   178.64     0.00     0.00    -0.00   0.021   59
   174.90    49.04   180.68     0.00     0.00    -0.00   0.020   60
   174.90    48.06   178.64     0.00     0.00    -0.00   0.021   61
   174.90    48.06   178.64     0.00     0.00    -0.00   0.020   62
   175.88    47.08   177.62     0.00     0.00    -0.00   0.021   63
   176.85    47.08   180.68     0.00     0.00    -0.00   0.020   64
   174.90    48.06   178.64     0.00     0.00    -0.00   0.021   65
   174.90    47.08   178.64     0.00     0.00    -0.00   0.020   66
   175.88    48.06   179.66     0.01     0.00    -0.00   0.020   67
   175.88    47.08   178.64     0.00     0.00    -0.00   0.021   68
   174.90    48.06   177.62     0.00     0.00    -0.00   0.020   69
   175.88    47.08   177.62     0.00     0.00    -0.00   0.021   70
   174.90    47.08   178.64     0.00     0.00    -0.00   0.020   71
   174.90    47.08   177.62     0.00     0.00    -0.00   0.021   72
   173.92    48.06   179.66     0.00     0.00    -0.00   0.020   73
   174.90    48.06   178.64     0.00     0.00    -0.00   0.021   74
   174.90    47.08   176.60     0.00     0.00    -0.00   0.020   75
   175.88    46.10   178.64     0.00     0.00    -0.00   0.021   76
   175.88    48.06   179.66     0.00     0.00    -0.00   0.020   77
   174.90    47.08   178.64     0.00     0.00    -0.00   0.021   78
   174.90    47.08   178.64     0.00     0.00    -0.00   0.020   79
   175.88    48.06   178.64     0.00     0.00    -0.00   0.021   80
   175.88    47.08   178.64     0.00     0.00    -0.00   0.020   81
   174.90    47.08   177.62     0.00     0.00    -0.00   0.021   82
   174.90    48.06   177.62     0.00     0.00    -0.00   0.020   83
   174.90    48.06   178.64     0.00     0.00    -0.00   0.021   84
   174.90    48.06   179.66     0.00     0.00    -0.00   0.020   85
   175.88    48.06   178.64     0.00     0.00    -0.00   0.021   86
   174.90    48.06   179.66     0.00     0.00    -0.00   0.020   87
   173.92    48.06   178.64     0.00     0.00    -0.01   0.021   88
   174.90    49.04   180.68     0.00     0.00    -0.00   0.020   89
   174.90    48.06   178.64     0.00     0.00    -0.00   0.021   90
   175.88    48.06   178.64     0.01     0.00    -0.00   0.020   91
   175.88    47.08   178.64     0.00     0.00    -0.00   0.020   92
   174.90    49.04   178.64     0.00     0.00    -0.00   0.021   93
   174.90    49.04   178.64     0.00     0.00    -0.00   0.020   94
   174.90    48.06   178.64     0.00     0.00    -0.00   0.021   95
   173.92    49.04   178.64     0.00     0.00    -0.00   0.020   96
   175.88    47.08   179.66     0.00     0.00    -0.00   0.021   97
   173.92    48.06   179.66     0.00     0.00    -0.00   0.020   98
   174.90    47.08   178.64     0.00     0.00    -0.00   0.021   99
   175.88    47.08   178.64     0.00     0.00    -0.00   0.020  100
   175.88    47.08   178.64     0.00     0.00    -0.01   0.021  101
   175.88    47.08   177.62     0.01     0.00    -0.01   0.020  102
   174.90    47.08   178.64     0.00     0.00    -0.00   0.021  103
   174.90    48.06   179.66     0.00     0.00    -0.00   0.020  104
   175.88    48.06   178.64     0.00     0.00    -0.00   0.021  105
   174.90    47.08   179.66     0.00     0.00    -0.00   0.020  106
   174.90    48.06   178.64     0.00     0.00    -0.00   0.021  107
   175.88    47.08   178.64     0.00     0.00    -0.00   0.020  108
   174.90    48.06   178.64     0.00     0.00    -0.00   0.021  109
   174.90    49.04   178.64     0.00     0.00    -0.00   0.020  110
   174.90    47.08   178.64     0.00     0.00    -0.00   0.021  111
   175.88    47.08   178.64     0.00     0.00    -0.00   0.020  112
   174.90    48.06   178.64     0.00     0.00    -0.00   0.021  113
   174.90    48.06   177.62     0.00     0.00    -0.00   0.020  114
   175.88    47.08   177.62     0.00     0.00    -0.00   0.021  115
   174.90    47.08   178.64     0.00     0.00    -0.00   0.020  116
   174.90    49.04   177.62     0.00     0.00    -0.00   0.020  117
   174.90    48.06   179.66     0.00     0.00    -0.00   0.021  118
   174.90    48.06   178.64     0.00     0.00    -0.00   0.020  119
   175.88    48.06   178.64     0.00     0.00    -0.00   0.021  120
   174.90    48.06   178.64     0.00     0.00    -0.00   0.020  121
   173.92    48.06   177.62     0.00     0.00    -0.00   0.021  122
   175.88    47.08   177.62     0.00     0.00    -0.00   0.020  123
   174.90    47.08   178.64     0.00     0.00    -0.00   0.021  124
   175.88    47.08   178.64     0.00     0.00    -0.00   0.020  125
   175.88    47.08   176.60     0.00     0.00    -0.00   0.021  126
   175.88    48.06   179.66     0.00     0.00    -0.00   0.020  127
   174.90    48.06   178.64     0.01     0.00    -0.00   0.021  128
   174.90    48.06   178.64     0.00     0.00    -0.00   0.020  129
   174.90    47.08   178.64     0.00     0.00    -0.00   0.021  130
   174.90    46.10   176.60     0.00     0.00    -0.00   0.020  131
   174.90    47.08   176.60     0.00     0.00    -0.00   0.021  132
   174.90    47.08   178.64     0.01     0.00    -0.00   0.020  133
   174.90    48.06   180.68     0.00     0.00    -0.00   0.021  134
   175.88    47.08   178.64     0.00     0.00    -0.00   0.020  135
   175.88    48.06   177.62     0.00     0.00    -0.00   0.021  136
   174.90    48.06   178.64     0.00     0.00    -0.00   0.020  137
   174.90    48.06   178.64     0.00     0.00    -0.00   0.021  138
   174.90    48.06   178.64     0.00     0.00    -0.01   0.020  139
   175.88    47.08   178.64     0.00     0.00    -0.00   0.021  140
   175.88    48.06   178.64     0.01     0.00    -0.01   0.020  141
   173.92    49.04   179.66     0.00     0.00    -0.00   0.020  142
   175.88    47.08   178.64     0.00     0.00    -0.00   0.021  143
   174.90    47.08   178.64     0.00     0.00    -0.00   0.020  144
   174.90    48.06   178.64     0.00     0.00    -0.00   0.021  145
   174.90    47.08   178.64     0.00     0.00    -0.00   0.020  146
   175.88    47.08   179.66     0.00     0.00    -0.00   0.021  147
   174.90    47.08   177.62     0.00     0.00    -0.00   0.020  148
   176.85    47.08   177.62     0.00     0.00    -0.00   0.021  149
   174.90    47.08   178.64     0.00     0.00    -0.00   0.020  150
   174.90    47.08   179.66     0.00     0.00    -0.00   0.021  151
   174.90    48.06   178.64     0.00     0.00    -0.00   0.020  152
   174.90    48.06   178.64     0.00     0.00    -0.00   0.021  153
   175.88    48.06   180.68     0.00     0.00    -0.00   0.020  154
   174.90    48.06   177.62     0.00     0.00    -0.00   0.021  155
   175.88    48.06   179.66     0.00     0.00    -0.00   0.020  156
   173.92    47.08   178.64     0.00     0.00    -0.00   0.021  157
   172.95    48.06   178.64     0.00     0.00    -0.00   0.020  158
   173.92    48.06   178.64     0.00     0.00    -0.00   0.021  159
   175.88    48.06   176.60     0.00     0.00    -0.00   0.020  160
   174.90    47.08   178.64     0.00     0.00    -0.00   0.021  161
   174.90    48.06   179.66     0.00     0.00    -0.00   0.020  162
   175.88    48.06   177.62     0.00     0.00    -0.00   0.021  163
   174.90    48.06   179.66     0.00     0.00    -0.00   0.020  164
   175.88    48.06   179.66     0.00     0.00    -0.00   0.021  165
   175.88    48.06   179.66     0.00     0.00    -0.00   0.020  166
   175.88    48.06   178.64     0.01     0.00    -0.00   0.020  167
   174.90    47.08   178.64     0.00     0.00    -0.00   0.021  168
   173.92    48.06   178.64     0.00     0.00    -0.00   0.020  169
   175.88    48.06   178.64     0.00     0.00    -0.00   0.021  170
   174.90    49.04   178.64     0.00     0.00    -0.00   0.020  171
   174.90    47.08   179.66     0.00     0.00    -0.00   0.021  172
   174.90    48.06   178.64     0.00     0.00    -0.00   0.020  173
   175.88    48.06   179.66     0.00     0.00    -0.00   0.021  174
   174.90    49.04   179.66     0.00     0.00    -0.00   0.020  175
   173.92    48.06   178.64     0.00     0.00    -0.00   0.021  176
   175.88    47.08   179.66     0.00     0.00    -0.00   0.020  177
   174.90    48.06   179.66     0.00     0.00    -0.00   0.021  178
   174.90    48.06   178.64     0.00     0.00    -0.00   0.020  179
   173.92    47.08   178.64     0.01     0.00    -0.00   0.021  180
   174.90    47.08   178.64     0.00     0.00    -0.00   0.020  181
   174.90    48.06   179.66     0.00     0.00    -0.00   0.021  182
   175.88    47.08   178.64     0.00     0.00    -0.00   0.020  183
   173.92    48.06   177.62     0.00     0.00    -0.00   0.021  184
   173.92    47.08   179.66     0.00     0.00    -0.00   0.020  185
   174.90    48.06   178.64     0.00     0.00    -0.00   0.021  186
   175.88    47.08   178.64     0.00     0.00    -0.00   0.020  187
   175.88    48.06   178.64     0.00     0.00    -0.00   0.021  188
   174.90    48.06   178.64     0.00     0.00    -0.00   0.020  189
   175.88    48.06   178.64     0.00     0.00    -0.00   0.021  190
   175.88    48.06   178.64     0.00     0.00    -0.00   0.020  191
   175.88    47.08   178.64     0.00     0.00    -0.00   0.020  192
   174.90    47.08   178.64     0.00     0.00    -0.00   0.021  193
   174.90    48.06   178.64     0.00     0.00    -0.00   0.020  194
   176.85    47.08   179.66     0.00     0.00    -0.00   0.021  195
   175.88    47.08   177.62     0.01     0.00    -0.00   0.020  196
   174.90    48.06   179.66     0.00     0.00    -0.00   0.021  197
   174.90    47.08   177.62     0.00     0.00    -0.00   0.020  198
   174.90    49.04   178.64     0.00     0.00    -0.00   0.021  199
   173.92    47.08   178.64     0.00     0.00    -0.00   0.020  200
   174.90    47.08   178.64     0.00     0.00    -0.00   0.021  201
   174.90    47.08   178.64     0.00     0.00    -0.00   0.020  202
   174.90    48.06   178.64     0.00     0.00    -0.00   0.021  203
   173.92    49.04   177.62     0.00     0.00    -0.00   0.020  204
   175.88    48.06   179.66     0.00     0.00    -0.00   0.021  205
   174.90    49.04   180.68     0.00     0.00    -0.00   0.020  206
   174.90    48.06   176.60     0.00     0.00    -0.00   0.021  207
   173.92    49.04   178.64     0.01     0.00    -0.00   0.020  208
