 -15.75   -0.13    35.17    -6.84  -72.58   242.77
 -16.00    0.31    34.01   -10.75  -74.54   246.84
 -16.17    1.01    32.59   -10.75  -69.64   236.66
 -16.14    1.58    32.40     2.93  -36.29   250.91
 -14.98    1.60    33.04     0.98  -42.18   256.00
 -14.09    1.60    33.41   -10.75  -93.18   246.84
 -14.86    1.81    33.33    -2.93  -82.39   261.09
 -15.28    1.38    33.48     4.89  -70.62   265.16
 -15.62    0.62    33.53     6.84  -81.41   265.16
 -16.75    0.60    33.50   -29.31  -79.45   211.21
 -17.65    1.28    33.49    -2.93  -63.75   241.75
 -17.49    1.17    33.36     3.91  -69.64   244.80
 -17.31    0.94    33.61     0.98  -56.89   237.68
 -16.71    0.75    34.03    -0.98  -56.89   233.61
 -15.82    0.49    34.08     0.98  -83.37   244.80
 -15.85   -0.07    33.84   -10.75  -89.26   244.80
 -16.17    0.09    33.82   -22.47  -68.66   224.45
 -15.94    0.99    33.97   -15.63  -55.91   222.41
 -15.41    1.88    34.38    -6.84  -66.70   236.66
 -15.02    2.27    34.63     4.89  -77.49   254.98
 -14.81    2.04    34.52     3.91  -81.41   256.00
 -14.69    1.74    34.27     0.00  -70.62   249.89
 -14.03    1.43    34.05    -2.93  -45.12   235.64
 -12.89    1.35    34.41    -5.86  -50.02   237.68
 -12.13    1.55    34.83   -18.56  -71.60   236.66
 -12.16    2.23    34.74   -13.68  -67.68   245.82
 -12.03    2.76    34.76   -16.61  -43.16   248.87
 -11.36    3.48    35.03   -17.59  -44.14   246.84
 -10.73    3.94    35.29    -4.89  -49.04   250.91
 -10.25    3.94    35.41   -12.70  -47.08   252.95
  -9.77    4.13    35.58   -20.52  -41.20   254.98
  -8.95    4.37    35.63   -16.61  -34.33   258.04
  -7.89    4.33    35.69   -25.40  -38.25   256.00
  -7.40    4.72    35.77   -27.36  -41.20   244.80
  -7.17    5.09    35.70   -17.59  -36.29   256.00
  -6.74    5.01    35.46   -20.52  -31.39   258.04
  -6.28    5.02    35.17   -22.47  -28.44   252.95
  -5.88    5.03    34.72   -21.50  -29.43   253.96
  -5.56    5.04    34.26   -27.36  -20.60   246.84
  -5.15    5.36    33.97   -26.38  -18.64   247.86
  -4.74    5.59    33.65   -22.47  -20.60   256.00
  -4.42    5.63    33.35   -30.29  -15.69   252.95
  -3.89    5.95    32.88   -25.40  -17.66   252.95
  -3.58    6.05    32.61   -26.38   -9.81   257.02
  -3.29    6.11    32.55   -27.36  -16.67   259.05
  -3.37    5.97    32.30   -21.50  -18.64   262.11
  -3.42    5.63    31.99   -30.29   -9.81   249.89
  -3.21    5.79    31.78   -33.22  -12.75   248.87
  -3.35    5.98    31.68   -19.54  -12.75   260.07
  -3.51    5.65    31.62   -23.45   -9.81   258.04
  -3.56    5.55    31.47   -30.29  -14.71   254.98
  -3.64    5.59    31.11   -28.34  -15.69   259.05
  -3.75    5.51    30.68   -24.43  -22.56   259.05
  -4.06    5.02    30.09   -23.45  -21.58   258.04
  -4.51    4.61    29.69   -37.13  -17.66   248.87
  -4.93    4.92    29.32   -27.36  -19.62   254.98
  -5.25    4.79    28.99   -17.59  -12.75   270.25
  -5.60    4.09    29.58   -21.50   -5.89   253.96
  -5.85    4.04    31.15   -25.40  -10.79   235.64
  -6.33    4.48    32.43   -23.45  -50.02   236.66
  -8.04    5.03    33.10   -28.34  -48.06   242.77
  -9.49    5.82    34.00   -22.47  -22.56   243.79
  -9.12    5.99    33.97     1.95  -42.18   254.98
  -8.86    5.15    33.10     1.95  -50.02   276.36
  -9.06    3.83    32.40   -23.45  -29.43   243.79
  -9.05    3.77    32.79   -32.24  -15.69   215.28
  -8.83    4.55    33.56   -19.54  -38.25   225.46
  -8.67    5.26    33.64   -21.50  -61.79   259.05
  -8.96    5.41    33.08   -13.68  -60.81   272.29
  -9.00    4.74    32.46   -22.47  -35.31   253.96
  -8.35    4.62    32.41   -35.18  -26.48   239.71
  -7.62    4.99    32.45   -28.34  -47.08   235.64
  -7.48    5.36    32.18   -24.43  -47.08   243.79
  -7.24    5.53    31.55   -21.50  -30.41   243.79
  -6.41    5.68    30.95   -27.36  -15.69   252.95
  -5.32    5.99    30.80   -20.52  -17.66   268.21
  -4.45    5.74    30.78   -23.45  -26.48   264.14
  -4.08    5.66    30.96   -36.15  -21.58   242.77
  -3.81    6.54    31.57   -37.13  -12.75   240.73
  -3.40    7.40    32.28   -25.40  -13.73   258.04
  -3.11    7.68    33.19   -18.56    0.98   254.98
  -2.73    8.02    35.84   -55.69   -0.98   247.86
  -0.25    9.61    33.64   -56.67  -90.24   226.48
  -3.06   11.30    30.65   -37.13  -35.31   273.30
  -3.75   11.14    28.74   -23.45   73.56   270.25
  -1.04   10.36    29.95   -48.85   44.14   245.82
   1.31   10.36    31.02   -66.44  -29.43   239.71
   1.02   11.38    30.98   -58.63  -28.44   228.52
   0.70   12.46    30.90   -55.69   -2.94   254.98
   0.87   13.20    31.14   -37.13    8.83   267.20
   1.53   12.79    31.54   -42.02   12.75   244.80
   2.33   12.72    32.15   -57.65    0.00   237.68
   2.64   13.16    32.43   -53.74    4.90   256.00
   2.91   13.01    32.54   -58.63   20.60   244.80
   3.74   13.23    33.07   -59.60   24.52   242.77
   4.52   13.33    33.42   -57.65    6.87   249.89
   4.67   13.36    33.45   -62.53   14.71   249.89
   4.85   13.52    33.44   -52.76   22.56   253.96
   5.11   13.21    33.44   -50.81   24.52   262.11
   5.36   12.57    33.35   -65.47   29.43   253.96
   5.57   12.50    33.41   -67.42   15.69   260.07
   4.98   12.55    33.28   -61.56   11.77   269.23
   3.92   12.34    33.23   -61.56    6.87   267.20
   2.13   12.15    32.91   -57.65    2.94   278.39
   0.34   11.68    32.50   -60.58    5.89   268.21
  -1.53   11.19    31.96   -64.49   -7.85   259.05
  -3.74   10.95    31.14   -51.79   -6.87   274.32
  -5.85    9.98    30.32   -47.88   -9.81   276.36
  -8.00    8.99    29.86   -46.90  -17.66   294.68
 -10.29    7.42    29.22   -42.99    2.94   257.02
 -11.10    6.45    29.35   -42.02   -4.90   221.39
 -11.97    6.09    29.97   -33.22  -51.00   229.53
 -13.71    5.56    30.23   -24.43  -78.47   245.82
 -16.09    4.77    30.26    -3.91  -72.58   250.91
 -17.90    3.26    30.28     4.89  -70.62   246.84
 -19.45    1.32    30.71    -1.95  -72.58   213.25
 -20.57    0.30    31.03   -13.68  -80.43   204.09
 -21.66    0.03    31.49    -6.84  -97.10   213.25
 -22.74   -0.13    31.69     0.98 -105.93   219.36
 -23.80   -0.62    31.77    10.75 -102.99   215.28
 -24.56   -1.04    31.92     7.82 -106.91   222.41
 -25.25   -1.38    32.08     9.77 -111.82   222.41
 -25.88   -1.89    32.10     3.91 -107.89   214.27
 -26.25   -2.08    32.02     3.91  -96.12   195.94
 -26.00   -1.85    31.82     4.89  -95.14   200.02
 -25.31   -1.39    31.54     6.84 -100.05   210.19
 -24.23   -1.18    30.98    12.70  -85.33   189.84
 -22.48   -0.75    30.29     6.84  -70.62   194.93
 -19.63    0.31    29.57   -12.70  -65.72   190.85
 -16.86    2.18    29.08     4.89  -71.60   230.55
 -13.74    3.65    28.93     3.91  -68.66   250.91
 -10.74    4.26    28.79   -25.40  -44.14   239.71
  -7.28    5.70    28.78   -29.31  -36.29   262.11
  -4.20    6.90    29.25   -13.68  -37.27   275.34
  -1.47    7.24    29.39   -11.73  -14.71   275.34
   0.91    7.32    29.91   -21.50  -12.75   276.36
   2.77    7.13    30.39   -18.56    0.98   267.20
   4.44    6.50    30.92   -32.24   25.50   254.98
   6.46    5.65    31.70   -68.40   36.29   247.86
   8.17    6.51    32.13   -45.92   74.54   233.61
  11.04    7.30    32.45     3.91   95.14   267.20
  13.99    6.03    34.13    -6.84    5.89   284.50
  14.17    4.55    34.85   -17.59   32.37   257.02
  14.41    3.52    34.83   -40.06   96.12   252.95
  16.24    3.35    34.90   -45.92   99.07   242.77
  18.09    3.55    35.12   -23.45   78.47   243.79
  19.38    3.57    35.17     0.98   69.64   253.96
  20.01    2.83    35.44     8.79   66.70   259.05
  20.22    1.54    35.57   -10.75   76.51   227.50
  20.74    0.96    35.84   -34.20   88.28   224.45
  21.43    1.54    36.02   -12.70   89.26   234.62
  22.03    1.60    35.99   -17.59   97.10   246.84
  22.56    1.73    35.66   -11.73  102.99   219.36
  23.38    1.97    35.61     3.91  128.49   241.75
  24.42    1.68    35.77     6.84  113.78   258.04
  24.89    1.27    35.48   -19.54  126.53   271.27
  25.05    1.55    34.94    -1.95  138.30   249.89
  25.41    1.57    34.57    13.68  133.39   232.59
  25.82    0.96    34.47   -17.59  122.61   221.39
  25.98    1.44    34.09   -26.38  153.99   218.34
  26.83    2.10    34.00    -6.84  139.28   232.59
  26.99    2.20    33.99     6.84  123.59   257.02
  26.40    1.95    33.83     2.93  137.32   271.27
  25.51    1.48    33.49    -1.95  139.28   241.75
  24.99    1.09    33.06     0.98  143.20   209.18
  25.33    0.70    33.22     2.93  112.80   217.32
  25.02    0.35    33.20    -4.89  119.66   226.48
  24.71    0.42    33.38    -4.89  119.66   226.48
  23.88   -0.01    34.22    28.34  123.59   280.43
  22.87   -1.77    34.69    60.58  104.95   293.66
  21.49   -3.42    35.29    11.73   66.70   236.66
  19.73   -3.64    36.24    -8.79   69.64   247.86
  18.15   -3.50    36.78    -5.86   81.41   283.48
  17.43   -3.59    37.30     0.00   78.47   217.32
  17.04   -3.27    38.17    -5.86   47.08   227.50
  15.93   -3.14    38.76    20.52   51.00   293.66
  14.41   -3.70    39.36    18.56   47.08   296.72
  12.51   -4.06    39.64     8.79   22.56   284.50
  10.12   -4.22    40.00    17.59   30.41   277.38
   8.07   -4.34    40.34    37.13   19.62   263.13
   6.27   -4.80    40.34    37.13   35.31   269.23
   5.27   -5.16    40.63    33.22   24.52   264.14
   3.93   -5.14    40.66    17.59  -13.73   269.23
   1.54   -4.85    39.97    22.47  -22.56   294.68
  -0.46   -5.16    38.71    51.79    4.90   263.13
  -1.69   -6.26    38.52    42.02   22.56   251.93
  -2.11   -7.23    37.88    19.54   -5.89   248.87
  -3.07   -7.27    37.32    18.56  -17.66   208.16
  -4.17   -6.51    36.95    15.63  -37.27   209.18
  -5.81   -5.09    36.16    28.34  -63.75   221.39
  -7.51   -4.19    35.15    58.63   -1.96   225.46
  -6.83   -4.68    35.15    18.56    9.81   222.41
  -5.71   -3.43    34.17   -35.18  -70.62   175.59
  -5.55   -1.56    32.57   -17.59  -47.08   194.93
  -3.96    0.28    30.74   -51.79   -3.92   189.84
  -1.25    3.49    28.90  -117.25    7.85    89.07
   2.16    8.93    27.57   -74.26    2.94   159.30
   6.20   13.92    25.64   -24.43   33.35   230.55
  11.58   17.34    25.42   -26.38  126.53   183.73
  19.21   19.37    27.38   -39.08   38.25   256.00
  22.15   19.90    25.62   -80.12   29.43   266.18
  25.45   21.07    25.45  -130.93  174.59   205.11
  31.56   22.59    27.12  -121.16  133.39   190.85
  36.53   23.95    28.49   -78.17  108.87   194.93
  39.59   23.75    29.12   -73.28  107.89   228.52
  40.99   22.77    29.35   -77.19  171.65   215.28
  43.39   20.84    30.98   -81.10  169.69   217.32
  44.31   19.26    31.92  -109.44  122.61   186.78
  44.10   19.18    32.79  -103.57  169.69   142.00
  45.05   18.33    34.67   -79.15  160.86   172.53
  44.19   16.75    35.59   -67.42  143.20   193.91
  41.74   14.82    36.03   -92.82  146.15   197.98
  39.21   13.87    36.26  -101.62  159.88   163.37
  37.31   13.27    37.11   -69.37  189.30   173.55
  36.08   11.20    37.92   -69.37  159.88   178.64
  33.80    9.74    38.62   -82.08  128.49   175.59
  30.80    8.83    38.43   -66.44  146.15   215.28
  27.58    7.57    38.11   -41.04  161.84   224.45
  25.41    5.71    38.22   -18.56  172.63   214.27
  23.48    3.82    40.11     9.77  150.07   233.61
  20.74    1.35    42.06    41.04   75.52   355.75
  15.26   -1.69    42.34     0.00   37.27   367.97
   8.86   -4.60    41.57    -4.89  122.61   253.96
   6.09   -7.10    42.82    -7.82  153.99   147.09
   5.18   -8.03    44.83   -23.45   16.67   144.03
   2.56   -8.69    45.25     4.89  -25.50   271.27
  -1.28   -8.69    44.93    17.59  -26.48   304.86
  -4.85   -9.19    44.19    70.35   -9.81   283.48
  -7.66  -11.10    44.48    89.89   29.43   246.84
  -8.31  -13.60    45.05    36.15  -24.52   199.00
  -9.85  -13.47    45.29    17.59  -54.93   215.28
 -11.79  -11.99    45.14    65.47  -58.85   266.18
 -13.45  -12.26    44.50   117.25  -44.14   253.96
 -13.76  -13.66    44.47   119.21  -39.23   209.18
 -13.89  -14.64    44.80    78.17  -81.41   202.05
 -15.03  -13.92    45.02    66.44  -81.41   247.86
 -15.96  -13.42    45.21    78.17  -73.56   274.32
 -16.35  -13.22    45.19    83.05  -73.56   241.75
 -16.74  -13.41    45.26    76.21  -76.51   249.89
 -17.02  -13.56    45.37    70.35  -92.20   252.95
 -17.66  -13.75    45.55    82.08  -97.10   245.82
 -18.34  -14.55    45.90    67.42  -93.18   237.68
 -18.89  -14.95    46.27    44.95  -89.26   227.50
 -19.29  -14.41    46.50    35.18  -92.20   218.34
 -19.74  -13.27    46.57    43.97  -97.10   213.25
 -20.26  -12.32    46.55    73.28  -96.12   228.52
 -20.70  -12.47    46.63    77.19  -86.31   246.84
 -20.87  -13.03    46.85    45.92  -90.24   219.36
 -21.27  -12.74    46.78    35.18  -81.41   214.27
 -21.46  -12.00    46.64    39.08  -73.56   217.32
 -21.41  -11.53    46.59    41.04  -82.39   220.37
 -21.30  -11.28    46.23    26.38  -93.18   208.16
 -21.33  -10.50    45.47    17.59  -89.26   202.05
 -21.19   -9.46    44.48    31.27  -80.43   209.18
 -20.74   -8.48    43.35    36.15  -85.33   223.43
 -20.30   -7.42    41.97    68.40  -87.30   244.80
 -20.03   -7.52    41.11    95.76  -88.28   252.95
 -19.94   -8.56    40.94    87.94  -90.24   241.75
 -19.91   -9.72    41.11    53.74  -85.33   225.46
 -19.91   -9.86    41.42    35.18  -92.20   233.61
 -20.12   -9.50    41.55    33.22 -102.01   242.77
 -20.55   -9.15    41.63    27.36  -98.08   227.50
 -20.97   -8.69    41.68    15.63  -97.10   214.27
 -21.36   -7.77    41.68    18.56 -102.99   215.28
 -21.82   -6.88    41.58    24.43 -102.99   229.53
 -22.18   -6.29    41.39    19.54  -98.08   228.52
 -22.26   -5.78    41.12    10.75  -96.12   218.34
 -22.19   -4.89    40.50    21.50  -98.08   216.30
 -22.21   -4.18    40.07    47.88  -91.22   250.91
 -21.93   -4.56    40.10    52.76  -91.22   263.13
 -21.70   -5.09    40.26    34.20  -94.16   253.96
 -21.64   -5.45    40.51    10.75  -87.30   239.71
 -21.48   -5.07    40.67     2.93  -81.41   231.57
 -21.20   -4.41    40.76     6.84  -80.43   237.68
 -20.79   -3.88    40.68     5.86  -82.39   246.84
 -20.41   -3.41    40.48     0.00  -78.47   234.62
 -20.03   -2.65    40.21     5.86  -77.49   236.66
 -19.70   -2.21    40.05    18.56  -83.37   248.87
 -19.44   -2.25    39.90    11.73  -83.37   241.75
 -19.32   -2.19    39.80    10.75  -76.51   242.77
 -19.09   -2.12    39.93     8.79  -79.45   242.77
 -18.98   -2.09    40.16     4.89  -83.37   237.68
 -18.99   -2.09    40.32     0.98  -80.43   241.75
 -18.84   -2.05    40.33    -8.79  -78.47   230.55
 -18.68   -1.61    40.21    -9.77  -80.43   230.55
 -18.52   -1.17    39.95   -13.68  -77.49   225.46
 -18.17   -0.66    39.47   -15.63  -69.64   222.41
 -17.60   -0.03    38.87   -20.52  -63.75   213.25
 -16.72    1.23    38.12   -14.66  -62.77   232.59
 -15.72    2.50    37.26     0.00  -61.79   251.93
 -14.48    3.18    36.38     4.89  -56.89   241.75
 -13.32    3.63    35.66     4.89  -66.70   241.75
 -12.32    3.85    34.72    -3.91  -57.87   233.61
 -11.31    4.41    34.06    -1.95  -55.91   232.59
 -10.08    4.89    33.34   -12.70  -39.23   222.41
  -8.56    5.76    32.79   -12.70  -29.43   229.53
  -6.74    6.89    32.79     2.93  -43.16   264.14
  -5.31    6.97    32.82    -8.79  -39.23   254.98
  -4.00    6.82    32.56   -27.36  -12.75   236.66
  -2.08    7.31    32.92   -21.50  -24.52   246.84
  -0.79    7.29    32.78   -22.47    0.98   246.84
   1.19    7.21    33.06   -31.27   24.52   253.96
   3.19    7.09    33.66   -36.15    1.96   289.59
   4.45    6.58    33.64   -64.49   49.04   241.75
   6.81    7.31    34.10   -50.81   41.20   221.39
   9.01    8.24    35.06   -20.52   18.64   269.23
  10.09    7.70    35.36   -20.52   41.20   273.30
  11.29    6.75    35.84   -41.04   45.12   265.16
  12.18    6.62    36.37   -37.13   73.56   261.09
  13.71    6.26    37.11   -55.69   53.95   246.84
  14.62    6.86    37.43   -44.95   68.66   236.66
  15.76    7.28    38.03   -16.61   65.72   263.13
  16.44    6.55    38.26   -16.61   80.43   248.87
  17.57    5.52    38.58   -29.31   77.49   223.43
  18.61    5.38    39.18   -16.61   82.39   248.87
  19.42    4.85    39.88   -20.52   83.37   268.21
  19.82    4.28    40.30   -25.40  103.97   237.68
  21.17    3.90    41.05   -31.27  103.97   212.23
  22.64    3.97    42.07   -23.45   68.66   223.43
  23.08    4.10    42.39   -12.70   91.22   251.93
  23.56    3.81    42.50   -20.52  123.59   235.64
  25.01    3.59    42.70   -12.70  118.68   215.28
  26.77    3.17    43.21    -4.89   94.16   209.18
  28.02    2.63    43.45   -33.22   91.22   214.27
  28.79    3.41    43.31   -12.70  140.26   259.05
  29.98    3.19    43.00    -5.86  144.18   236.66
  31.40    2.77    43.10    -5.86  110.84   222.41
  31.76    2.66    43.08     0.98  134.38   239.71
  32.28    2.25    43.02    -4.89  139.28   232.59
  32.66    1.85    43.14    -9.77  139.28   221.39
  33.02    1.61    43.23   -20.52  142.22   214.27
  33.32    1.76    43.54   -18.56  129.47   235.64
  32.58    1.97    43.67   -16.61  135.36   253.96
  31.32    1.91    43.51   -24.43  141.24   222.41
  30.25    2.34    43.40    -1.95  152.03   226.48
  29.17    1.89    43.95     8.79  116.72   263.13
  26.91    1.11    44.05   -28.34   92.20   269.23
  23.57    1.14    43.91   -48.85  101.03   274.32
  19.54    2.02    43.32     3.91  145.16   269.23
  16.76    1.23    42.63   -10.75  153.01   224.45
  15.75    0.12    43.05   -36.15   73.56   207.14
  13.31    0.41    43.75   -37.13    8.83   275.34
   8.18    1.50    43.63    -3.91   -7.85   374.08
   2.44    1.05    42.38    76.21   55.91   337.43
  -2.35   -2.51    41.40    15.63  148.11   133.85
  -4.31   -4.96    42.64   -47.88  -27.46   156.25
  -7.60   -4.36    44.74   -48.85  -72.58   351.68
 -12.36   -3.97    44.79    37.13  -63.75   257.02
 -16.96   -5.00    43.15    37.13  -63.75   257.02
 -20.87   -6.24    42.54    83.05  -38.25   215.28
 -23.07   -8.01    43.72    82.08  -30.41   178.64
 -25.97   -9.06    44.07    31.27 -127.51   222.41
 -29.88  -10.39    43.54    12.70 -144.18   284.50
 -32.78  -11.01    42.93    11.73  -67.68   126.73
 -34.43   -9.76    43.50    54.72  -96.12   123.67
 -36.88   -9.63    43.83    67.42 -221.67   253.96
 -39.60  -10.62    43.84    56.67 -166.74   212.23
 -41.49  -10.86    44.25    40.06 -125.55   155.23
 -42.76  -10.13    44.64    31.27 -159.88   130.80
 -44.92   -9.69    44.58    44.95 -209.90   188.82
 -46.90   -9.96    44.98    57.65 -183.42   208.16
 -47.81  -10.14    45.67    24.43 -153.99   107.39
 -48.62   -9.36    45.52    18.56 -205.00   102.30
 -50.18   -8.73    45.03    48.85 -214.80   156.25
 -50.68   -8.72    44.75    61.56 -184.40   150.14
 -50.69   -9.16    44.71    46.90 -195.19   155.23
 -50.65   -9.40    44.65    31.27 -194.21   150.14
 -50.43   -9.15    44.63    31.27 -186.36   147.09
 -50.07   -8.93    44.64    31.27 -194.21   150.14
 -49.92   -8.55    44.73    31.27 -196.17   158.28
 -49.87   -8.31    44.85    25.40 -197.15   186.78
 -49.54   -8.20    45.00    25.40 -191.26   158.28
 -49.34   -7.92    45.16    31.27 -182.44   136.91
 -49.14   -7.88    45.50    35.18 -189.30   151.16
 -48.94   -7.92    45.70    24.43 -196.17   165.41
 -48.76   -7.71    45.78    19.54 -187.34   172.53
 -48.31   -7.32    45.74    26.38 -188.32   161.34
 -48.07   -7.20    45.81    39.08 -187.34   158.28
 -47.86   -7.33    45.96    39.08 -188.32   170.50
 -47.73   -7.52    46.13    30.29 -194.21   190.85
 -47.47   -7.48    46.13    20.52 -188.32   166.43
 -47.43   -7.14    46.08    29.31 -180.48   161.34
 -47.14   -7.12    46.16    39.08 -181.46   158.28
 -46.64   -7.31    46.18    36.15 -177.53   154.21
 -45.89   -7.37    46.15    28.34 -177.53   161.34
 -45.02   -7.27    46.00    24.43 -179.49   172.53
 -43.90   -7.02    45.80    29.31 -165.76   157.26
 -42.53   -6.80    45.62    32.24 -164.78   165.41
 -41.06   -6.67    45.29    35.18 -181.46   189.84
 -39.62   -6.81    45.00    35.18 -149.09   185.77
 -37.40   -6.66    44.72    16.61 -137.32   187.80
 -35.21   -5.97    44.27    18.56 -141.24   215.28
 -32.52   -5.42    43.76    22.47 -122.61   197.98
 -29.72   -4.59    43.24    12.70 -114.76   184.75
 -27.17   -3.50    42.62    14.66 -118.68   240.73
 -24.64   -2.82    41.98    22.47 -101.03   246.84
 -21.80   -2.27    41.46     8.79  -77.49   216.30
 -18.95   -1.08    41.06     3.91  -89.26   249.89
 -16.77   -0.47    40.69    16.61  -60.81   275.34
 -13.76   -0.28    40.82    -1.95  -40.21   232.59
 -11.19    0.59    40.93     2.93  -69.64   250.91
  -9.58    0.64    40.79    14.66  -45.12   268.21
  -7.53    0.50    41.13    -6.84  -22.56   234.62
  -5.22    0.94    41.42   -20.52  -25.50   238.70
  -3.42    1.69    41.44   -37.13   -9.81   272.29
  -1.52    2.78    40.99   -33.22   14.71   267.20
   0.63    3.95    40.64   -26.38   14.71   253.96
   2.65    4.89    40.20   -10.75   18.64   268.21
   4.45    5.17    39.88    -3.91   16.67   246.84
   5.92    5.41    39.56    -9.77   12.75   274.32
   6.69    5.37    39.07    -7.82   30.41   288.57
   7.87    5.06    39.04   -20.52   52.97   241.75
   9.67    5.34    39.22   -34.20   23.54   223.43
  10.89    6.05    39.06   -25.40   38.25   234.62
  12.20    6.52    38.93   -36.15   41.20   253.96
  13.12    7.20    38.52   -29.31   57.87   271.27
  14.24    7.32    38.32   -33.22   70.62   240.73
  15.87    7.69    38.26   -43.97   70.62   225.46
  17.53    8.32    38.12   -52.76   81.41   218.34
  19.35    9.40    37.90   -48.85   78.47   236.66
  20.58   10.24    37.64   -25.40   95.14   269.23
  21.68    9.89    37.52   -23.45  102.99   243.79
  23.05    9.31    37.77   -30.29   95.14   208.16
  24.48    9.12    38.01   -58.63   96.12   199.00
  26.01    9.87    38.08   -70.35  115.74   216.30
  27.67   10.93    38.00   -64.49  121.62   226.48
  28.85   11.75    37.79   -37.13  115.74   259.05
  28.98   11.48    37.55   -29.31  120.64   258.04
  29.03   10.99    37.43   -41.04  122.61   223.43
  29.24   10.91    37.73   -54.72  117.70   221.39
  29.03   11.45    37.98   -72.31  119.66   252.95
  28.02   12.02    37.79   -66.44  118.68   251.93
  26.65   12.51    37.27   -73.28  123.59   212.23
  26.25   13.58    36.97   -77.19  153.01   192.89
  26.99   14.97    37.25   -83.05  108.87   221.39
  25.70   16.87    36.77  -101.62   85.33   257.02
  23.51   19.04    35.91  -103.57  114.76   234.62
  22.08   21.05    35.29   -59.60  107.89   176.60
  21.51   22.66    35.01   -97.71   66.70   188.82
  20.09   25.42    34.14   -82.08   86.31   178.64
  19.45   27.82    33.66  -153.40   89.26   244.80
  17.31   30.59    31.57  -136.79   95.14   212.23
  16.68   32.66    30.42  -101.62  103.97   156.25
  17.16   34.55    29.98   -96.73   34.33   147.09
  16.32   36.31    28.70   -79.15   44.14   212.23
  15.20   36.37    27.35  -144.61   72.58   265.16
  14.27   36.50    26.06  -172.95   85.33   181.69
  15.37   38.22    26.04  -133.86   77.49   169.48
  16.90   38.92    26.72  -122.14   34.33   224.45
  16.03   37.86    26.03  -125.07   39.23   247.86
  15.11   36.07    25.58  -155.36   52.97   213.25
  14.96   35.48    25.50  -181.74   56.89   169.48
  15.73   36.71    25.74  -188.58   62.77   176.60
  16.68   38.11    26.14  -134.84   51.98   219.36
  16.54   37.25    26.11   -87.94   44.14   271.27
  14.90   33.59    25.85   -67.42   56.89   308.93
  12.73   27.79    25.59  -104.55   83.37   273.30
  11.59   21.60    26.36  -169.04   79.45   181.69
  11.57   19.53    27.59  -163.18   59.83   202.05
  10.94   17.67    28.48   -93.80   48.06   221.39
   9.86   14.02    29.48   -38.11   37.27   259.05
   8.20    8.59    30.78   -31.27   27.46   274.32
   6.15    3.80    32.28    -9.77   32.37   251.93
   4.39   -1.27    34.23   -15.63   32.37   237.68
   3.22   -5.45    35.93   -57.65   23.54   218.34
   2.20   -7.17    37.74   -20.52   -1.96   196.96
   0.84   -8.74    39.64    76.21  -16.67   257.02
  -1.36  -12.76    41.69   100.64    4.90   290.61
  -2.95  -16.75    44.03    53.74    5.89   250.91
  -4.17  -18.98    46.13    58.63  -11.77   220.37
  -5.86  -20.91    48.40   122.14  -19.62   269.23
  -7.97  -23.97    51.13    75.24  -35.31   269.23
 -10.22  -25.47    53.43    57.65  -38.25   205.11
 -11.90  -26.25    55.08    78.17  -44.14   218.34
 -13.45  -26.46    56.39   129.95  -67.68   229.53
 -14.83  -27.76    57.70    99.66  -72.58   185.77
 -15.82  -27.42    58.31    94.78  -91.22   176.60
 -16.33  -26.81    57.96    86.96  -74.54   213.25
 -16.00  -25.53    56.84    47.88  -61.79   183.73
 -14.42  -23.58    54.23    -3.91  -53.95   175.59
 -11.80  -19.19    49.72    57.65  -37.27   214.27
  -8.63  -14.66    44.64    91.85  -19.62   271.27
  -5.47  -10.19    39.56    78.17    5.89   305.88
  -3.00   -5.96    34.92    48.85   24.52   285.52
  -0.73   -1.74    30.81    78.17   36.29   286.54
   0.89    0.59    28.13    77.19   10.79   317.07
   1.57    2.66    26.02    24.43   11.77   286.54
   1.74    3.90    24.10   -30.29   11.77   222.41
   1.92    6.76    22.22   -25.40    9.81   218.34
   2.26    9.22    20.38    10.75   11.77   238.70
   2.70    9.87    19.07    32.24    3.92   274.32
   2.78    8.53    18.43    12.70   -1.96   251.93
   2.47    6.94    18.27   -32.24    4.90   266.18
   2.07    6.46    18.06   -58.63   27.46   259.05
   2.30    7.01    17.75   -59.60   24.52   238.70
   2.54    7.88    17.41   -38.11   18.64   257.02
   2.69    8.28    16.92   -37.13   26.48   261.09
   3.12    8.57    16.42   -42.02   26.48   263.13
   3.38    8.99    16.08   -28.34   26.48   276.36
   3.37    8.64    15.87   -24.43   28.44   279.41
   3.17    7.77    16.01   -32.24   21.58   262.11
   2.81    6.94    16.38   -46.90   13.73   241.75
   2.33    6.68    16.70   -48.85   10.79   240.73
   1.85    6.49    16.95   -54.72   12.75   229.53
   1.68    6.71    17.00   -45.92    1.96   228.52
   1.44    7.11    16.90   -28.34   -5.89   236.66
   1.09    7.11    16.78   -21.50   -7.85   244.80
   0.68    6.77    16.74   -24.43   -5.89   239.71
   0.43    6.47    16.72   -32.24   -4.90   239.71
   0.21    6.45    16.76   -32.24   -3.92   249.89
  -0.01    6.37    16.73   -31.27   -5.89   248.87
  -0.28    6.34    16.71   -26.38   -4.90   246.84
  -0.45    6.21    16.73   -27.36   -4.90   253.96
  -0.62    6.10    16.79   -24.43   -5.89   259.05
  -0.81    5.86    16.82   -24.43   -6.87   254.98
  -1.03    5.65    16.78   -22.47   -0.98   257.02
  -1.04    5.47    16.88   -20.52   -1.96   260.07
  -1.07    5.24    16.95   -22.47   -0.98   257.02
  -1.09    5.13    17.06   -20.52    1.96   260.07
  -1.01    4.99    17.16   -23.45    1.96   256.00
  -0.96    5.01    17.27   -20.52    1.96   254.98
  -0.90    4.88    17.33   -25.40   -0.98   252.95
  -0.92    4.94    17.43   -25.40    0.98   251.93
  -0.86    4.92    17.49   -29.31   -2.94   248.87
  -0.92    5.12    17.53   -23.45   -3.92   254.98
