   0.06    -3.17     7.99    15.63   -0.98   252.95     0.020    1.765   -1.009   253.423
   0.04    -3.21     7.95    14.66   -1.96   250.91     0.021    0.861   -2.050   251.336
   0.01    -3.23     7.91    13.68   -0.98   252.95     0.020   -0.439   -1.091   253.315
  -0.00    -3.21     7.88    15.63   -1.96   253.96     0.021    1.623   -1.751   254.441
  -0.03    -3.25     7.84    13.68   -1.96   251.93     0.020   -0.361   -1.881   252.300
  -0.06    -3.24     7.81    14.66   -0.98   251.93     0.021    0.509   -0.652   252.355
  -0.07    -3.25     7.77    15.63   -1.96   251.93     0.020    1.555   -1.469   252.412
  -0.09    -3.28     7.74    14.66   -1.96   252.95     0.021    0.368   -1.512   253.373
  -0.12    -3.29     7.71    14.66   -1.96   251.93     0.020    0.381   -1.410   252.358
  -0.14    -3.29     7.67    14.66   -1.96   252.95     0.021    0.274   -1.327   253.375
  -0.16    -3.30     7.64    13.68   -1.96   252.95     0.020   -0.729   -1.373   253.319
  -0.18    -3.28     7.61    13.68   -1.96   251.93     0.021   -0.598   -1.280   252.303
  -0.19    -3.27     7.59    14.66   -1.96   250.91     0.020    0.485   -1.086   251.343
  -0.20    -3.28     7.55    14.66   -2.94   252.95     0.021    0.446   -2.010   253.379
  -0.24    -3.28     7.53    14.66   -2.94   253.96     0.020    0.333   -1.855   254.397
  -0.27    -3.29     7.50    14.66   -1.96   252.95     0.021    0.227   -0.751   253.377
  -0.27    -3.29     7.48    13.68   -1.96   252.95     0.020   -0.771   -0.856   253.321
  -0.28    -3.27     7.45    13.68   -0.98   253.96     0.021   -0.877    0.142   254.333
  -0.26    -3.26     7.43    14.66   -1.96   252.95     0.020    0.361   -0.768   253.377
  -0.27    -3.27     7.39    13.68   -1.96   251.93     0.021   -0.596   -0.853   252.305
  -0.28    -3.25     7.36    14.66   -0.98   251.93     0.020    0.301    0.283   252.356
  -0.26    -3.26     7.34    14.66   -1.96   251.93     0.020    0.396   -0.781   252.360
  -0.26    -3.27     7.31    13.68   -0.98   251.93     0.021   -0.730    0.076   252.300
  -0.25    -3.26     7.29    12.70   -0.98   251.93     0.020   -1.629   -0.094   252.245
  -0.24    -3.22     7.26    13.68   -1.96   251.93     0.021   -0.381   -0.969   252.305
  -0.25    -3.21     7.24    12.70   -1.96   249.89     0.020   -1.201   -1.030   250.218
  -0.26    -3.18     7.21    14.66   -1.96   253.96     0.021    0.626   -0.737   254.392
  -0.27    -3.21     7.19    13.68   -1.96   252.95     0.020   -0.408   -0.818   253.322
  -0.30    -3.23     7.17    13.68   -0.98   252.95     0.021   -0.616    0.262   253.317
  -0.28    -3.23     7.14    10.75   -1.96   252.95     0.020   -3.426   -1.153   253.156
  -0.31    -3.19     7.11    -4.89   -2.94   254.98     0.021  -18.739   -3.915   254.326
  -0.39    -2.81     7.08   -19.54   -0.98   252.95     0.020  -31.756   -3.198   251.686
  -0.44    -2.10     7.06   -31.27   -0.98   253.96     0.021  -40.356   -4.018   252.649
  -0.43    -1.18     7.03   -36.15   -3.92   253.96     0.020  -40.830   -7.081   253.186
  -0.47    -0.19     7.01   -31.27   -3.92   256.00     0.021  -31.660   -5.749   255.917
  -0.48     0.54     6.99   -18.56    3.92   249.89     0.020  -16.826    4.018   250.014
  -0.34     0.91     6.99   -34.20   14.71   249.89     0.021  -31.995   12.400   250.310
   0.02     1.58     7.00   -25.40   -6.87   256.00     0.020  -17.368   -9.135   256.600
  -0.13     2.01     7.01   -64.49   -7.85   252.95     0.021  -54.297  -13.979   255.066
  -0.27     3.22     7.05   -67.42   13.73   243.79     0.020  -55.043    8.190   247.120
   0.20     4.53     7.07   -59.60   -1.96   260.07     0.021  -38.218   -7.632   263.960
   0.15     5.36     7.07   -49.83    0.98   258.04     0.020  -25.353   -2.856   261.564
   0.19     5.97     7.09   -42.02   -4.90   257.02     0.021  -14.242   -7.576   259.976
   0.07     6.32     7.10     2.93    0.00   253.96     0.020   30.666    3.494   252.099
   0.08     5.59     7.11   -26.38   -5.89   256.00     0.021   -0.531   -6.349   257.344
  -0.10     5.62     7.11   -81.10    1.96   241.75     0.020  -56.903   -4.700   248.523
  -0.03     6.94     7.12   -39.08  -12.75   262.11     0.020   -5.502  -13.377   264.917
  -0.35     7.11     7.11    -0.98   -7.85   271.27     0.021   33.116   -2.088   269.347
  -0.48     6.48     7.09     0.98   11.77   250.91     0.020   27.331   17.366   249.092
  -0.11     5.85     7.12    31.27    0.98   247.86     0.021   55.754    8.415   243.377
  -0.02     4.66     7.07    18.56   -8.83   261.09     0.020   40.492   -3.760   258.721
  -0.24     3.76     6.96    22.47   -6.87   252.95     0.021   39.443   -1.030   250.953
  -0.36     2.89     6.79     0.98  -16.67   259.05     0.020   15.730  -13.269   258.775
  -0.65     2.60     6.54   -26.38  -38.25   243.79     0.021  -11.135  -36.995   245.149
  -1.38     2.97     6.19    20.52   -8.83   254.98     0.020   33.781    0.971   253.718
  -1.48     2.15     5.87    43.97  -13.73   244.80     0.021   53.597   -1.933   243.257
  -1.68     0.97     5.45     0.98  -23.54   256.00     0.020    6.829  -15.437   256.527
  -2.04     0.84     5.02     5.86    4.90   257.02     0.021    8.368   14.826   256.567
  -1.73     0.63     4.55     5.86  -24.52   254.98     0.020    9.993  -16.068   255.526
  -2.11     0.44     4.06   111.39  -10.79   251.93     0.021  113.151    6.527   251.289
  -2.08    -1.73     3.59    97.71  -11.77   251.93     0.020   90.031    3.016   255.027
  -2.15    -3.66     3.06    79.15    1.96   258.04     0.021   61.804   14.976   262.309
  -1.93    -4.95     2.46    60.58   -7.85   252.95     0.020   38.468    2.313   257.348
  -1.87    -5.83     1.79    78.17    1.96   245.82     0.021   52.461   11.648   252.298
  -1.58    -7.00     1.09    88.92  -23.54   241.75     0.020   59.015  -15.726   251.342
  -1.98    -8.41     0.41    78.17  -16.67   245.82     0.021   41.390   -7.871   255.032
  -2.16    -9.35    -0.29    83.05   -4.90   249.89     0.020   41.367    4.295   260.074
  -2.03   -10.30    -1.22    57.65    1.96   252.95     0.021   11.784   10.688   258.952
  -1.78   -10.56    -2.27    58.63  -10.79   242.77     0.020   12.960   -3.753   249.614
  -1.83   -10.86    -3.38    51.79   -2.94   246.84     0.021    4.632    4.660   252.144
  -1.66   -10.94    -4.47    39.08    0.00   247.86     0.020   -8.072    7.844   250.667
  -1.44   -10.73    -5.66    69.37   -3.92   246.84     0.020   22.337    0.091   255.458
  -1.32   -11.24    -6.88    56.67   -3.92   253.96     0.021    6.272    1.195   260.162
  -1.23   -11.36    -7.97    33.22   -2.94   252.95     0.020  -16.755    4.879   254.538
  -1.16   -10.95    -9.22    24.43   -1.96   251.93     0.021  -23.050    6.900   251.971
  -1.08   -10.41   -10.36    17.59   -1.96   251.93     0.020  -27.270    7.811   250.951
  -1.01    -9.75   -11.47    12.70   -1.96   253.96     0.021  -29.379    8.528   252.442
  -0.95    -9.06   -12.46    13.68   -0.98   251.93     0.020  -24.870    8.777   250.919
  -0.87    -8.46   -13.37    12.70   -0.98   251.93     0.021  -23.162    8.440   251.043
  -0.80    -7.91   -14.08    13.68   -1.96   251.93     0.020  -20.104    6.664   251.417
  -0.76    -7.42   -14.74    13.68   -1.96   253.96     0.021  -18.232    6.257   253.608
  -0.72    -6.99   -15.24    12.70   -1.96   251.93     0.020  -17.107    5.901   251.606
  -0.71    -6.58   -15.72    11.73   -0.98   252.95     0.021  -16.112    6.780   252.616
  -0.69    -6.21   -16.12     6.84   -1.96   252.95     0.020  -19.442    6.759   252.208
  -0.67    -5.70   -16.51    -4.89   -0.98   250.91     0.021  -28.005   10.317   249.179
  -0.26    -4.90   -16.76    42.99   -7.85   261.09     0.020   17.720  -12.306   263.841
  -0.23    -5.30   -16.98    62.53  -50.02   248.87     0.021   23.222  -58.335   253.790
  -1.30    -6.14   -16.09    39.08   -9.81   248.87     0.020   10.604   -7.388   251.784
  -1.48    -6.41   -15.29     5.86    6.87   253.96     0.021  -18.154   18.871   252.772
  -1.22    -5.89   -15.04    -3.91   28.44   252.95     0.020  -19.987   40.382   250.551
  -0.42    -5.18   -15.41    -7.82   24.52   254.98     0.021  -22.684   33.607   253.050
   0.18    -4.48   -15.80    10.75    3.92   251.93     0.020   -7.778    5.454   252.009
   0.27    -4.27   -16.08    11.73    0.98   252.95     0.021   -6.932    1.786   253.119
   0.27    -4.12   -16.17    11.73    0.00   251.93     0.020   -6.471    0.618   252.117
   0.26    -3.97   -16.28    12.70    0.98   252.95     0.021   -4.688    1.213   253.221
   0.27    -3.86   -16.34    10.75    2.94   251.93     0.020   -5.499    3.432   252.091
   0.32    -3.73   -16.40    11.73    2.94   251.93     0.020   -4.042    2.801   252.170
   0.37    -3.62   -16.45    12.70    0.00   251.93     0.021   -3.549   -0.634   252.223
   0.35    -3.55   -16.48    11.73    1.96   250.91     0.020   -3.547    1.496   251.163
   0.36    -3.46   -16.53    11.73    0.98   251.93     0.021   -3.544    0.417   252.178
   0.35    -3.39   -16.52    11.73    0.98   252.95     0.020   -3.275    0.361   253.198
   0.36    -3.31   -16.54    12.70    0.98   254.98     0.021   -2.131    0.007   255.291
   0.35    -3.27   -16.53    10.75    0.00   251.93     0.020   -3.915   -0.436   252.127
   0.33    -3.19   -16.54    11.73    0.98   251.93     0.021   -2.331    0.223   252.192
   0.32    -3.14   -16.55    12.70    0.98   253.96     0.020   -1.295   -0.081   254.280
   0.32    -3.11   -16.55    11.73    0.00   253.96     0.021   -2.394   -0.775   254.222
   0.30    -3.07   -16.56    11.73    0.00   251.93     0.020   -2.074   -0.779   252.191
   0.28    -3.03   -16.57    11.73    0.00   252.95     0.021   -1.936   -0.706   253.210
   0.26    -2.99   -16.59    11.73    0.98   250.91     0.020   -1.378    0.252   251.182
   0.27    -2.96   -16.61    12.70    0.98   251.93     0.021   -0.382   -0.079   252.250
   0.28    -2.96   -16.62    11.73    0.98   251.93     0.020   -1.306    0.149   252.200
   0.28    -2.93   -16.61    12.70    0.98   251.93     0.021   -0.255   -0.177   252.250
   0.28    -2.93   -16.59    12.70   -0.98   250.91     0.020   -0.756   -2.080   251.224
   0.24    -2.93   -16.58    11.73    0.98   251.93     0.021   -1.125    0.243   252.200
   0.25    -2.90   -16.56    13.68    0.98   252.95     0.020    0.784   -0.369   253.316
   0.26    -2.92   -16.59    11.73    0.00   252.95     0.021   -1.469   -0.752   253.213
   0.24    -2.90   -16.61    12.70    0.00   251.93     0.020   -0.360   -0.991   252.246
   0.22    -2.90   -16.60    12.70    0.00   252.95     0.021   -0.398   -0.908   253.263
   0.21    -2.90   -16.61    13.68    0.98   252.95     0.020    0.827   -0.209   253.316
   0.23    -2.92   -16.64    11.73    1.96   253.96     0.021   -0.926    1.239   254.238
   0.27    -2.90   -16.63    11.73    0.98   252.95     0.020   -1.079    0.121   253.217
   0.26    -2.88   -16.61    11.73    0.98   251.93     0.020   -0.950    0.097   252.201
   0.27    -2.86   -16.60    11.73    0.98   252.95     0.021   -0.922    0.058   253.218
   0.28    -2.84   -16.62    12.70    0.98   253.96     0.020    0.033   -0.285   254.283
   0.29    -2.84   -16.63    10.75    0.98   252.95     0.021   -1.809    0.240   253.170
   0.28    -2.80   -16.62    11.73    0.00   251.93     0.020   -0.947   -1.016   252.197
   0.27    -2.79   -16.62    11.73    0.98   253.96     0.021   -0.693   -0.010   254.236
   0.28    -2.78   -16.61    12.70    0.00   251.93     0.020    0.102   -1.313   252.245
   0.28    -2.79   -16.60    10.75    0.98   250.91     0.021   -1.478    0.200   251.138
   0.28    -2.76   -16.60    11.73    0.98   253.96     0.020   -0.567   -0.118   254.236
   0.29    -2.75   -16.60    13.68    0.98   252.95     0.021    1.388   -0.703   253.313
