   2.00     1.50   -21.02        1
   1.73     1.42   -21.24        2
   1.48     1.31   -21.49        3
   1.32     1.23   -21.71        4
   1.16     1.15   -21.94        5
   1.00     1.08   -22.17        6
   0.85     1.02   -22.42        7
   0.73     0.94   -22.64        8
   0.61     0.91   -22.88        9
   0.51     0.87   -23.11       10
   0.41     0.83   -23.33       11
   0.31     0.77   -23.56       12
   0.25     0.74   -23.80       13
   0.19     0.66   -24.02       14
   0.17     0.62   -24.25       15
   0.11     0.62   -24.47       16
   0.06     0.58   -24.68       17
   0.01     0.57   -24.89       18
  -0.03     0.58   -25.08       19
  -0.07     0.55   -25.29       20
  -0.11     0.54   -25.49       21
  -0.11     0.53   -25.69       22
  -0.14     0.50   -25.87       23
  -0.17     0.45   -26.06       24
  -0.19     0.48   -26.24       25
  -0.19     0.46   -26.43       26
  -0.22     0.46   -26.60       27
  -0.26     0.46   -26.77       28
  -0.27     0.44   -26.93       29
  -0.29     0.44   -27.11       30
  -0.30     0.44   -27.27       31
  -0.31     0.45   -27.43       32
  -0.32     0.43   -27.58       33
  -0.35     0.41   -27.74       34
  -0.34     0.41   -27.88       35
  -0.34     0.44   -28.04       36
  -0.33     0.45   -28.18       37
  -0.34     0.40   -28.32       38
  -0.32     0.41   -28.45       39
  -0.33     0.42   -28.59       40
  -0.32     0.44   -28.71       41
  -0.33     0.42   -28.82       42
  -0.36     0.43   -28.95       43
  -0.36     0.43   -29.06       44
  -0.37     0.44   -29.18       45
  -0.33     0.46   -29.28       46
  -0.31     0.47   -29.40       47
  -0.30     0.46   -29.50       48
  -0.31     0.46   -29.59       49
  -0.32     0.44   -29.70       50
  -0.35     0.45   -29.81       51
  -0.36     0.45   -29.90       52
  -0.34     0.43   -30.00       53
  -0.35     0.41   -30.09       54
  -0.35     0.40   -30.17       55
  -0.36     0.41   -30.25       56
  -0.37     0.37   -30.34       57
  -0.37     0.38   -30.42       58
  -0.37     0.36   -30.51       59
  -0.35     0.35   -30.59       60
  -0.31     0.34   -30.69       61
  -0.34     0.38   -30.78       62
  -0.35     0.41   -30.85       63
  -0.36     0.39   -30.93       64
  -0.34     0.42   -31.00       65
  -0.33     0.43   -31.08       66
  -0.36     0.43   -31.14       67
  -0.36     0.41   -31.21       68
  -0.37     0.40   -31.27       69
  -0.40     0.41   -31.33       70
  -0.40     0.41   -31.41       71
  -0.40     0.42   -31.47       72
  -0.40     0.40   -31.55       73
  -0.42     0.41   -31.62       74
  -0.42     0.42   -31.67       75
  -0.40     0.45   -31.75       76
  -0.37     0.43   -31.80       77
  -0.36     0.43   -31.85       78
  -0.36     0.44   -31.90       79
  -0.37     0.44   -31.95       80
  -0.35     0.42   -32.00       81
  -0.38     0.43   -32.05       82
  -0.38     0.43   -32.09       83
  -0.38     0.46   -32.13       84
  -0.41     0.46   -32.18       85
  -0.41     0.46   -32.22       86
  -0.41     0.46   -32.26       87
  -0.41     0.44   -32.31       88
  -0.39     0.44   -32.36       89
  -0.39     0.42   -32.40       90
  -0.39     0.40   -32.43       91
  -0.37     0.45   -32.47       92
  -0.38     0.46   -32.51       93
  -0.40     0.43   -32.53       94
  -0.38     0.42   -32.58       95
  -0.38     0.42   -32.61       96
  -0.39     0.40   -32.64       97
  -0.39     0.41   -32.67       98
  -0.34     0.42   -32.70       99
  -0.35     0.42   -32.73      100
  -0.36     0.43   -32.77      101
  -0.34     0.43   -32.81      102
  -0.35     0.41   -32.83      103
  -0.33     0.42   -32.85      104
  -0.34     0.42   -32.89      105
  -0.35     0.38   -32.91      106
  -0.33     0.37   -32.93      107
  -0.34     0.35   -32.95      108
  -0.34     0.37   -32.97      109
  -0.35     0.36   -33.00      110
  -0.31     0.34   -33.02      111
  -0.32     0.36   -33.04      112
  -0.33     0.34   -33.06      113
  -0.34     0.33   -33.09      114
  -0.32     0.37   -33.11      115
  -0.31     0.38   -33.14      116
  -0.32     0.34   -33.15      117
  -0.30     0.33   -33.16      118
  -0.31     0.36   -33.17      119
  -0.32     0.37   -33.19      120
  -0.33     0.38   -33.21      121
  -0.33     0.34   -33.23      122
  -0.34     0.30   -33.25      123
  -0.34     0.29   -33.27      124
  -0.33     0.29   -33.28      125
  -0.36     0.30   -33.29      126
  -0.36     0.27   -33.31      127
  -0.37     0.29   -33.33      128
  -0.35     0.31   -33.35      129
  -0.33     0.30   -33.36      130
  -0.32     0.32   -33.38      131
  -0.30     0.31   -33.39      132
  -0.32     0.30   -33.40      133
  -0.30     0.30   -33.41      134
  -0.31     0.31   -33.43      135
  -0.30     0.35   -33.44      136
  -0.36     0.39   -33.45      137
  -0.34     0.37   -33.46      138
  -0.35     0.36   -33.48      139
  -0.36     0.37   -33.48      140
  -0.36     0.36   -33.50      141
  -0.37     0.37   -33.51      142
  -0.37     0.36   -33.53      143
  -0.35     0.37   -33.54      144
  -0.34     0.38   -33.55      145
  -0.34     0.39   -33.56      146
  -0.33     0.37   -33.56      147
  -0.34     0.36   -33.56      148
  -0.35     0.35   -33.57      149
  -0.35     0.36   -33.57      150
  -0.36     0.39   -33.58      151
  -0.36     0.38   -33.59      152
  -0.37     0.39   -33.60      153
  -0.37     0.37   -33.61      154
  -0.38     0.38   -33.62      155
  -0.36     0.41   -33.63      156
  -0.36     0.42   -33.65      157
  -0.37     0.42   -33.66      158
  -0.35     0.43   -33.66      159
  -0.33     0.43   -33.67      160
  -0.35     0.44   -33.67      161
  -0.33     0.44   -33.67      162
  -0.34     0.44   -33.68      163
  -0.35     0.45   -33.68      164
  -0.35     0.43   -33.69      165
  -0.34     0.41   -33.69      166
  -0.34     0.39   -33.69      167
  -0.35     0.40   -33.69      168
  -0.36     0.39   -33.68      169
  -0.37     0.39   -33.69      170
  -0.37     0.40   -33.70      171
  -0.35     0.41   -33.71      172
  -0.36     0.42   -33.72      173
  -0.39     0.40   -33.72      174
  -0.39     0.41   -33.72      175
  -0.39     0.41   -33.72      176
  -0.42     0.42   -33.73      177
  -0.42     0.38   -33.74      178
  -0.40     0.39   -33.73      179
  -0.40     0.35   -33.73      180
  -0.40     0.36   -33.73      181
  -0.43     0.38   -33.75      182
  -0.43     0.39   -33.75      183
  -0.43     0.42   -33.75      184
  -0.45     0.42   -33.76      185
  -0.45     0.43   -33.77      186
  -0.47     0.41   -33.76      187
  -0.46     0.42   -33.76      188
  -0.41     0.43   -33.77      189
  -0.41     0.46   -33.79      190
  -0.39     0.46   -33.79      191
  -0.40     0.44   -33.79      192
  -0.38     0.42   -33.81      193
  -0.38     0.38   -33.82      194
  -0.36     0.39   -33.82      195
  -0.32     0.37   -33.83      196
  -0.33     0.38   -33.83      197
  -0.34     0.39   -33.83      198
  -0.32     0.37   -33.83      199
  -0.31     0.38   -33.84      200
  -0.32     0.39   -33.83      201
  -0.33     0.38   -33.84      202
  -0.36     0.36   -33.84      203
  -0.37     0.38   -33.84      204
  -0.35     0.39   -33.84      205
  -0.38     0.37   -33.85      206
  -0.38     0.36   -33.84      207
  -0.38     0.35   -33.84      208
  -0.38     0.35   -33.84      209
  -0.33     0.29   -33.86      210
  -0.54     0.32   -34.27      211
  -1.34     0.67   -35.24      212
  -1.50     0.98   -36.21      213
  -0.89     0.59   -36.88      214
  -0.36     0.24   -37.67      215
  -0.26     0.34   -38.60      216
  -0.42     0.41   -39.66      217
  -0.14     0.44   -40.23      218
   0.11    -0.00   -40.70      219
   0.09    -0.07   -41.41      220
   0.35     0.00   -41.94      221
   0.58     0.10   -42.53      222
   0.54    -0.08   -43.45      223
   0.48    -0.39   -44.80      224
   0.69    -0.30   -46.03      225
   0.71     0.02   -46.87      226
   0.62    -0.30   -47.88      227
   0.73    -0.61   -49.48      228
   0.65    -0.33   -50.76      229
   0.48    -0.18   -51.55      230
   0.62    -0.30   -52.59      231
   0.44    -0.70   -53.69      232
  -0.61    -0.83   -54.36      233
  -1.24    -0.90   -54.65      234
  -2.02    -1.30   -55.30      235
  -3.09    -1.15   -56.01      236
  -4.29    -1.12   -56.44      237
  -5.11    -1.14   -56.55      238
  -5.57    -1.29   -56.78      239
  -6.82    -1.17   -57.15      240
  -8.44    -1.31   -57.48      241
 -10.07    -1.52   -57.59      242
 -11.00    -1.63   -57.61      243
 -11.72    -1.69   -57.59      244
 -12.56    -1.76   -57.64      245
 -13.13    -1.85   -57.72      246
 -13.36    -2.06   -57.68      247
 -13.48    -2.09   -57.54      248
 -13.31    -2.18   -57.35      249
 -13.12    -2.39   -57.16      250
 -12.86    -2.77   -56.95      251
 -11.80    -3.31   -56.59      252
  -9.29    -4.15   -56.22      253
  -5.72    -4.97   -55.95      254
  -2.58    -6.18   -55.44      255
  -0.94    -5.94   -54.89      256
   0.25    -5.24   -54.72      257
   1.11    -5.58   -54.60      258
   2.63    -4.90   -54.41      259
   4.16    -4.41   -54.24      260
   5.43    -3.80   -54.02      261
   6.64    -3.38   -53.92      262
   8.17    -2.76   -53.95      263
   9.56    -2.15   -54.06      264
  10.76    -1.79   -54.20      265
  11.52    -1.69   -54.41      266
  12.49    -1.61   -54.52      267
  13.23    -1.54   -54.67      268
  13.71    -1.65   -54.84      269
  14.44    -1.65   -55.03      270
  15.39    -1.68   -55.22      271
  16.66    -1.69   -55.38      272
  17.71    -1.70   -55.52      273
  18.53    -1.72   -55.64      274
  18.83    -1.71   -55.64      275
  18.87    -1.69   -55.66      276
  18.77    -1.70   -55.69      277
  18.56    -1.66   -55.77      278
  18.44    -1.69   -55.74      279
  17.82    -1.65   -55.85      280
  17.06    -1.87   -56.04      281
  15.45    -2.34   -56.35      282
  13.12    -3.22   -56.77      283
   9.31    -4.86   -57.20      284
   5.09    -6.91   -57.53      285
   1.47    -8.68   -57.60      286
   0.08    -8.55   -56.92      287
  -1.48    -7.80   -56.82      288
  -2.67    -7.66   -56.96      289
  -4.29    -7.27   -57.00      290
  -5.52    -7.06   -57.08      291
  -6.24    -6.92   -57.19      292
  -6.80    -6.85   -57.30      293
  -7.55    -6.75   -57.48      294
  -8.67    -6.62   -57.60      295
  -9.68    -6.51   -57.67      296
 -10.45    -6.27   -57.72      297
 -11.18    -6.19   -57.72      298
 -12.23    -6.06   -57.77      299
 -13.01    -6.09   -57.76      300
 -13.44    -6.07   -57.77      301
 -13.55    -5.94   -57.78      302
 -13.28    -5.93   -57.70      303
 -13.05    -5.97   -57.57      304
 -12.57    -6.05   -57.38      305
 -11.52    -6.03   -57.20      306
  -9.58    -6.26   -56.96      307
  -6.77    -6.76   -56.84      308
  -3.30    -7.42   -56.70      309
   0.22    -7.63   -56.49      310
   1.12    -6.72   -56.26      311
   1.82    -6.68   -56.13      312
   3.20    -5.50   -55.99      313
   4.87    -4.42   -55.83      314
   6.63    -3.22   -55.68      315
   8.54    -1.99   -55.42      316
   9.62    -1.93   -55.40      317
  11.36    -1.29   -55.21      318
  12.27    -1.46   -55.15      319
  12.62    -1.42   -55.22      320
  13.03    -1.45   -55.30      321
  13.54    -1.40   -55.35      322
  14.10    -1.41   -55.30      323
  14.75    -1.35   -55.21      324
  15.51    -1.38   -55.12      325
  16.28    -1.42   -55.03      326
  16.63    -1.35   -55.05      327
  16.70    -1.31   -55.11      328
  16.58    -1.30   -55.18      329
  15.81    -1.28   -55.20      330
  14.60    -1.36   -55.31      331
  12.34    -2.01   -55.67      332
   9.02    -3.33   -56.18      333
   5.27    -5.14   -56.81      334
   1.43    -7.23   -57.12      335
  -0.44    -7.27   -56.83      336
  -2.52    -7.11   -56.56      337
  -4.92    -6.98   -56.67      338
  -8.30    -6.68   -56.49      339
 -11.46    -6.47   -56.13      340
 -12.87    -6.36   -56.09      341
 -13.43    -6.20   -56.25      342
 -14.35    -6.07   -56.49      343
 -15.89    -5.81   -56.78      344
 -17.60    -5.55   -57.00      345
 -18.88    -5.52   -57.16      346
 -19.56    -5.71   -57.14      347
 -20.10    -5.89   -57.05      348
 -21.03    -5.91   -56.93      349
 -22.60    -5.91   -56.76      350
 -23.53    -5.93   -56.53      351
 -23.32    -6.02   -56.38      352
 -23.63    -6.18   -56.27      353
 -24.45    -6.18   -55.99      354
 -24.94    -6.25   -55.75      355
 -24.72    -6.22   -55.62      356
 -24.25    -6.29   -55.41      357
 -23.96    -6.28   -55.26      358
 -23.90    -6.33   -55.17      359
 -23.46    -6.44   -54.95      360
 -22.66    -6.57   -54.70      361
 -21.05    -6.58   -54.69      362
 -18.09    -6.90   -54.73      363
 -14.02    -7.26   -55.01      364
  -9.66    -7.75   -55.38      365
  -6.01    -8.06   -55.17      366
  -3.04    -8.43   -55.01      367
  -0.44    -6.46   -54.72      368
   1.66    -4.65   -54.51      369
   4.04    -2.17   -54.09      370
   6.11    -0.28   -53.73      371
   5.93    -0.34   -53.88      372
   5.96     0.20   -53.87      373
   5.15     0.12   -53.97      374
   3.93     0.12   -54.08      375
   2.51     0.25   -54.19      376
   1.24     0.31   -54.26      377
   1.00     0.41   -54.20      378
   0.56     0.72   -53.85      379
  -0.10     0.75   -53.52      380
  -0.65     0.72   -53.14      381
  -0.71     0.56   -52.86      382
  -0.64     0.31   -52.77      383
  -0.70     0.15   -52.80      384
  -0.73     0.15   -52.82      385
  -0.73     0.14   -52.86      386
  -0.68     0.15   -52.89      387
  -0.65     0.13   -52.92      388
  -0.58     0.14   -52.96      389
  -0.52     0.13   -52.98      390
  -0.51     0.14   -53.00      391
  -0.50     0.15   -53.02      392
  -0.47     0.13   -53.04      393
  -0.45     0.14   -53.06      394
  -0.44     0.13   -53.09      395
  -0.39     0.14   -53.10      396
  -0.37     0.15   -53.13      397
  -0.34     0.14   -53.27      398
  -0.46     0.01   -53.66      399
  -0.47    -0.07   -54.08      400
  -0.47    -0.21   -54.55      401
  -0.39    -0.24   -55.04      402
  -0.39    -0.37   -55.88      403
  -0.29    -0.66   -56.85      404
  -0.22    -0.47   -57.81      405
  -0.26    -0.29   -58.80      406
  -0.34     0.01   -59.71      407
  -0.36    -0.03   -60.71      408
  -0.37    -0.10   -61.83      409
  -0.32     0.05   -62.75      410
  -0.29     0.13   -63.69      411
  -0.49    -0.12   -65.06      412
  -0.45    -0.05   -66.30      413
  -0.14     0.37   -66.93      414
  -0.07     0.40   -67.48      415
  -0.16     0.28   -68.05      416
  -0.06     0.35   -68.50      417
   0.02     0.38   -68.82      418
   0.04     0.41   -69.11      419
   0.06     0.44   -69.33      420
   0.20     0.53   -69.33      421
   0.22     0.50   -69.29      422
   0.21     0.46   -69.06      423
   0.43     1.07   -67.52      424
   0.69     1.51   -65.58      425
   0.24     1.86   -63.15      426
   0.23     1.53   -61.06      427
   0.30     1.01   -59.36      428
   0.12     0.65   -58.02      429
  -0.06     0.48   -56.67      430
  -0.11     0.38   -55.23      431
  -0.35     0.29   -53.94      432
  -0.44     0.19   -52.86      433
  -0.24     0.01   -52.05      434
  -0.23    -0.13   -51.86      435
  -0.29    -0.14   -51.96      436
  -0.36    -0.28   -52.54      437
  -0.38    -0.31   -53.35      438
  -0.29    -0.19   -53.60      439
  -0.09    -0.01   -53.65      440
  -0.07     0.02   -53.70      441
  -0.10    -0.00   -53.74      442
  -0.15    -0.05   -53.91      443
  -0.30    -0.15   -54.48      444
  -0.59    -0.30   -55.26      445
   0.05     0.07   -55.36      446
   0.09    -0.02   -55.45      447
   0.09    -0.15   -55.51      448
   0.06    -0.30   -55.51      449
  -0.07    -0.63   -55.23      450
  -0.31    -0.84   -55.04      451
  -0.47    -1.00   -54.98      452
  -0.55    -1.34   -54.92      453
  -0.78    -1.19   -54.92      454
  -1.20    -1.39   -55.05      455
  -1.43    -2.33   -55.23      456
  -1.85    -3.47   -55.28      457
  -2.26    -4.66   -55.23      458
  -2.37    -6.31   -55.26      459
  -2.52    -7.83   -55.22      460
  -2.55    -8.99   -55.17      461
  -2.54    -9.98   -55.19      462
  -2.64   -10.68   -55.15      463
  -2.67   -11.74   -55.13      464
  -2.61   -12.98   -55.00      465
  -2.53   -14.15   -54.83      466
  -2.56   -14.89   -54.62      467
  -2.50   -15.58   -54.46      468
  -2.58   -15.96   -54.32      469
  -2.63   -16.31   -54.19      470
  -2.41   -16.60   -53.97      471
  -1.93   -16.54   -53.71      472
  -1.37   -16.25   -53.49      473
  -0.57   -15.54   -53.24      474
   0.15   -14.20   -52.86      475
   0.24   -12.54   -52.57      476
   0.16   -10.82   -52.51      477
  -0.21    -9.29   -52.67      478
  -0.34    -7.81   -52.76      479
  -0.11    -6.51   -52.85      480
  -0.11    -5.20   -52.93      481
  -0.13    -3.77   -53.00      482
  -0.06    -2.30   -53.01      483
   0.21    -0.47   -53.11      484
   0.25    -0.42   -53.23      485
   0.38    -0.50   -53.26      486
   0.43    -0.24   -53.32      487
   0.25    -0.31   -53.38      488
   0.11    -0.25   -53.39      489
  -0.13    -0.19   -53.42      490
  -0.23    -0.13   -53.44      491
  -0.25    -0.08   -53.48      492
  -0.27    -0.05   -53.51      493
  -0.26    -0.04   -53.53      494
  -0.28     0.01   -53.56      495
  -0.29     0.01   -53.58      496
  -0.30     0.01   -53.60      497
  -0.28     0.03   -53.63      498
  -0.30     0.04   -54.29      499
  -0.78    -0.33   -55.18      500
  -0.51    -0.33   -55.90      501
   0.06    -0.67   -56.50      502
   0.25    -0.44   -57.30      503
   0.19    -0.75   -57.90      504
  -0.13    -0.78   -58.50      505
  -0.42    -0.97   -58.94      506
  -0.50    -0.94   -59.30      507
  -0.65    -0.97   -59.72      508
  -0.92    -0.90   -60.14      509
  -1.11    -0.89   -60.74      510
  -1.41    -1.07   -61.31      511
  -2.09    -1.27   -61.86      512
  -3.18    -1.42   -62.31      513
  -3.85    -1.68   -62.44      514
  -4.07    -1.70   -62.56      515
  -4.63    -2.04   -62.66      516
  -4.61    -2.38   -62.54      517
  -4.40    -2.53   -62.51      518
  -5.01    -2.91   -62.68      519
  -5.73    -3.41   -62.73      520
  -5.95    -3.67   -62.78      521
  -6.49    -4.06   -62.92      522
  -6.68    -4.39   -62.98      523
  -6.24    -4.41   -63.02      524
  -6.02    -4.31   -63.16      525
  -6.07    -3.94   -63.31      526
  -5.96    -3.71   -63.33      527
  -5.72    -3.46   -63.38      528
  -5.56    -3.40   -63.36      529
  -5.53    -3.32   -63.18      530
  -5.39    -3.18   -63.12      531
  -5.07    -2.88   -63.12      532
  -4.93    -2.64   -63.21      533
  -4.79    -2.54   -63.30      534
  -4.34    -2.61   -63.29      535
  -3.68    -2.76   -63.31      536
  -3.48    -2.92   -63.31      537
  -3.54    -2.85   -63.31      538
  -3.55    -2.73   -63.31      539
  -3.68    -2.85   -63.31      540
  -3.74    -3.01   -63.27      541
  -3.77    -3.01   -63.21      542
  -3.70    -3.22   -63.13      543
  -3.70    -3.59   -63.10      544
  -3.77    -4.10   -63.07      545
  -3.82    -4.41   -63.01      546
  -3.88    -4.90   -62.76      547
  -3.81    -5.84   -62.45      548
  -3.95    -5.17   -62.09      549
  -3.65    -4.88   -61.64      550
  -3.50    -4.26   -61.27      551
  -3.58    -3.68   -60.75      552
  -3.33    -2.88   -60.16      553
  -2.79    -1.98   -59.38      554
  -2.32    -1.10   -58.59      555
  -2.00    -0.61   -57.82      556
  -1.14    -0.27   -57.25      557
  -0.66    -0.27   -56.98      558
  -0.52    -1.70   -56.77      559
  -0.64    -1.40   -56.69      560
  -0.93    -1.36   -56.70      561
  -0.87    -1.18   -56.70      562
  -0.81    -0.89   -56.63      563
  -0.64    -0.68   -56.60      564
  -0.54    -0.60   -56.63      565
  -0.60    -0.59   -56.67      566
  -0.54    -0.51   -56.70      567
  -0.53    -0.48   -56.74      568
  -0.51    -0.38   -56.76      569
  -0.48    -0.34   -56.79      570
  -0.47    -0.31   -56.81      571
  -0.47    -0.29   -56.83      572
  -0.46    -0.26   -56.85      573
  -0.46    -0.24   -56.87      574
  -0.43    -0.21   -56.89      575
  -0.40    -0.19   -56.91      576
  -0.38    -0.15   -56.92      577
  -0.36    -0.10   -56.93      578
  -0.34    -0.11   -56.94      579
  -0.37    -0.12   -56.96      580
  -0.38    -0.11   -56.96      581
  -0.36    -0.10   -56.97      582
  -0.37    -0.06   -56.97      583
  -0.37    -0.05   -56.98      584
  -0.40    -0.07   -56.99      585
  -0.37    -0.08   -57.01      586
  -0.36    -0.05   -57.01      587
  -0.34    -0.04   -57.01      588
  -0.35    -0.03   -57.03      589
  -0.36    -0.03   -57.04      590
  -0.34    -0.02   -57.03      591
  -0.35     0.00   -57.03      592
  -0.38     0.00   -57.05      593
  -0.38     0.00   -57.04      594
  -0.38     0.03   -57.06      595
  -0.39     0.03   -57.07      596
  -0.39     0.03   -57.08      597
  -0.37     0.01   -57.08      598
  -0.40     0.01   -57.08      599
  -0.40     0.01   -57.08      600
  -0.38     0.03   -57.09      601
  -0.38     0.06   -57.08      602
  -0.39     0.03   -57.09      603
  -0.39     0.05   -57.10      604
  -0.37     0.02   -57.09      605
  -0.40     0.02   -57.09      606
  -0.40     0.02   -57.09      607
  -0.38     0.02   -57.10      608
  -0.36     0.02   -57.09      609
  -0.37     0.00   -57.09      610
  -0.40     0.00   -57.09      611
  -0.38     0.01   -57.08      612
  -0.36    -0.02   -57.09      613
  -0.34    -0.01   -57.09      614
  -0.35    -0.01   -57.08      615
  -0.36     0.02   -57.08      616
  -0.36    -0.01   -57.08      617
  -0.34    -0.00   -57.07      618
  -0.33     0.00   -57.08      619
  -0.34     0.03   -57.08      620
  -0.35     0.03   -57.08      621
  -0.36     0.00   -57.08      622
  -0.34     0.03   -57.08      623
  -0.35     0.00   -57.07      624
  -0.34     0.03   -57.07      625
  -0.34     0.05   -57.09      626
  -0.35     0.05   -57.09      627
  -0.36     0.04   -57.09      628
  -0.34     0.02   -57.08      629
  -0.35     0.04   -57.08      630
  -0.31     0.04   -57.09      631
  -0.32     0.04   -57.09      632
  -0.33     0.01   -57.09      633
  -0.34     0.02   -57.10      634
  -0.35     0.04   -57.09      635
  -0.36     0.04   -57.09      636
  -0.36     0.04   -57.09      637
  -0.34     0.01   -57.10      638
  -0.35     0.01   -57.10      639
  -0.31     0.04   -57.09      640
  -0.32     0.06   -57.10      641
  -0.31     0.03   -57.09      642
  -0.30     0.01   -57.09      643
  -0.31     0.01   -57.08      644
  -0.30     0.01   -57.09      645
  -0.29     0.01   -57.09      646
  -0.28     0.03   -57.09      647
  -0.29     0.05   -57.09      648
  -0.28     0.07   -57.09      649
  -0.34     0.02   -57.09      650
  -0.35     0.03   -57.08      651
  -0.34     0.03   -57.08      652
  -0.35     0.05   -57.07      653
  -0.36     0.01   -57.08      654
  -0.34     0.04   -57.08      655
  -0.37    -0.01   -57.08      656
  -0.35     0.02   -57.08      657
  -0.36     0.04   -57.08      658
  -0.38     0.02   -57.08      659
  -0.39     0.07   -57.08      660
  -0.37     0.09   -57.08      661
  -0.37     0.08   -57.08      662
  -0.40     0.10   -57.08      663
  -0.39     0.09   -57.09      664
  -0.38     0.08   -57.09      665
  -0.38     0.04   -57.09      666
  -0.38     0.03   -57.09      667
  -0.36     0.03   -57.09      668
  -0.37     0.01   -57.10      669
  -0.36    -0.01   -57.10      670
  -0.32     0.02   -57.09      671
  -0.31     0.05   -57.10      672
  -0.28     0.04   -57.10      673
  -0.29     0.04   -57.09      674
  -0.28     0.02   -57.10      675
  -0.29     0.02   -57.10      676
  -0.31    -0.02   -57.09      677
  -0.30    -0.20   -57.04      678
  -0.29     0.02   -57.02      679
  -0.31     0.05   -57.03      680
  -0.34    -0.02   -57.01      681
  -0.35     0.01   -57.00      682
  -0.36     0.06   -56.99      683
  -0.37     0.06   -56.99      684
  -0.38     0.07   -56.99      685
  -0.36     0.09   -57.00      686
  -0.36     0.08   -57.00      687
  -0.37     0.06   -57.01      688
  -0.38     0.06   -57.02      689
  -0.40     0.05   -57.02      690
  -0.38     0.07   -57.02      691
  -0.36     0.07   -57.02      692
  -0.37     0.08   -57.03      693
  -0.37     0.10   -57.03      694
  -0.38     0.09   -57.03      695
  -0.39     0.09   -57.03      696
  -0.41     0.06   -57.02      697
  -0.39     0.08   -57.02      698
  -0.41     0.09   -57.01      699
  -0.42     0.11   -57.01      700
  -0.41     0.13   -57.01      701
  -0.44     0.10   -57.01      702
  -0.42     0.09   -57.01      703
   1.97     0.74   -42.66        1
   1.75     0.69   -42.95        2
   1.52     0.62   -43.23        3
   1.35     0.56   -43.51        4
   1.16     0.51   -43.79        5
   1.03     0.48   -44.06        6
   0.87     0.41   -44.34        7
   0.74     0.35   -44.61        8
   0.67     0.29   -44.89        9
   0.60     0.25   -45.16       10
   0.52     0.22   -45.43       11
   0.45     0.16   -45.68       12
   0.36     0.12   -45.94       13
   0.28     0.11   -46.19       14
   0.23     0.11   -46.44       15
   0.17     0.10   -46.68       16
   0.11     0.11   -46.92       17
   0.05     0.10   -47.17       18
   0.03     0.10   -47.38       19
  -0.02     0.12   -47.62       20
  -0.06     0.09   -47.83       21
  -0.05     0.10   -48.07       22
  -0.08     0.10   -48.28       23
  -0.10     0.11   -48.50       24
  -0.13     0.11   -48.70       25
  -0.16     0.10   -48.91       26
  -0.18     0.07   -49.10       27
  -0.21     0.07   -49.30       28
  -0.18     0.07   -49.49       29
  -0.18     0.06   -49.68       30
  -0.21     0.04   -49.85       31
  -0.23     0.01   -50.02       32
  -0.25     0.02   -50.20       33
  -0.24     0.02   -50.37       34
  -0.23     0.04   -50.52       35
  -0.25     0.04   -50.69       36
  -0.25     0.02   -50.84       37
  -0.26     0.02   -50.99       38
  -0.28     0.02   -51.13       39
  -0.29     0.02   -51.27       40
  -0.30     0.02   -51.40       41
  -0.27     0.03   -51.54       42
  -0.26     0.00   -51.68       43
  -0.26     0.01   -51.81       44
  -0.27     0.01   -51.93       45
  -0.28    -0.01   -52.05       46
  -0.30     0.02   -52.17       47
  -0.26     0.02   -52.28       48
  -0.25    -0.00   -52.39       49
  -0.27     0.00   -52.50       50
  -0.31    -0.02   -52.62       51
  -0.32     0.01   -52.72       52
  -0.31     0.01   -52.81       53
  -0.32     0.03   -52.92       54
  -0.33     0.01   -53.02       55
  -0.34     0.01   -53.12       56
  -0.35     0.01   -53.23       57
  -0.38    -0.01   -53.32       58
  -0.36     0.02   -53.41       59
  -0.34     0.02   -53.49       60
  -0.32     0.00   -53.57       61
  -0.33     0.03   -53.66       62
  -0.32     0.05   -53.75       63
  -0.33     0.03   -53.83       64
  -0.36     0.01   -53.92       65
  -0.34     0.01   -53.99       66
  -0.33     0.03   -54.06       67
  -0.33     0.06   -54.13       68
  -0.34     0.08   -54.20       69
  -0.37     0.10   -54.26       70
  -0.35     0.11   -54.34       71
  -0.36     0.08   -54.40       72
  -0.37     0.08   -54.45       73
  -0.34     0.08   -54.52       74
  -0.28     0.11   -54.57       75
  -0.23     0.12   -54.64       76
  -0.21     0.10   -54.70       77
  -0.17     0.11   -54.77       78
  -0.21     0.15   -54.83       79
  -0.23     0.14   -55.05       80
  -0.38     0.17   -55.36       81
  -0.58     0.21   -55.77       82
  -0.51     0.21   -56.02       83
  -0.24     0.12   -56.30       84
  -0.23     0.05   -56.73       85
  -0.36     0.08   -57.30       86
  -0.43     0.02   -57.93       87
  -0.43    -0.02   -58.68       88
  -0.50    -0.10   -59.43       89
  -0.43    -0.26   -60.29       90
  -0.22    -0.24   -60.83       91
  -0.07    -0.20   -61.21       92
   0.02    -0.11   -61.48       93
   0.08    -0.22   -61.78       94
   0.01    -0.42   -62.14       95
  -0.10    -0.43   -62.54       96
  -0.03    -0.22   -62.97       97
  -0.01    -0.16   -63.36       98
  -0.02    -0.01   -63.71       99
   0.08     0.25   -63.78      100
   0.20     0.74   -63.40      101
   0.26     0.91   -63.21      102
   0.07     0.51   -63.21      103
  -0.01     0.42   -63.20      104
  -0.01     0.36   -63.21      105
  -0.05     0.32   -63.22      106
  -0.01     0.29   -63.24      107
  -0.04     0.23   -63.62      108
  -0.61     0.04   -63.71      109
   0.02     0.24   -64.02      110
  -0.18    -0.31   -64.34      111
  -0.48    -0.59   -64.92      112
  -0.72    -0.90   -65.42      113
  -0.62    -1.17   -65.53      114
  -0.60    -1.73   -65.65      115
  -0.78    -1.45   -65.81      116
  -1.50    -1.49   -66.03      117
  -2.22    -1.57   -65.92      118
  -2.66    -1.56   -65.95      119
  -3.28    -1.89   -65.96      120
  -3.94    -2.33   -65.87      121
  -3.83    -2.41   -65.63      122
  -3.47    -2.59   -65.49      123
  -3.46    -2.26   -65.42      124
  -3.51    -1.85   -65.39      125
  -3.53    -1.57   -65.42      126
  -3.27    -1.00   -65.48      127
  -2.71    -0.10   -65.43      128
  -2.10     0.78   -65.36      129
  -1.92     1.36   -65.46      130
  -2.03     1.77   -65.60      131
  -1.66     2.61   -65.57      132
  -1.44     3.27   -65.51      133
  -1.77     3.45   -65.68      134
  -1.75     3.84   -65.76      135
  -1.12     4.50   -65.72      136
  -0.80     5.04   -65.66      137
  -0.79     5.25   -65.67      138
  -0.74     5.57   -65.61      139
  -0.59     6.03   -65.56      140
  -0.68     6.31   -65.63      141
  -0.84     6.68   -65.70      142
  -0.50     7.32   -65.61      143
  -0.06     7.93   -65.53      144
   0.24     8.42   -65.52      145
   0.19     8.74   -65.52      146
   0.51     9.22   -65.42      147
   0.65     9.62   -65.41      148
   0.59     9.58   -65.42      149
   0.40     9.61   -65.43      150
   0.50     9.93   -65.40      151
   0.59    10.22   -65.39      152
   0.42    10.44   -65.40      153
   0.20    10.74   -65.45      154
   0.24    11.14   -65.46      155
   0.14    11.24   -65.53      156
  -0.15    11.01   -65.61      157
  -0.34    11.10   -65.66      158
  -0.64    11.21   -65.73      159
  -0.85    11.14   -65.77      160
  -1.10    10.88   -65.85      161
  -1.46    10.23   -65.97      162
  -2.04     9.43   -66.08      163
  -2.82     8.81   -66.17      164
  -3.58     8.20   -66.32      165
  -4.27     7.63   -66.49      166
  -4.78     7.26   -66.64      167
  -5.39     6.84   -66.82      168
  -6.16     6.23   -67.00      169
  -6.76     5.26   -67.02      170
  -7.37     4.23   -67.05      171
  -8.34     3.45   -67.09      172
  -9.08     2.79   -67.18      173
  -9.98     2.09   -67.23      174
 -10.87     1.62   -67.31      175
 -11.63     1.14   -67.41      176
 -12.72     0.59   -67.50      177
 -13.59    -0.17   -67.55      178
 -14.52    -0.72   -67.62      179
 -15.61    -1.21   -67.78      180
 -16.54    -1.74   -67.95      181
 -17.55    -2.17   -68.06      182
 -18.50    -2.55   -68.16      183
 -19.27    -2.81   -68.28      184
 -19.55    -2.99   -68.39      185
 -20.06    -3.28   -68.43      186
 -21.34    -3.80   -68.49      187
 -22.25    -4.40   -68.59      188
 -22.42    -4.72   -68.65      189
 -22.67    -4.85   -68.63      190
 -23.10    -5.12   -68.59      191
 -23.55    -5.43   -68.57      192
 -23.79    -5.73   -68.53      193
 -23.69    -5.94   -68.49      194
 -23.41    -6.18   -68.43      195
 -23.59    -6.30   -68.29      196
 -23.76    -6.49   -68.22      197
 -23.10    -6.33   -68.19      198
 -21.99    -6.16   -68.13      199
 -20.74    -6.00   -67.98      200
 -19.34    -5.84   -67.77      201
 -18.13    -5.95   -67.52      202
 -16.64    -5.80   -67.29      203
 -15.50    -5.41   -67.08      204
 -14.50    -4.73   -66.92      205
 -13.19    -3.86   -66.72      206
 -11.49    -3.09   -66.54      207
 -10.50    -2.94   -66.34      208
  -9.82    -2.97   -66.14      209
  -8.77    -3.15   -65.98      210
  -7.34    -3.07   -65.89      211
  -6.47    -2.71   -65.83      212
  -6.08    -2.69   -65.77      213
  -5.00    -2.83   -65.71      214
  -3.47    -2.72   -65.66      215
  -1.95    -2.76   -65.60      216
  -0.21    -2.83   -65.54      217
   1.34    -2.79   -65.40      218
   1.69    -2.77   -65.29      219
   2.99    -2.48   -65.23      220
   4.86    -2.15   -65.16      221
   6.06    -1.86   -65.16      222
   6.87    -1.60   -65.05      223
   7.59    -1.32   -64.91      224
   8.40    -0.91   -64.80      225
   9.37    -0.53   -64.73      226
  10.05    -0.29   -64.72      227
  10.49    -0.12   -64.69      228
  10.97    -0.13   -64.66      229
  11.01    -0.12   -64.69      230
  11.24    -0.07   -64.77      231
  11.06    -0.02   -64.83      232
  10.74    -0.03   -64.88      233
  10.40    -0.02   -64.97      234
   9.69    -0.06   -65.11      235
   8.09    -0.06   -65.30      236
   6.78    -0.02   -65.49      237
   5.67    -0.03   -65.64      238
   3.96    -0.28   -65.71      239
   1.11    -0.87   -65.82      240
  -1.59    -1.23   -65.88      241
  -2.72    -1.17   -65.97      242
  -3.59    -0.96   -66.06      243
  -4.55    -0.96   -66.19      244
  -5.69    -1.11   -66.41      245
  -7.49    -1.34   -66.65      246
 -10.00    -1.69   -66.92      247
 -11.97    -2.02   -67.03      248
 -13.56    -2.30   -67.16      249
 -15.02    -2.58   -67.29      250
 -16.54    -3.10   -67.35      251
 -17.75    -3.42   -67.37      252
 -19.06    -3.52   -67.39      253
 -20.17    -3.75   -67.38      254
 -21.11    -3.92   -67.37      255
 -21.92    -4.17   -67.35      256
 -22.37    -4.46   -67.28      257
 -22.45    -4.67   -67.19      258
 -22.82    -5.01   -67.11      259
 -22.87    -5.35   -66.96      260
 -22.61    -5.56   -66.86      261
 -22.43    -5.79   -66.77      262
 -21.98    -6.04   -66.69      263
 -21.02    -6.24   -66.64      264
 -20.23    -6.42   -66.56      265
 -19.62    -6.93   -66.44      266
 -18.36    -7.37   -66.29      267
 -16.90    -7.64   -66.06      268
 -15.44    -7.74   -65.96      269
 -14.07    -7.59   -65.88      270
 -13.18    -7.56   -65.80      271
 -11.99    -7.73   -65.65      272
 -10.70    -7.99   -65.52      273
  -9.58    -8.19   -65.40      274
  -8.42    -8.33   -65.33      275
  -7.15    -8.03   -65.29      276
  -6.08    -7.82   -65.17      277
  -5.14    -7.66   -65.08      278
  -4.08    -7.81   -64.97      279
  -2.98    -7.73   -64.80      280
  -1.81    -7.51   -64.56      281
  -0.71    -7.03   -64.25      282
  -0.07    -6.47   -64.00      283
   0.48    -5.80   -63.90      284
   0.92    -4.94   -63.86      285
   1.47    -4.27   -63.80      286
   1.81    -4.02   -63.81      287
   2.08    -4.05   -63.87      288
   2.57    -3.71   -63.91      289
   3.24    -3.05   -63.92      290
   3.72    -2.43   -64.01      291
   3.92    -1.88   -64.12      292
   4.16    -1.36   -64.21      293
   4.05    -1.10   -64.34      294
   4.15    -0.68   -64.47      295
   4.38     0.07   -64.52      296
   4.37     0.73   -64.54      297
   4.29     1.04   -64.47      298
   3.67     0.94   -64.47      299
   2.77     0.86   -64.47      300
   2.38     1.01   -64.52      301
   2.20     1.38   -64.57      302
   1.23     1.43   -64.76      303
   0.36     0.90   -64.95      304
  -0.02     0.50   -65.11      305
  -0.91    -0.26   -65.34      306
  -2.15    -1.29   -65.47      307
  -3.60    -2.69   -65.53      308
  -5.36    -3.90   -65.51      309
  -6.21    -4.15   -65.54      310
  -6.90    -3.89   -65.68      311
  -7.59    -3.85   -65.79      312
  -8.40    -3.87   -65.87      313
  -9.04    -4.09   -65.95      314
  -9.31    -4.53   -65.94      315
  -9.92    -5.03   -65.97      316
 -10.14    -5.52   -65.95      317
 -10.81    -5.96   -66.04      318
 -11.32    -6.24   -66.07      319
 -11.62    -6.46   -66.15      320
 -11.95    -6.68   -66.23      321
 -12.69    -6.86   -66.29      322
 -13.57    -7.03   -66.33      323
 -14.28    -7.13   -66.42      324
 -14.67    -7.11   -66.58      325
 -15.67    -7.36   -66.72      326
 -16.63    -7.70   -66.80      327
 -17.09    -7.83   -66.93      328
 -17.77    -8.01   -67.08      329
 -18.76    -8.36   -67.20      330
 -19.35    -8.60   -67.24      331
 -19.75    -8.83   -67.19      332
 -20.02    -9.04   -67.09      333
 -19.95    -9.23   -67.03      334
 -19.97    -9.29   -66.93      335
 -20.08    -9.39   -66.73      336
 -19.91    -9.50   -66.57      337
 -19.68    -9.59   -66.40      338
 -19.41    -9.70   -66.20      339
 -18.72    -9.73   -66.01      340
 -17.91    -9.64   -65.85      341
 -17.33    -9.78   -65.64      342
 -16.50    -9.98   -65.47      343
 -15.80   -10.10   -65.26      344
 -15.29   -10.21   -65.02      345
 -14.74   -10.25   -64.83      346
 -14.05   -10.35   -64.66      347
 -13.67   -10.40   -64.49      348
 -13.68   -10.44   -64.36      349
 -13.64   -10.57   -64.25      350
 -13.42   -10.52   -64.14      351
 -13.02   -10.42   -64.05      352
 -12.49   -10.36   -64.01      353
 -12.13   -10.35   -63.86      354
 -11.82   -10.59   -63.65      355
 -11.47   -10.83   -63.36      356
 -10.83   -10.95   -63.08      357
 -10.09   -11.13   -62.79      358
  -9.14   -11.45   -62.37      359
  -7.99   -11.53   -61.98      360
  -6.53   -11.43   -61.57      361
  -5.01   -11.42   -61.14      362
  -4.35   -11.95   -60.70      363
  -3.93   -12.13   -60.26      364
  -3.11   -11.73   -59.96      365
  -2.45   -11.29   -59.74      366
  -2.15   -10.92   -59.40      367
  -1.55   -10.55   -59.05      368
  -0.67   -10.23   -58.76      369
   0.09   -10.02   -58.46      370
   0.44   -10.21   -58.10      371
   0.30   -10.60   -57.76      372
   0.34   -10.63   -57.57      373
   0.80   -10.48   -57.41      374
   1.19   -10.37   -57.21      375
   1.26   -10.49   -57.08      376
   1.13   -10.74   -57.00      377
   1.03   -11.03   -56.98      378
   1.16   -11.11   -57.07      379
   1.30   -11.16   -57.16      380
   1.19   -11.32   -57.21      381
   0.76   -11.25   -57.21      382
   0.38   -10.76   -57.29      383
   0.23   -10.05   -57.43      384
   0.05    -9.47   -57.54      385
  -0.13    -8.93   -57.62      386
  -0.14    -8.43   -57.64      387
  -0.04    -7.92   -57.70      388
  -0.07    -7.51   -57.76      389
  -0.14    -7.10   -57.84      390
  -0.17    -6.61   -57.92      391
  -0.23    -6.16   -58.03      392
  -0.35    -5.64   -58.15      393
  -0.35    -5.21   -58.25      394
  -0.26    -4.85   -58.33      395
  -0.33    -4.55   -58.43      396
  -0.45    -4.17   -58.53      397
  -0.59    -3.63   -58.68      398
  -1.03    -2.93   -58.96      399
  -1.17    -2.35   -59.27      400
  -0.89    -1.91   -59.42      401
  -0.80    -1.69   -59.57      402
  -1.00    -1.62   -59.68      403
  -1.03    -1.56   -59.57      404
  -0.53    -1.31   -59.59      405
  -0.45    -1.13   -59.64      406
  -0.43    -0.99   -59.71      407
  -0.32    -0.69   -59.75      408
  -0.12    -0.21   -59.78      409
  -0.07     0.21   -59.83      410
  -0.20     0.21   -59.86      411
  -0.21     0.19   -59.86      412
  -0.24     0.19   -59.88      413
  -0.21     0.20   -59.89      414
  -0.21     0.18   -59.89      415
  -0.20     0.16   -59.89      416
  -0.23     0.15   -59.91      417
  -0.24     0.14   -59.91      418
  -0.24     0.15   -59.93      419
  -0.23     0.09   -59.94      420
  -0.23     0.08   -59.96      421
  -0.23     0.05   -59.97      422
  -0.20     0.02   -59.98      423
  -0.23     0.05   -60.00      424
  -0.22     0.07   -60.01      425
  -0.24     0.08   -60.02      426
  -0.22     0.08   -60.02      427
  -0.22     0.05   -60.04      428
  -0.22     0.05   -60.05      429
  -0.22     0.04   -60.07      430
  -0.24     0.04   -60.08      431
  -0.23     0.04   -60.09      432
  -0.23     0.04   -60.11      433
  -0.20     0.04   -60.12      434
  -0.20     0.04   -60.13      435
  -0.22     0.01   -60.15      436
  -0.22    -0.03   -60.16      437
  -0.24    -0.00   -60.17      438
  -0.22    -0.00   -60.18      439
  -0.21    -0.00   -60.20      440
  -0.21     0.00   -60.21      441
  -0.21     0.03   -60.21      442
  -0.23     0.00   -60.23      443
  -0.21     0.00   -60.23      444
  -0.20    -0.04   -60.25      445
  -0.20    -0.06   -60.25      446
  -0.20    -0.02   -60.27      447
  -0.22    -0.02   -60.28      448
  -0.22    -0.02   -60.29      449
  -0.22     0.01   -60.30      450
  -0.22     0.01   -60.31      451
  -0.21    -0.01   -60.31      452
  -0.24    -0.01   -60.31      453
  -0.23    -0.00   -60.32      454
  -0.23    -0.02   -60.33      455
  -0.20    -0.02   -60.33      456
  -0.18     0.01   -60.34      457
  -0.18    -0.01   -60.34      458
  -0.18    -0.01   -60.35      459
  -0.18    -0.01   -60.35      460
  -0.21     0.02   -60.35      461
  -0.23     0.02   -60.35      462
  -0.28     0.02   -60.36      463
  -0.27     0.02   -60.37      464
  -0.29    -0.01   -60.38      465
  -0.30    -0.00   -60.39      466
  -0.29     0.02   -60.40      467
  -0.28     0.02   -60.40      468
  -0.27     0.02   -60.41      469
  -0.26     0.07   -60.41      470
  -0.28     0.04   -60.42      471
  -0.27     0.06   -60.43      472
  -0.25     0.06   -60.43      473
  -0.24     0.07   -60.44      474
  -0.24     0.07   -60.45      475
  -0.23     0.08   -60.44      476
  -0.20     0.08   -60.44      477
  -0.20     0.09   -60.44      478
  -0.18     0.11   -60.44      479
  -0.13     0.10   -60.45      480
  -0.11     0.12   -60.45      481
  -0.15     0.08   -60.45      482
  -0.17     0.08   -60.45      483
  -0.22     0.05   -60.45      484
  -0.22     0.04   -60.45      485
  -0.22     0.04   -60.44      486
  -0.20     0.06   -60.44      487
  -0.17     0.03   -60.44      488
  -0.17     0.03   -60.45      489
  -0.18     0.03   -60.46      490
  -0.16     0.06   -60.45      491
  -0.14     0.05   -60.45      492
  -0.15     0.07   -60.46      493
  -0.20     0.07   -60.45      494
  -0.20     0.07   -60.45      495
  -0.20     0.06   -60.45      496
  -0.20     0.04   -60.46      497
  -0.18     0.01   -60.47      498
  -0.18    -0.01   -60.47      499
  -0.21    -0.01   -60.47      500
  -0.23    -0.00   -60.48      501
  -0.23    -0.02   -60.47      502
  -0.22    -0.06   -60.47      503
  -0.20    -0.10   -60.47      504
  -0.23    -0.10   -60.48      505
  -0.23    -0.11   -60.49      506
  -0.25    -0.09   -60.49      507
  -0.27    -0.10   -60.49      508
  -0.27    -0.09   -60.49      509
  -0.27    -0.07   -60.50      510
  -0.31    -0.08   -60.50      511
  -0.32    -0.10   -60.49      512
  -0.31    -0.11   -60.50      513
  -0.34    -0.14   -60.51      514
  -0.33    -0.12   -60.52      515
  -0.33    -0.15   -60.53      516
  -0.32    -0.13   -60.55      517
  -0.29    -0.14   -60.56      518
  -0.30    -0.10   -60.56      519
  -0.29    -0.06   -60.57      520
  -0.29    -0.03   -60.57      521
  -0.26    -0.05   -60.58      522
  -0.23    -0.06   -60.58      523
  -0.23    -0.05   -60.59      524
  -0.23    -0.04   -60.59      525
  -0.23    -0.03   -60.59      526
  -0.20    -0.03   -60.60      527
  -0.23    -0.04   -60.60      528
  -0.20    -0.04   -60.60      529
  -0.20    -0.07   -60.59      530
  -0.23    -0.09   -60.61      531
  -0.23    -0.10   -60.62      532
  -0.25    -0.04   -60.62      533
  -0.27    -0.04   -60.61      534
  -0.26    -0.03   -60.61      535
  -0.24    -0.02   -60.61      536
  -0.23    -0.04   -60.62      537
  -0.23    -0.03   -60.62      538
  -0.25    -0.03   -60.62      539
  -0.22    -0.05   -60.62      540
  -0.24    -0.04   -60.62      541
  -0.24    -0.01   -60.63      542
  -0.24     0.02   -60.62      543
  -0.24     0.02   -60.61      544
  -0.21     0.04   -60.62      545
  -0.21     0.06   -60.62      546
  -0.23     0.03   -60.64      547
  -0.25     0.01   -60.63      548
  -0.25     0.01   -60.63      549
  -0.24     0.06   -60.63      550
  -0.21     0.08   -60.63      551
  -0.24     0.05   -60.62      552
  -0.26     0.05   -60.62      553
  -0.25     0.04   -60.62      554
