   0.05    -1.47     0.88     6.84   -0.98   254.98     0.020    0.318   -1.193   255.073
   0.04    -1.47     0.83     6.84   -1.96   253.96     0.021    0.368   -2.153   254.054
  -0.00    -1.47     0.78     6.84   -0.98   253.96     0.020    0.332   -0.973   254.056
  -0.02    -1.48     0.73     6.84   -1.96   254.98     0.021    0.273   -1.856   255.074
  -0.07    -1.49     0.68     6.84    0.00   254.98     0.020    0.212    0.302   255.074
  -0.06    -1.50     0.63     6.84   -1.96   253.96     0.021    0.228   -1.703   254.058
  -0.09    -1.50     0.58     6.84   -1.96   252.95     0.020    0.216   -1.556   253.041
  -0.13    -1.51     0.52     6.84    0.00   252.95     0.021    0.158    0.556   253.038
  -0.11    -1.52     0.47     7.82   -0.98   254.98     0.020    1.052   -0.473   255.101
  -0.12    -1.55     0.42     7.82   -1.96   253.96     0.021    0.965   -1.423   254.086
  -0.14    -1.57     0.38     6.84   -0.98   253.96     0.020   -0.118   -0.347   254.058
  -0.14    -1.57     0.33     7.82   -1.96   253.96     0.021    0.867   -1.315   254.087
  -0.17    -1.59     0.27     6.84   -0.98   254.98     0.020   -0.240   -0.234   255.075
  -0.16    -1.58     0.22     6.84   -1.96   253.96     0.021   -0.180   -1.236   254.061
  -0.19    -1.58     0.18     8.79   -0.98   252.95     0.020    1.807   -0.132   253.095
  -0.19    -1.63     0.14     6.84   -1.96   254.98     0.021   -0.406   -1.108   255.079
  -0.22    -1.62     0.10     5.86   -0.98   253.96     0.020   -1.337   -0.010   254.030
  -0.22    -1.60     0.05     6.84   -1.96   254.98     0.021   -0.264   -1.001   255.079
  -0.24    -1.60     0.01     6.84   -1.96   254.98     0.020   -0.272   -0.872   255.080
  -0.29    -1.61    -0.05     5.86   -1.96   252.95     0.021   -1.226   -0.663   253.018
  -0.35    -1.60    -0.11    -2.93   -1.96   253.96     0.020  -10.007   -0.377   253.791
  -0.42    -1.39    -0.15   -13.68    0.98   256.00     0.020  -19.869    2.911   255.579
  -0.38    -0.92    -0.20   -20.52    0.98   257.02     0.021  -24.653    2.777   256.641
  -0.33    -0.38    -0.24   -27.36    3.92   257.02     0.020  -29.017    5.520   256.807
  -0.23     0.30    -0.29   -49.83    5.89   259.05     0.021  -48.434    7.152   259.287
  -0.10     1.34    -0.33   -37.13    2.94   258.04     0.020  -31.070    3.590   258.827
  -0.03     2.06    -0.36   -27.36    0.00   260.07     0.021  -17.992    0.228   260.887
  -0.02     2.46    -0.38   -29.31   -3.92   249.89     0.020  -18.601   -3.713   250.921
  -0.09     2.90    -0.42   -50.81   -1.96   248.87     0.021  -38.159   -1.274   251.130
  -0.08     3.78    -0.40   -61.56    7.85   258.04     0.020  -44.354    8.515   261.522
   0.13     4.80    -0.46   -62.53    2.94   254.98     0.021  -40.959    2.689   259.327
   0.15     5.68    -0.49   -35.18   -2.94   257.02     0.020   -9.588   -3.549   259.229
   0.07     5.92    -0.53   -38.11   -0.98   252.95     0.021  -11.819   -1.187   255.527
   0.01     6.20    -0.58   -24.43    0.98   260.07     0.020    3.819    0.887   261.189
   0.06     6.15    -0.63   -46.90    1.96   251.93     0.021  -19.601    1.929   255.506
   0.11     6.64    -0.69   -27.36    5.89   250.91     0.020    1.897    5.374   252.402
   0.27     6.62    -0.66    -5.86    6.87   266.18     0.021   24.919    5.339   265.110
   0.41     6.13    -0.70     9.77   -2.94   266.18     0.020   38.063   -5.318   263.587
   0.29     5.29    -0.67    -9.77    4.90   254.98     0.021   13.826    3.456   254.818
   0.37     5.00    -0.66     7.82    0.98   258.04     0.020   30.256   -1.041   256.375
   0.34     4.29    -0.63   -44.95  -15.69   245.82     0.021  -26.628  -16.858   248.397
   0.01     4.90    -0.67     7.82  -13.73   270.25     0.020   30.731  -14.131   268.591
  -0.27     4.28    -0.71    -1.95    3.92   248.87     0.021   16.665    4.905   248.306
  -0.14     3.95    -0.76    26.38    7.85   252.95     0.020   43.850    7.908   250.508
   0.06     2.94    -0.84    34.20   10.79   270.25     0.021   48.175    9.802   268.150
   0.30     2.01    -0.95    35.18   -2.94   264.14     0.020   44.327   -5.038   262.731
   0.22     1.11    -1.15    -9.77   -9.81   262.11     0.020   -4.926  -10.725   262.207
  -0.08     1.22    -1.34   -11.73   -8.83   254.98     0.021   -6.486   -8.319   255.186
  -0.28     1.38    -1.60    41.04    4.90   246.84     0.020   47.112    4.795   245.754
  -0.17     0.29    -1.88    16.61  -13.73   246.84     0.021   17.409  -13.588   246.792
  -0.44    -0.08    -2.11     9.77  -13.73   241.75     0.020    8.988  -12.225   241.861
  -0.61    -0.26    -2.37     8.79  -13.73   231.57     0.021    7.288  -11.571   231.741
  -0.91    -0.42    -2.73    19.54  -12.75   266.18     0.020   17.154   -9.353   266.484
  -1.11    -0.81    -3.05    12.70    4.90   245.82     0.021    9.726    9.170   245.835
  -0.87    -0.98    -3.33    72.31   -9.81   265.16     0.020   67.298   -9.694   266.480
  -0.93    -2.35    -3.71    78.17  -10.79   261.09     0.021   66.817  -10.905   264.217
  -0.99    -3.67    -4.01    93.80    1.96   252.95     0.020   77.667    0.912   258.363
  -0.86    -5.35    -4.37    72.31  -16.67   243.79     0.021   48.125  -16.740   249.682
  -1.08    -6.44    -4.71    52.76   -5.89   252.95     0.020   23.892   -3.087   257.333
  -1.05    -6.99    -5.15     4.89    8.83   251.93     0.021  -24.477   15.722   250.446
  -0.72    -6.41    -5.68   -15.63    4.90   251.93     0.020  -42.625   12.367   248.529
  -0.52    -5.36    -6.23     4.89   -0.98   250.91     0.021  -18.344    3.294   250.267
  -0.56    -4.97    -6.68    47.88   -3.92   254.98     0.020   25.252   -4.418   258.198
  -0.64    -5.60    -7.00    77.19    0.00   257.02     0.021   51.719   -3.455   263.306
  -0.53    -6.67    -7.31    32.24    0.00   253.96     0.020    2.812    2.006   255.980
  -0.39    -6.71    -7.62    -6.84   -1.96   253.96     0.021  -36.196    4.627   251.430
  -0.36    -5.88    -7.99     5.86    3.92   247.86     0.020  -18.588    8.127   247.126
  -0.22    -5.43    -8.42    28.34   -5.89   252.95     0.021    3.493   -5.471   254.514
  -0.36    -5.54    -8.72    42.02   -6.87   246.84     0.020   16.960   -7.994   249.781
  -0.47    -5.97    -8.94    75.24   -3.92   253.96     0.021   47.556   -9.331   260.433
  -0.52    -7.02    -9.22    40.06   -0.98   254.98     0.020    8.706   -0.041   257.965
  -0.50    -7.19    -9.53    42.99   -1.96   253.96     0.020   10.779   -1.554   257.355
  -0.51    -7.46    -9.89   -23.45    0.00   257.02     0.021  -55.384   11.955   251.789
  -0.44    -6.18   -10.23   -26.38    2.94   258.04     0.020  -52.270   14.453   253.665
  -0.28    -4.90   -10.57    14.66   -2.94   256.00     0.021   -7.459   -0.326   256.327
  -0.30    -4.73   -10.82    35.18   -3.92   254.98     0.020   13.292   -5.179   257.031
  -0.41    -5.08   -11.00    30.29   -0.98   251.93     0.021    7.854   -0.691   253.622
  -0.39    -5.27   -11.11    16.61   -0.98   253.96     0.020   -6.518    2.031   254.417
  -0.32    -5.09   -11.26    31.27   -3.92   251.93     0.021    8.136   -4.163   253.727
  -0.35    -5.28   -11.39    10.75   -2.94   254.98     0.020  -12.776    1.177   254.903
  -0.29    -4.92   -11.51     5.86    0.00   250.91     0.021  -15.089    4.361   250.487
  -0.05    -4.50   -11.62    15.63    1.96   252.95     0.020   -3.743    3.006   253.391
   0.16    -4.38   -11.78    42.02   -3.92   256.00     0.021   20.941   -9.108   258.448
   0.11    -4.87   -11.90    69.37   -4.90   252.95     0.020   45.498  -15.102   257.916
  -0.01    -5.97   -12.04    55.69   -2.94   256.00     0.021   27.534   -8.832   260.404
  -0.08    -6.61   -12.21    59.60    0.00   254.98     0.020   29.263   -5.945   260.148
  -0.09    -7.31   -12.45    73.28   -1.96   261.09     0.021   38.223  -10.007   268.292
  -0.14    -8.11   -12.71   103.57   -9.81   263.13     0.020   61.769  -23.342   275.133
  -0.28    -9.37   -13.01    73.28   -8.83   256.00     0.021   28.134  -14.288   264.554
  -0.46   -10.04   -13.36    97.71   -0.98   248.87     0.020   51.628  -11.203   262.099
  -0.42   -11.22   -13.88    60.58  -17.66   246.84     0.021    7.231  -18.097   254.030
  -0.79   -11.50   -14.37    68.40  -13.73   240.73     0.020   15.825  -14.787   249.699
  -0.98   -11.96   -15.06    85.01    3.92   262.11     0.021   30.047    0.603   273.932
  -0.84   -12.55   -15.82    67.42   12.75   258.04     0.020   13.934   13.256   266.309
  -0.46   -12.79   -16.73    50.81    2.94   253.96     0.021   -4.972    6.686   258.880
  -0.38   -12.66   -17.50    35.18    2.94   263.13     0.020  -20.879   11.478   264.411
  -0.25   -12.17   -18.21     9.77   -1.96   251.93     0.020  -41.666   12.782   248.330
  -0.18   -11.17   -18.79    14.66  -13.73   250.91     0.021  -36.592   -1.232   249.036
  -0.52   -10.44   -19.02    32.24  -11.77   259.05     0.020  -17.499   -3.936   260.702
  -0.76   -10.12   -19.16   -17.59   -7.85   249.89     0.021  -59.344   15.822   242.992
  -0.84    -8.81   -19.16    30.29   17.66   258.04     0.020   -1.971   23.394   259.346
  -0.34    -8.62   -19.27     1.95    3.92   267.20     0.021  -34.155   17.768   264.445
  -0.18    -7.86   -19.17    21.50   -8.83   265.16     0.020  -16.748   -2.643   265.637
  -0.33    -7.56   -18.93   -25.40    6.87   257.02     0.021  -53.070   27.044   251.402
  -0.21    -6.28   -18.63   -23.45   -1.96   254.98     0.020  -48.846   15.382   250.893
  -0.24    -5.07   -18.25    -7.82    6.87   251.93     0.021  -26.063   16.946   250.219
  -0.01    -4.42   -17.88    25.40   22.56   254.98     0.020   12.327   19.790   256.177
   0.57    -4.57   -17.51   -15.63    4.90   251.93     0.021  -33.290   13.027   249.917
   0.59    -3.80   -17.12   -20.52   12.75   247.86     0.020  -32.280   20.630   246.067
   0.82    -2.98   -16.74   -46.90    4.90   257.02     0.021  -57.307   18.502   254.274
   0.83    -1.69   -16.36   -28.34   -0.98   262.11     0.020  -35.929    5.561   261.117
   0.73    -0.89   -15.96   -29.31    0.00   258.04     0.021  -32.926    6.017   257.529
   0.66    -0.16   -15.57   -38.11   11.77   261.09     0.020  -35.066   18.850   261.100
   0.90     0.72   -15.22   -35.18   12.75   253.96     0.021  -28.562   16.863   254.554
   1.12     1.46   -14.88   -29.31    6.87   241.75     0.020  -21.834    7.998   242.505
   1.18     1.95   -14.50   -12.70    8.83   259.05     0.021   -2.866    4.365   259.463
   1.26     2.03   -14.21   -62.53    9.81   249.89     0.020  -50.937   17.348   252.106
   1.35     3.30   -13.89   -42.02   16.67   261.09     0.021  -23.608   16.678   263.392
   1.60     3.86   -13.57   -41.04   -4.90   256.00     0.020  -25.874   -6.142   257.948
   1.33     4.43   -13.29   -38.11   -1.96   240.73     0.021  -20.634   -2.880   242.845
   1.17     4.84   -13.02   -45.92    5.89   259.05     0.020  -23.166    5.962   262.069
   1.20     5.36   -12.72   -41.04    0.98   252.95     0.020  -17.770   -0.423   255.638
   1.12     5.78   -12.44   -46.90    4.90   254.98     0.021  -20.510    4.444   258.455
   1.15     6.25   -12.17   -44.95    5.89   256.00     0.020  -16.250    4.270   259.439
   1.15     6.65   -11.89     0.98    0.00   253.96     0.021   28.667  -11.247   252.092
   1.01     5.97   -11.64     6.84    0.00   254.98     0.020   31.711  -11.135   252.850
   0.92     5.18   -11.39     0.98    0.00   254.98     0.021   22.699   -8.737   253.821
   0.84     4.63   -11.15    -3.91    0.98   254.98     0.020   15.861   -5.925   254.451
   0.78     4.24   -10.90     1.95    0.98   254.98     0.021   19.967   -6.384   254.128
   0.72     3.78   -10.67     4.89    0.98   254.98     0.020   20.881   -6.194   254.099
   0.66     3.26   -10.42    25.40   -0.98   252.95     0.021   38.390  -11.038   251.063
   0.57     2.36   -10.20    22.47   -0.98   251.93     0.020   31.698   -9.243   250.766
   0.47     1.58    -9.97     1.95    0.00   254.98     0.021    8.497   -3.631   254.822
   0.44     1.38    -9.77    -7.82    1.96   251.93     0.020   -1.703    0.304   252.051
   0.47     1.43    -9.56    -7.82    0.98   253.96     0.021   -1.638   -0.824   254.080
   0.45     1.47    -9.37     5.86    0.98   254.98     0.020   12.065   -3.013   254.748
   0.41     1.17    -9.17     4.89    0.98   254.98     0.021    9.809   -2.445   254.830
   0.36     0.91    -9.01   -12.70    0.00   254.98     0.020   -8.788   -0.217   255.147
   0.25     1.09    -8.85   -88.92    6.87   253.96     0.021  -82.166   18.631   255.642
   0.39     2.82    -8.66   -86.96    7.85   257.02     0.020  -72.437   17.210   261.034
   0.52     4.39    -8.48   -78.17    3.92   263.13     0.021  -56.936   10.031   268.362
   0.54     5.52    -8.32   -93.80    5.89   248.87     0.020  -68.188   13.526   256.787
   0.58     7.05    -8.14  -100.64    7.85   263.13     0.021  -66.146   14.698   273.558
   0.56     8.28    -7.99   -99.66    9.81   256.00     0.020  -60.143   15.814   267.765
   0.64     9.55    -7.85   -85.98   18.64   254.98     0.021  -39.897   21.457   265.903
   0.96    10.43    -7.62   -71.33   14.71   274.32     0.020  -18.940   12.722   282.907
   1.16    10.82    -7.43   -75.24   20.60   260.07     0.020  -22.798   18.435   269.930
   1.57    11.41    -7.22   -86.96   -9.81   256.00     0.021  -36.513  -12.345   267.785
   1.18    12.15    -7.20   -23.45   20.60   274.32     0.020   36.470   10.473   273.472
   1.49    11.48    -7.03   -26.38   -5.89   257.02     0.021   23.539  -15.545   256.891
   1.22    10.95    -6.95   -37.13    4.90   266.18     0.020   13.920   -2.458   268.429
   1.21    10.68    -6.75    -9.77   -6.87   258.04     0.021   36.471  -16.710   255.178
   0.91     9.87    -6.63    -7.82    0.98   246.84     0.020   34.037   -6.927   244.510
   0.94     9.18    -6.49    59.60   22.56   258.04     0.021  101.472    6.891   245.560
   1.38     7.11    -6.35    48.85  -26.48   260.07     0.020   76.458  -41.447   251.320
   0.56     5.34    -6.49    47.88  -32.37   254.98     0.021   66.987  -42.693   249.090
  -0.26     3.78    -6.63    81.10  -23.54   259.05     0.020   94.788  -33.544   253.239
  -0.81     1.70    -6.70    42.99   -6.87   244.80     0.021   49.511   -9.226   243.491
  -0.84     0.63    -6.85    60.58  -23.54   259.05     0.020   60.647  -27.145   258.685
  -1.26    -0.75    -7.05    24.43   -5.89   239.71     0.021   21.051   -3.199   240.085
  -1.19    -1.14    -7.26    67.42   -6.87   256.00     0.020   61.622   -9.425   257.376
  -1.22    -2.53    -7.57    79.15  -19.62   243.79     0.021   65.810  -23.289   247.400
  -1.59    -4.09    -7.81    86.96    1.96   245.82     0.020   69.782   -0.691   251.245
  -1.34    -5.67    -8.14    73.28    0.00   254.98     0.021   48.097   -0.872   260.906
  -1.20    -6.68    -8.56    86.96   -7.85   264.14     0.020   54.687  -10.583   272.567
  -1.22    -7.78    -8.95    85.01  -11.77   256.00     0.021   47.947  -13.937   265.344
  -1.33    -8.79    -9.34    79.15   -6.87   258.04     0.020   38.095   -7.164   267.191
  -1.35    -9.65    -9.89    50.81   -2.94   251.93     0.021    8.279    1.604   256.879
  -1.29    -9.84   -10.53    23.45   -6.87   250.91     0.020  -19.665    2.435   251.318
  -1.32    -9.37   -11.22    29.31   -0.98   251.93     0.021  -10.937    7.066   253.295
  -1.19    -9.09   -11.90    59.60   -9.81   246.84     0.020   18.450   -8.658   253.304
  -1.34    -9.55   -12.50    73.28   -2.94   246.84     0.020   31.174   -4.026   255.579
  -1.28   -10.31   -13.07    55.69   -3.92   252.95     0.021    9.645   -0.465   258.855
  -1.24   -10.54   -13.67    28.34   -2.94   253.96     0.020  -17.452    6.872   254.868
  -1.18   -10.09   -14.41    13.68   -1.96   253.96     0.021  -29.252   10.877   252.418
  -1.10    -9.39   -15.14     5.86   -1.96   253.96     0.020  -33.665   12.107   251.508
  -1.00    -8.52   -15.76     4.89   -1.96   253.96     0.021  -30.907   11.303   251.878
  -0.93    -7.77   -16.25     4.89   -0.98   253.96     0.020  -27.429   11.266   252.276
  -0.84    -7.06   -16.69     4.89   -1.96   254.98     0.021  -24.853    9.301   253.652
  -0.79    -6.45   -16.96     5.86   -0.98   254.98     0.020  -21.098    9.107   254.014
  -0.74    -5.91   -17.18     5.86   -1.96   253.96     0.021  -19.033    7.249   253.222
  -0.70    -5.45   -17.32     3.91   -0.98   254.98     0.020  -18.782    8.115   254.192
  -0.64    -4.96   -17.44     4.89   -0.98   251.93     0.021  -15.600    6.838   251.401
  -0.49    -4.54   -17.47    14.66    0.00   252.95     0.020   -4.525    3.707   253.303
  -0.27    -4.38   -17.45    37.13   -2.94   253.96     0.021   16.281   -6.934   256.070
  -0.27    -4.78   -17.47    52.76   -2.94   256.00     0.020   29.283  -11.037   259.518
  -0.30    -5.50   -17.44    67.42   -3.92   250.91     0.021   40.280  -15.395   256.237
  -0.36    -6.47   -17.48    62.53   -3.92   250.91     0.020   31.582  -12.412   256.380
  -0.43    -7.29   -17.58    71.33  -13.73   251.93     0.021   33.393  -23.012   259.036
  -0.69    -8.15   -17.69    73.28  -16.67   257.02     0.020   30.248  -23.889   264.992
  -1.01    -8.95   -17.87   110.41    2.94   258.04     0.021   67.894  -14.031   271.984
  -0.84   -10.23   -18.19   102.60   -6.87   251.93     0.020   52.388  -20.555   266.222
  -0.88   -11.44   -18.56   105.53  -13.73   249.89     0.021   47.874  -26.506   266.038
  -1.08   -12.55   -19.00    88.92  -10.79   244.80     0.020   29.712  -16.755   258.433
  -1.24   -13.38   -19.70    88.92    1.96   268.21     0.021   25.646   -0.956   281.408
  -1.09   -13.85   -20.49    65.47    2.94   247.86     0.020    6.664    5.687   256.224
  -0.84   -13.97   -21.42    42.99   -4.90   250.91     0.020  -18.016    5.739   253.911
  -0.86   -13.54   -22.29    28.34   -3.92   256.00     0.021  -30.010   12.209   255.548
  -0.92   -12.84   -23.07    49.83   13.73   269.23     0.020   -3.239   21.009   273.324
  -0.55   -12.63   -23.63   -51.79  -13.73   239.71     0.021  -98.938   30.807   222.700
  -0.77   -10.50   -23.85   -27.36  -26.48   249.89     0.020  -75.669    8.144   241.048
  -1.32    -8.83   -23.83   -53.74    7.85   252.95     0.021  -78.535   49.639   241.453
  -1.00    -6.79   -23.72   -25.40    3.92   258.04     0.020  -47.642   30.139   253.111
  -0.77    -5.53   -23.57     7.82   -9.81   248.87     0.021  -17.457    0.571   248.578
  -0.88    -5.23   -23.19   -80.12   -6.87   257.02     0.020  -96.016   37.956   248.727
  -0.93    -3.02   -22.74   -37.13    8.83   260.07     0.021  -41.796   31.680   257.572
  -0.66    -1.94   -22.24   -42.99   21.58   248.87     0.020  -38.330   42.066   247.010
  -0.07    -0.76   -21.74    -1.95    0.00   251.93     0.021   -4.811    2.265   251.880
   0.01    -0.66   -21.25   -42.02    0.98   253.96     0.020  -41.537   17.164   253.464
  -0.02     0.38   -20.75   -53.74   -0.98   261.09     0.021  -48.961   17.606   261.438
  -0.08     1.44   -20.26   -21.50   17.66   267.20     0.020   -7.605   22.027   267.628
   0.34     1.74   -19.73   -29.31   13.73   261.09     0.021  -16.009   18.692   261.935
   0.65     2.20   -19.32   -53.74    2.94   254.98     0.020  -41.415   14.574   256.875
   0.59     3.21   -18.84   -70.35   11.77   250.91     0.021  -50.193   26.820   254.569
   0.79     4.44   -18.46   -52.76   12.75   264.14     0.020  -27.593   18.811   267.587
   1.04     5.14   -18.02   -64.49    2.94   258.04     0.021  -39.622   11.051   262.789
   1.07     6.02   -17.63   -45.92    7.85   244.80     0.020  -18.074    9.181   248.371
   1.15     6.47   -17.22   -27.36    7.85   249.89     0.021    1.789    2.419   251.490
   1.20     6.45   -16.84   -32.24    8.83   253.96     0.020   -2.316    4.356   256.108
   1.29     6.55   -16.43   -41.04    4.90   258.04     0.021  -11.129    2.358   261.077
   1.28     6.81   -16.07   -47.88    4.90   253.96     0.020  -16.963    4.088   257.895
   1.28     7.20   -15.71   -37.13    4.90   254.98     0.020   -4.896    0.562   257.671
   1.26     7.32   -15.35   -26.38    3.92   254.98     0.021    5.652   -3.283   256.290
   1.22     7.18   -15.01   -10.75    1.96   253.96     0.020   19.468   -8.781   253.300
   1.13     6.69   -14.67     4.89    0.98   252.95     0.021   32.167  -12.584   250.626
   1.05     5.93   -14.36     5.86    0.98   253.96     0.020   30.142  -11.484   251.978
   0.96     5.17   -14.03     5.86    0.98   252.95     0.021   26.999  -10.089   251.369
   0.88     4.54   -13.73     5.86    0.00   252.95     0.020   24.185   -9.927   251.660
   0.79     3.94   -13.42     6.84    0.98   256.00     0.021   23.133   -8.145   254.916
   0.74     3.38   -13.12     5.86    0.00   253.96     0.020   19.546   -7.903   253.155
   0.66     2.89   -12.82     5.86    0.00   254.98     0.021   17.604   -7.037   254.344
   0.60     2.47   -12.55     6.84    0.98   253.96     0.020   17.004   -5.491   253.429
   0.55     2.05   -12.27     5.86    0.00   252.95     0.021   14.055   -5.529   252.563
   0.48     1.71   -12.01    -5.86    0.00   254.98     0.020    1.276   -2.441   255.035
   0.36     1.64   -11.77   -61.56    4.90   256.00     0.021  -52.378   14.264   257.687
   0.31     2.78   -11.55   -70.35   12.75   257.02     0.020  -54.373   22.682   260.191
   0.52     4.04   -11.28   -96.73    7.85   252.95     0.021  -76.081   20.849   259.186
   0.58     5.61   -11.08   -94.78    2.94   247.86     0.020  -68.699   13.893   255.953
   0.62     7.19   -10.83   -79.15   14.71   257.02     0.021  -43.263   20.441   265.046
   0.80     8.14   -10.59   -89.89   -2.94   258.04     0.020  -52.769    3.191   268.099
   0.63     9.24   -10.35  -106.50   15.69   262.11     0.021  -59.695   23.911   275.961
   0.81    10.37   -10.13   -74.26    5.89   251.93     0.020  -26.827    7.149   261.240
   0.82    11.01    -9.90  -106.50   -1.96   254.98     0.021  -56.005    4.085   270.573
   0.68    12.10    -9.75   -65.47    0.00   258.04     0.020  -10.289   -1.347   266.009
   0.63    12.38    -9.59   -58.63   -3.92   252.95     0.021   -4.131   -6.079   259.577
   0.55    12.50    -9.41   -19.54   -0.98   262.11     0.020   36.578   -9.585   260.102
   0.48    11.72    -9.19   -32.24  -13.73   256.00     0.020   17.612  -18.951   257.089
   0.04    11.26    -9.09    15.63    5.89   250.91     0.021   64.417   -4.501   243.033
   0.12     9.87    -8.88    -7.82  -12.75   248.87     0.020   32.474  -18.490   246.507
  -0.23     9.11    -8.74   -14.66  -26.48   242.77     0.021   19.808  -28.857   242.130
  -0.76     8.66    -8.68    46.90    2.94   256.00     0.020   84.898   -6.562   245.955
  -0.52     6.76    -8.58    33.22  -10.79   248.87     0.021   60.337  -17.728   243.319
  -0.70     5.44    -8.63    73.28   -5.89   260.07     0.020   96.111  -17.333   252.001
  -0.74     3.38    -8.72    51.79    8.83   263.13     0.021   68.274    1.921   259.480
  -0.51     1.98    -8.74    69.37  -11.77   256.00     0.020   75.845  -21.289   253.538
  -0.66     0.26    -8.86    53.74  -11.77   250.91     0.021   52.867  -17.226   250.781
  -0.93    -1.01    -8.99   129.95   -3.92   266.18     0.020  123.755  -19.196   268.460
  -0.94    -3.07    -9.13    61.56   -9.81   249.89     0.021   46.555  -13.278   252.959
  -1.04    -4.15    -9.32    26.38  -24.52   240.73     0.020    5.475  -21.323   242.414
  -1.51    -4.34    -9.57    89.89   -7.85   241.75     0.021   70.075  -13.295   247.988
  -1.49    -5.93    -9.83    42.02  -13.73   253.96     0.020   14.071   -9.658   257.217
  -1.62    -6.28   -10.19    76.21   -5.89   261.09     0.021   46.715   -6.879   267.920
  -1.59    -7.22   -10.55    85.01   -6.87   251.93     0.020   51.780   -9.526   260.710
  -1.60    -8.40   -10.96    79.15  -12.75   243.79     0.021   40.729  -13.953   252.991
  -1.79    -9.41   -11.40    75.24   -3.92   249.89     0.020   33.481   -2.799   258.831
  -1.69   -10.19   -11.95    59.60   -7.85   253.96     0.021   13.362   -3.173   260.621
  -1.66   -10.48   -12.59    64.49   -7.85   252.95     0.020   16.825   -4.306   260.577
  -1.62   -10.88   -13.33    79.15   -6.87   248.87     0.021   29.961   -6.919   259.431
  -1.62   -11.56   -14.09    79.15   -6.87   248.87     0.020   26.863   -6.583   259.778
  -1.62   -12.21   -14.90    77.19   -3.92   257.02     0.021   21.230   -2.197   267.538
  -1.54   -12.65   -15.82    44.95   -4.90   256.00     0.020  -11.232    5.248   259.666
  -1.49   -12.39   -16.83    18.56   -3.92   253.96     0.020  -34.022   13.085   252.050
  -1.42   -11.52   -17.97     5.86   -1.96   254.98     0.021  -41.612   18.080   250.989
  -1.32   -10.48   -18.93     4.89   -1.96   254.98     0.020  -38.061   17.182   251.594
  -1.23    -9.48   -19.76     5.86   -1.96   253.96     0.021  -32.759   15.456   251.444
  -1.15    -8.67   -20.35     4.89   -0.98   254.98     0.020  -30.072   15.572   252.772
  -1.06    -7.87   -20.78     5.86   -2.94   251.93     0.021  -26.234   11.786   250.367
  -1.03    -7.24   -21.07     4.89   -1.96   253.96     0.020  -24.417   12.187   252.549
  -0.97    -6.60   -21.28     4.89   -1.96   253.96     0.021  -21.820   11.008   252.840
  -0.90    -6.04   -21.39     3.91   -1.96   253.96     0.020  -20.519   10.232   252.965
  -0.80    -5.45   -21.45     4.89   -1.96   256.00     0.021  -17.516    8.626   255.309
  -0.61    -4.93   -21.43    27.36    0.98   252.95     0.020    6.468    1.412   254.337
  -0.38    -5.04   -21.41    64.49   -8.83   253.96     0.021   36.430  -21.942   258.701
  -0.53    -5.96   -21.36    76.21   -8.83   254.98     0.020   43.564  -23.975   261.591
  -0.69    -7.07   -21.29    70.35   -8.83   253.96     0.021   33.819  -19.365   260.780
  -0.81    -7.91   -21.27    69.37   -9.81   251.93     0.020   29.456  -18.157   259.190
  -0.96    -8.70   -21.39    71.33   -5.89   254.98     0.021   29.139  -13.165   262.899
  -0.99    -9.39   -21.64   110.41   -5.89   256.00     0.020   61.875  -26.101   270.651
  -1.03   -10.75   -21.93    98.69  -11.77   257.02     0.021   42.779  -24.940   271.079
  -1.17   -11.72   -22.23   108.46  -10.79   251.93     0.020   48.744  -26.031   268.875
  -1.29   -12.89   -22.72   119.21   -1.96   265.16     0.021   54.179  -18.339   285.048
  -1.22   -13.88   -23.37    96.73   17.66   258.04     0.020   38.643    8.513   273.287
  -0.75   -14.57   -24.27    79.15   -1.96   254.98     0.021   11.901   -3.868   266.697
  -0.64   -14.83   -25.12    15.63  -16.67   245.82     0.020  -49.243    7.698   241.798
  -0.95   -13.78   -25.87    35.18  -26.48   250.91     0.021  -32.861   -8.870   252.460
  -1.45   -13.22   -26.38    28.34  -14.71   258.04     0.020  -31.857    6.649   257.959
  -1.66   -12.56   -26.76    51.79   16.67   266.18     0.020    4.520   25.007   270.491
  -1.08   -12.45   -27.03    46.90   14.71   269.23     0.021   -1.857   23.144   272.696
  -0.67   -12.24   -27.20    15.63   21.58   244.80     0.020  -21.354   38.452   242.289
  -0.09   -11.48   -27.14     1.95    0.98   258.04     0.021  -43.353   23.775   253.264
   0.01   -10.41   -26.74   -21.50   -5.89   261.09     0.020  -63.676   25.420   252.910
  -0.08    -8.87   -26.22   -55.69  -19.62   253.96     0.021  -93.006   24.332   242.368
  -0.48    -6.82   -25.60   -47.88   22.56   261.09     0.020  -60.116   56.252   253.359
   0.07    -5.12   -25.07   -44.95    0.98   248.87     0.021  -60.377   29.001   243.872
   0.11    -3.65   -24.51    -6.84    8.83   262.11     0.020  -17.957   17.312   261.157
   0.34    -3.14   -23.90   -20.52   -1.96   265.16     0.021  -33.449   10.971   263.621
   0.24    -2.43   -23.34   -84.03   -2.94   254.98     0.020  -88.579   33.873   251.181
   0.18    -0.38   -22.78   -42.02   15.69   248.87     0.021  -34.511   30.649   248.636
   0.56     0.59   -22.30   -36.15   14.71   272.29     0.020  -26.298   23.814   272.772
   0.81     1.25   -21.76   -73.28    7.85   244.80     0.021  -61.436   29.260   246.434
   0.93     2.80   -21.31   -56.67   16.67   251.93     0.020  -36.692   27.805   254.634
   1.21     3.83   -20.80   -67.42    8.83   250.91     0.021  -45.953   21.235   254.984
   1.25     4.94   -20.35   -42.99    8.83   263.13     0.020  -17.813    9.919   265.980
   1.28     5.38   -19.85   -49.83    6.87   264.14     0.021  -23.028    9.322   267.740
   1.30     5.90   -19.40   -67.42    6.87   253.96     0.020  -38.265   14.637   259.638
   1.35     6.84   -18.94   -59.60    4.90   259.05     0.021  -27.186    8.038   264.351
   1.33     7.44   -18.50   -58.63    3.92   254.98     0.020  -24.427    6.075   260.451
   1.31     8.03   -18.06   -52.76    4.90   253.96     0.021  -16.231    4.345   258.889
   1.31     8.41   -17.66   -32.24    2.94   254.98     0.020    4.277   -4.379   256.957
   1.24     8.29   -17.26     0.98    0.00   251.93     0.021   34.013  -16.256   249.094
   1.11     7.48   -16.89     5.86    0.98   253.96     0.020   36.041  -15.038   251.014
   1.01     6.61   -16.52     5.86    0.00   253.96     0.020   32.321  -14.254   251.564
   0.90     5.78   -16.15     6.84    0.98   252.95     0.021   30.181  -11.873   250.954
   0.84     5.07   -15.79     6.84    0.00   253.96     0.020   27.119  -11.536   252.341
   0.75     4.38   -15.42     6.84    0.00   253.96     0.021   24.379  -10.187   252.679
   0.67     3.79   -15.08     4.89    0.00   252.95     0.020   20.084   -8.490   252.052
   0.60     3.28   -14.74     5.86   -0.98   253.96     0.021   18.791   -8.697   253.189
   0.47     2.79   -14.46     0.98   -0.98   256.00     0.020   12.236   -6.326   255.633
   0.32     2.43   -14.14   -24.43    3.92   253.96     0.021  -12.596    5.737   254.791
   0.31     2.72   -13.84   -65.47    1.96   256.00     0.020  -51.538   13.308   258.829
   0.24     3.90   -13.54   -60.58    3.92   260.07     0.021  -40.882   12.771   263.606
   0.25     4.78   -13.25   -57.65    6.87   260.07     0.020  -33.508   13.801   263.997
   0.39     5.57   -12.97   -84.03    9.81   249.89     0.021  -56.021   21.240   256.932
   0.65     6.88   -12.66   -65.47    5.89   257.02     0.020  -32.713   10.409   263.059
   0.62     7.64   -12.40   -42.99    2.94   263.13     0.021   -7.412    1.712   266.522
   0.51     7.79   -12.15   -76.21   14.71   267.20     0.020  -35.801   20.330   275.180
   0.68     8.56   -11.92   -22.47    0.98   246.84     0.021   13.811   -4.907   247.428
   0.60     8.26   -11.67   -76.21   -3.92   264.14     0.020  -38.064    1.047   272.297
   0.49     9.06   -11.47   -66.44   -3.92   252.95     0.021  -26.470   -0.846   260.212
   0.35     9.67   -11.27   -62.53   10.79   258.04     0.020  -16.127   12.589   264.936
   0.50    10.09   -10.98   -78.17    1.96   263.13     0.021  -30.365    5.531   272.757
   0.48    10.72   -10.73   -15.63   -4.90   270.25     0.020   32.952  -13.549   268.392
   0.34    10.03   -10.51   -20.52  -23.54   231.57     0.021   15.200  -28.158   231.465
  -0.14     9.70   -10.36    12.70    1.96   264.14     0.020   56.552   -7.680   258.224
  -0.12     8.46   -10.13   -26.38  -11.77   261.09     0.021   10.144  -13.209   262.154
  -0.36     8.24    -9.97     7.82   20.60   276.36     0.020   50.498   13.786   272.248
   0.11     7.38    -9.80    50.81   -1.96   254.98     0.020   81.491  -16.574   246.345
   0.05     5.48    -9.80     0.98    0.00   240.73     0.021   23.594   -4.275   239.536
   0.08     5.04    -9.80    61.56   19.62   267.20     0.020   86.823    4.521   260.787
   0.52     3.32    -9.72    35.18  -12.75   273.30     0.021   47.638  -23.600   270.682
   0.27     2.35    -9.76    39.08  -15.69   261.09     0.020   46.173  -25.132   259.187
  -0.14     1.23    -9.77    40.06    7.85   259.05     0.021   46.398    0.600   258.113
   0.04     0.26    -9.77    82.08   15.69   250.91     0.020   84.644    1.157   250.545
   0.44    -1.58    -9.87    53.74   -9.81   250.91     0.021   44.086  -19.582   252.217
   0.19    -2.64    -9.91    78.17   -2.94   249.89     0.020   64.953  -15.164   253.212
   0.13    -4.15   -10.00    91.85   11.77   259.05     0.021   73.681   -1.649   265.050
   0.36    -5.56   -10.14    88.92   -6.87   245.82     0.020   62.192  -19.659   253.233
   0.23    -7.03   -10.24   111.39   -4.90   252.95     0.021   77.260  -19.982   264.660
   0.17    -8.56   -10.37    91.85  -22.56   248.87     0.020   48.716  -32.591   259.708
  -0.35    -9.76   -10.56    84.03   -2.94   252.95     0.021   39.008   -8.695   263.542
  -0.38   -10.61   -10.86    47.88   -3.92   251.93     0.020    0.234   -2.354   256.457
  -0.43   -10.64   -11.40    51.79   -9.81   256.00     0.021    2.006   -8.447   261.225
  -0.62   -10.73   -12.08    58.63   -6.87   253.96     0.020    9.232   -6.163   260.497
  -0.74   -10.98   -12.73    93.80   -4.90   249.89     0.021   43.015  -11.419   263.227
  -0.80   -11.93   -13.44    61.56   -3.92   250.91     0.020    8.015   -2.369   258.246
  -0.81   -12.14   -14.15    34.20   -2.94   253.96     0.021  -19.208    5.493   255.493
  -0.78   -11.69   -14.98     6.84   -1.96   252.95     0.020  -42.651   12.966   249.089
  -0.75   -10.63   -16.00     4.89   -1.96   252.95     0.021  -39.880   12.829   249.509
  -0.70    -9.67   -16.82     4.89   -0.98   253.96     0.020  -35.611   13.001   251.168
  -0.64    -8.76   -17.50     3.91   -0.98   254.98     0.021  -32.782   12.306   252.599
  -0.60    -7.96   -17.96     3.91   -0.98   253.96     0.020  -29.255   11.241   252.055
  -0.57    -7.25   -18.27     4.89   -0.98   253.96     0.020  -25.364    9.979   252.546
  -0.53    -6.61   -18.51     4.89   -0.98   252.95     0.021  -22.573    8.992   251.826
  -0.50    -6.07   -18.65     4.89   -1.96   253.96     0.020  -20.746    7.260   253.066
  -0.40    -5.51   -18.67    15.63    0.00   252.95     0.021   -7.701    4.465   253.273
  -0.24    -5.29   -18.69    40.06   -2.94   252.95     0.020   15.073   -7.110   255.573
  -0.21    -5.68   -18.74    58.63   -6.87   254.98     0.021   29.427  -16.231   259.559
  -0.37    -6.42   -18.71    60.58   -7.85   251.93     0.020   28.329  -16.168   257.168
  -0.56    -7.20   -18.69    56.67  -12.75   251.93     0.021   20.043  -17.633   257.157
  -0.76    -7.75   -18.78    89.89   -4.90   251.93     0.020   51.644  -19.206   261.795
  -0.76    -8.97   -18.94    80.12   -2.94   262.11     0.021   36.386  -11.942   271.407
  -0.75    -9.73   -19.21    97.71  -13.73   239.71     0.020   49.158  -28.347   252.939
  -1.01   -11.06   -19.57   129.95    0.98   252.95     0.021   76.278  -21.358   273.123
  -0.90   -12.49   -19.94    73.28   -6.87   250.91     0.020   15.211   -8.637   260.898
  -0.97   -12.92   -20.55    97.71    7.85   250.91     0.021   40.923   -2.422   266.241
  -0.73   -13.77   -21.44    90.87   -8.83   247.86     0.020   25.167  -15.953   262.451
  -0.86   -14.46   -22.21   104.55   -1.96   256.00     0.021   35.255  -12.369   273.997
  -0.72   -15.18   -23.10    33.22  -10.79   252.95     0.020  -34.463    6.430   252.929
  -0.83   -14.37   -23.94    87.94  -11.77   262.11     0.021   15.150  -15.463   275.868
  -0.95   -14.78   -24.78    -9.77   -0.98   229.53     0.020  -60.549   31.081   219.432
  -0.96   -13.52   -25.25   -10.75  -10.79   252.95     0.021  -65.742   23.789   243.569
  -1.11   -12.00   -25.65   -13.68    5.89   248.87     0.020  -54.053   37.825   240.433
  -0.86   -10.56   -25.67     7.82   14.71   253.96     0.021  -26.969   33.514   250.848
  -0.44    -9.72   -25.62   -13.68   -0.98   253.96     0.020  -50.426   25.233   248.005
  -0.40    -8.43   -25.33    -0.98   15.69   256.00     0.021  -27.304   32.282   252.973
   0.02    -7.60   -24.95   -33.22   -3.92   250.91     0.020  -61.638   24.255   244.310
  -0.03    -6.14   -24.45    -7.82   -6.87   250.91     0.020  -34.281    8.214   248.640
  -0.18    -5.35   -23.87   -19.54   12.75   284.50     0.021  -36.537   31.073   281.398
   0.06    -4.58   -23.31   -35.18   -7.85   246.84     0.020  -53.488   14.234   243.238
  -0.05    -3.34   -22.73   -60.58   -5.89   257.02     0.021  -71.778   23.950   253.056
  -0.12    -1.74   -22.19   -24.43    0.98   250.91     0.020  -29.100   13.505   250.049
  -0.10    -1.01   -21.66   -41.04    8.83   242.77     0.021  -38.711   25.312   241.989
   0.12    -0.07   -21.18   -52.76    4.90   262.11     0.020  -47.907   23.253   262.054
   0.21     1.09   -20.70   -31.27    6.87   266.18     0.021  -22.422   14.752   266.750
   0.31     1.62   -20.25   -77.19   15.69   265.16     0.020  -60.421   37.464   267.322
   0.60     3.02   -19.78   -84.03    0.98   243.79     0.021  -67.406   22.578   247.871
   0.58     4.62   -19.34   -75.24    3.92   242.77     0.020  -51.818   19.739   248.067
   0.64     5.94   -18.90   -55.69    1.96   257.02     0.021  -27.550    8.476   261.406
   0.64     6.56   -18.49   -46.90    2.94   262.11     0.020  -15.766    5.292   265.767
   0.64     6.93   -18.05   -43.97   -0.98   253.96     0.021  -13.544    0.402   257.388
   0.54     7.22   -17.66   -40.06    7.85   252.95     0.020   -5.887    7.625   256.038
   0.68     7.42   -17.25   -36.15    2.94   256.00     0.021   -2.671    0.723   258.542
   0.70     7.50   -16.88   -37.13    2.94   254.98     0.020   -3.427    0.877   257.664
   0.71     7.59   -16.49   -21.50    0.98   253.96     0.021   11.135   -5.541   254.571
   0.67     7.32   -16.14     3.91    0.98   253.96     0.020   34.251  -11.963   251.392
   0.62     6.46   -15.78     6.84    0.00   253.96     0.021   33.280  -12.243   251.569
   0.55     5.65   -15.44     6.84    0.98   254.98     0.020   30.385   -9.911   253.066
   0.50     4.88   -15.09     5.86    0.98   253.96     0.021   26.176   -8.352   252.543
   0.47     4.25   -14.76     6.84    0.00   254.98     0.020   24.337   -8.594   253.765
   0.44     3.62   -14.42     6.84    0.00   251.93     0.021   21.542   -7.517   250.986
   0.41     3.09   -14.11     6.84   -0.98   258.04     0.020   19.429   -7.823   257.277
   0.33     2.56   -13.81     8.79    2.94   254.98     0.020   19.951   -3.402   254.347
   0.32     2.04   -13.51     7.82   -2.94   249.89     0.021   15.229   -8.132   249.435
   0.72     1.73   -13.24     7.82   -1.96   252.95     0.020   13.839   -8.544   252.552
   0.89     1.40   -12.95     6.84    4.90   253.96     0.021   12.920   -1.985   253.767
   0.86     1.10   -12.67     6.84    0.98   251.93     0.020   10.762   -5.268   251.738
   0.79     0.82   -12.39     6.84    1.96   253.96     0.021    9.914   -3.761   253.843
   0.76     0.59   -12.13     6.84    1.96   254.98     0.020    8.945   -3.377   254.902
   0.73     0.36   -11.86     6.84    1.96   252.95     0.021    7.999   -2.978   252.902
   0.70     0.17   -11.61     6.84    0.98   254.98     0.020    7.019   -3.638   254.953
   0.66    -0.01   -11.34     5.86    1.96   253.96     0.021    5.530   -2.072   253.971
   0.64    -0.14   -11.10     6.84    2.94   252.95     0.020    6.135   -1.073   252.979
   0.64    -0.29   -10.86     7.82    0.98   254.98     0.021    6.075   -3.082   255.013
   0.60    -0.43   -10.63     6.84    1.96   254.98     0.020    4.687   -1.618   255.033
   0.59    -0.55   -10.40     7.82    0.98   253.96     0.021    4.994   -2.570   254.024
   0.55    -0.67   -10.18     7.82    0.98   253.96     0.020    4.498   -2.309   254.036
   0.52    -0.79    -9.96     6.84    0.98   253.96     0.021    3.075   -1.884   254.033
   0.49    -0.86    -9.76     6.84    1.96   253.96     0.020    2.940   -0.733   254.046
   0.49    -0.93    -9.55     5.86    1.96   253.96     0.021    1.663   -0.505   254.033
   0.49    -0.97    -9.35     6.84    0.98   254.98     0.020    2.279   -1.590   255.061
   0.46    -1.03    -9.15     5.86    1.96   252.95     0.021    1.266   -0.294   253.019
   0.47    -1.06    -8.97     5.86    1.96   256.00     0.020    1.075   -0.291   256.072
   0.47    -1.09    -8.78     5.86    1.96   253.96     0.021    1.001   -0.262   254.037
   0.47    -1.11    -8.60     5.86    1.96   253.96     0.020    0.895   -0.247   254.038
   0.47    -1.14    -8.42     7.82    0.98   254.98     0.021    2.562   -1.502   255.086
   0.45    -1.20    -8.25     5.86    2.94   253.96     0.020    0.675    0.863   254.047
   0.47    -1.21    -8.09     6.84    2.94   256.00     0.020    1.522    0.629   256.103
   0.50    -1.25    -7.93     6.84    2.94   253.96     0.021    1.402    0.560   254.069
   0.52    -1.28    -7.77     5.86    1.96   252.95     0.020    0.180   -0.360   253.022
   0.51    -1.28    -7.61     5.86    0.98   252.95     0.021    0.026   -1.303   253.013
   0.49    -1.29    -7.46     6.84    1.96   252.95     0.020    1.116   -0.343   253.044
   0.49    -1.31    -7.31     6.84    0.98   252.95     0.021    0.881   -1.301   253.036
   0.47    -1.34    -7.16     6.84    0.98   254.98     0.020    0.740   -1.201   255.072
   0.44    -1.36    -7.02     6.84    2.94   252.95     0.021    0.954    0.882   253.053
   0.47    -1.38    -6.89     5.86    1.96   253.96     0.020   -0.257   -0.086   254.039
   0.47    -1.37    -6.75     6.84    0.98   253.96     0.021    0.623   -1.189   254.055
   0.45    -1.39    -6.62     6.84    1.96   253.96     0.020    0.663   -0.108   254.063
   0.45    -1.41    -6.49     6.84    1.96   252.95     0.021    0.613   -0.092   253.046
   0.45    -1.42    -6.36     6.84    2.94   253.96     0.020    0.640    0.866   254.071
