   167.08    42.18   187.80     0.01     0.00    -0.00   0.021    0
   167.08    43.16   187.80     0.01     0.00     0.00   0.020    1
   168.06    44.14   187.80     0.01     0.00    -0.00   0.021    2
   167.08    43.16   186.78     0.01     0.00    -0.00   0.020    3
   168.06    43.16   187.80     0.01     0.00    -0.00   0.021    4
   168.06    43.16   187.80     0.01     0.00    -0.00   0.020    5
   167.08    44.14   187.80     0.01     0.00    -0.00   0.021    6
   167.08    44.14   188.82     0.01     0.00     0.00   0.020    7
   168.06    44.14   186.78     0.01    -0.00    -0.00   0.021    8
   169.04    43.16   187.80     0.01     0.00    -0.00   0.020    9
   167.08    43.16   186.78     0.01     0.00    -0.00   0.021   10
   166.11    45.12   187.80     0.01     0.00     0.00   0.020   11
   168.06    43.16   188.82     0.01     0.00    -0.00   0.021   12
   168.06    44.14   188.82     0.01     0.00    -0.00   0.020   13
   168.06    43.16   188.82     0.01    -0.00    -0.00   0.021   14
   168.06    42.18   187.80     0.01     0.00     0.00   0.020   15
   168.06    44.14   188.82     0.01    -0.00    -0.00   0.020   16
   168.06    43.16   187.80     0.01    -0.00    -0.00   0.021   17
   168.06    43.16   188.82     0.01    -0.00    -0.00   0.020   18
   168.06    43.16   186.78     0.01     0.00    -0.00   0.021   19
   168.06    44.14   186.78     0.01    -0.00    -0.00   0.020   20
   169.04    43.16   187.80     0.01     0.00    -0.00   0.021   21
   168.06    43.16   188.82     0.01     0.00    -0.00   0.020   22
   168.06    44.14   187.80     0.01     0.00    -0.00   0.021   23
   168.06    43.16   187.80     0.01     0.00     0.00   0.020   24
   167.08    43.16   186.78     0.01     0.00    -0.00   0.021   25
   167.08    43.16   186.78     0.01     0.00    -0.00   0.020   26
   168.06    44.14   186.78     0.01     0.00    -0.00   0.021   27
   169.04    43.16   186.78     0.01    -0.00     0.00   0.020   28
   168.06    44.14   186.78     0.01    -0.00     0.00   0.021   29
   167.08    43.16   187.80     0.01     0.00    -0.00   0.020   30
   168.06    43.16   187.80     0.01     0.00     0.00   0.021   31
   168.06    44.14   187.80     0.01    -0.00     0.00   0.020   32
   168.06    43.16   187.80     0.01     0.00    -0.00   0.021   33
   168.06    44.14   188.82     0.01     0.00    -0.00   0.020   34
   169.04    43.16   186.78     0.01     0.00    -0.00   0.021   35
   169.04    43.16   186.78     0.00     0.00    -0.00   0.020   36
   169.04    42.18   187.80     0.00     0.00    -0.01   0.021   37
   169.04    42.18   186.78     0.01     0.00    -0.01   0.020   38
   166.11    43.16   185.77     0.02     0.00    -0.01   0.021   39
   168.06    42.18   188.82     0.03     0.00    -0.02   0.020   40
   169.04    43.16   187.80     0.04     0.00    -0.02   0.020   41
   169.04    45.12   188.82     0.04     0.01    -0.02   0.021   42
   168.06    42.18   187.80     0.05     0.01    -0.03   0.020   43
   167.08    43.16   187.80     0.05     0.01    -0.03   0.021   44
   167.08    46.10   186.78     0.04     0.01    -0.03   0.020   45
   167.08    45.12   186.78     0.03     0.01    -0.02   0.021   46
   167.08    44.14   187.80     0.02     0.01    -0.01   0.020   47
   166.11    46.10   185.77     0.01     0.01    -0.01   0.021   48
   168.06    47.08   188.82     0.01     0.01    -0.00   0.020   49
   168.06    45.12   188.82     0.02     0.01    -0.01   0.021   50
   167.08    46.10   187.80     0.02     0.01    -0.00   0.020   51
   168.06    47.08   187.80     0.01     0.01     0.00   0.021   52
   167.08    47.08   187.80     0.00     0.01     0.01   0.020   53
   168.06    45.12   188.82    -0.00     0.01     0.01   0.021   54
   168.06    43.16   187.80    -0.00     0.01     0.01   0.020   55
   168.06    44.14   188.82     0.00     0.00     0.01   0.021   56
   167.08    44.14   188.82     0.01     0.00     0.00   0.020   57
   169.04    43.16   187.80     0.04    -0.00    -0.01   0.021   58
   168.06    45.12   189.84     0.05    -0.00    -0.02   0.020   59
   170.02    45.12   189.84     0.08    -0.01    -0.03   0.021   60
   171.97    45.12   190.85     0.16    -0.01    -0.08   0.020   61
   179.79    48.06   185.77     0.21     0.01    -0.11   0.021   62
   175.88    57.87   189.84     0.18     0.07    -0.09   0.020   63
   159.27    77.49   193.91     0.01     0.08     0.10   0.021   64
   151.45    94.16   193.91    -0.13     0.06     0.37   0.020   65
   142.66    56.89   234.62     0.24    -0.24     0.49   0.020   66
   156.34   102.99   301.81     0.19    -0.30     0.59   0.021   67
   145.59   140.26   293.66    -0.12    -0.15     0.63   0.020   68
    74.26    78.47   288.57    -0.23    -0.18     0.44   0.021   69
    43.97    83.37   290.61    -0.22    -0.18     0.29   0.020   70
    19.54    78.47   301.81    -0.30     0.03     0.17   0.021   71
   -17.59    53.95   297.73    -0.23     0.18     0.03   0.020   72
   -31.27    46.10   295.70    -0.14     0.30    -0.09   0.021   73
     3.91    47.08   310.97    -0.06     0.67    -0.32   0.020   74
    37.13    56.89   317.07    -0.04     0.90    -0.43   0.021   75
    61.56    59.83   305.88    -0.02     1.28    -0.60   0.020   76
    80.12    71.60   287.55    -0.03     1.55    -0.67   0.021   77
    87.94    70.62   265.16    -0.05     1.62    -0.65   0.020   78
    96.73    57.87   253.96     0.11     1.53    -0.62   0.021   79
   160.24    51.00   261.09     0.35     1.74    -0.73   0.020   80
   151.45    65.72   238.70     0.23     1.81    -0.62   0.021   81
   126.05    36.29   217.32     0.45     1.54    -0.52   0.020   82
   180.76    32.37   214.27     0.65     1.56    -0.56   0.021   83
   196.40    74.54   194.93     0.52     1.83    -0.49   0.020   84
   160.24    51.98   167.44     0.31     1.69    -0.36   0.021   85
   176.85    27.46   152.17     0.55     1.23    -0.43   0.020   86
   217.89    50.02   135.89     0.39     1.12    -0.44   0.021   87
   200.31    43.16   114.51     0.02     0.87    -0.32   0.020   88
   190.53     9.81    98.23     0.07     0.43    -0.25   0.021   89
   205.19    11.77    89.07     0.07     0.25    -0.19   0.020   90
   204.21    26.48    79.90    -0.14    -0.09    -0.00   0.020   91
   211.05    22.56    79.90    -0.20    -0.48     0.12   0.021   92
   239.39    48.06    83.98    -0.26    -0.64     0.26   0.020   93
    98.69    39.23   132.83    -0.72    -1.46     0.17   0.021   94
   -50.81   -99.07   279.41     0.78    -2.32    -0.86   0.020   95
    29.31   119.66   238.70     0.27    -3.86     0.10   0.021   96
   414.29    32.37   290.61     0.24    -2.27     0.21   0.020   97
   279.45    -4.90   290.61     0.38    -1.93     0.33   0.021   98
   185.65   119.66   208.16     0.35    -1.54     0.32   0.020   99
   141.68   150.07   184.75    -0.05    -1.55     0.28   0.021  100
   176.85    37.27   216.30     0.04    -1.46     0.34   0.020  101
   226.69   129.47   234.62    -0.41    -1.10     0.53   0.021  102
   191.51    60.81   201.03    -0.47    -0.57     0.48   0.020  103
   180.76    72.58   189.84    -0.49    -0.41     0.46   0.021  104
   181.74    44.14   202.05    -0.45    -0.36     0.37   0.020  105
   167.08    51.98   195.94    -0.37    -0.23     0.33   0.021  106
   174.90    49.04   200.02    -0.32    -0.14     0.27   0.020  107
   169.04    52.97   192.89    -0.25    -0.08     0.21   0.021  108
   166.11    47.08   193.91    -0.22    -0.04     0.20   0.020  109
   166.11    42.18   193.91    -0.18    -0.04     0.15   0.021  110
   162.20    42.18   192.89    -0.13    -0.04     0.11   0.020  111
   162.20    38.25   192.89    -0.10    -0.05     0.07   0.021  112
   160.24    44.14   193.91    -0.10    -0.06     0.05   0.020  113
   164.15    48.06   191.87    -0.10    -0.05     0.05   0.021  114
   166.11    39.23   191.87    -0.07    -0.05     0.03   0.020  115
   165.13    41.20   193.91    -0.03    -0.06    -0.00   0.020  116
   165.13    43.16   190.85     0.00    -0.05    -0.02   0.021  117
   165.13    39.23   190.85     0.02    -0.05    -0.04   0.020  118
   163.18    42.18   191.87     0.04    -0.07    -0.06   0.021  119
   166.11    41.20   188.82     0.06    -0.06    -0.07   0.020  120
   164.15    39.23   189.84     0.07    -0.12    -0.09   0.021  121
   165.13    50.02   186.78     0.11    -0.03    -0.04   0.020  122
   166.11    52.97   189.84     0.08    -0.06    -0.05   0.021  123
   164.15    54.93   189.84     0.05    -0.05    -0.01   0.020  124
   164.15    51.98   189.84     0.03    -0.05     0.01   0.021  125
   166.11    44.14   190.85     0.06    -0.05    -0.01   0.020  126
   167.08    43.16   191.87     0.11    -0.07    -0.05   0.021  127
   165.13    47.08   196.96     0.13    -0.09    -0.06   0.020  128
   166.11    55.91   199.00     0.15    -0.16    -0.04   0.021  129
   165.13    56.89   210.19     0.22    -0.29    -0.03   0.020  130
   156.34    51.98   242.77     0.57    -0.76     0.04   0.021  131
   141.68    79.45   277.38     0.61    -1.39     0.33   0.020  132
   160.24    78.47   286.54     1.41    -1.98     0.91   0.021  133
   184.67   147.13   310.97     1.44    -2.27     1.50   0.020  134
   340.03   281.50   397.49    -0.36    -0.82     1.46   0.021  135
    60.58   203.03   372.04    -0.94    -0.79     1.32   0.020  136
     9.77   111.82   333.36    -0.21    -0.89     1.14   0.021  137
   -75.24   136.34   300.79    -0.56    -0.56     1.31   0.020  138
   -93.80    78.47   301.81    -0.29    -0.33     1.44   0.021  139
   -53.74    83.37   322.16    -0.06     0.41     1.15   0.020  140
   -51.79    60.81   310.97     0.29     1.04     0.49   0.020  141
   -26.38    51.00   295.70     0.51     1.56    -0.18   0.021  142
    22.47    60.81   288.57     0.49     1.84    -0.45   0.020  143
    44.95    57.87   274.32     0.37     2.29    -0.88   0.021  144
    61.56    53.95   263.13     0.27     2.45    -1.17   0.020  145
    93.80    53.95   265.16     0.17     2.57    -1.29   0.021  146
   121.16    45.12   273.30     0.24     2.68    -1.31   0.020  147
   141.68    31.39   275.34     0.50     2.66    -1.28   0.021  148
   152.43    50.02   263.13     0.53     2.48    -1.21   0.020  149
   198.35    56.89   270.25     0.68     2.22    -1.49   0.021  150
   310.72    80.43   273.30     0.70     2.27    -1.73   0.020  151
   364.46   117.70   241.75     0.12     2.56    -1.89   0.021  152
   379.11    27.46   174.57    -0.02     2.36    -1.77   0.020  153
   386.93   -41.20    84.99     0.24     1.75    -1.44   0.021  154
   396.70   -93.18     9.67     0.32     0.96    -0.65   0.020  155
   429.92  -104.95   -27.99     0.24     0.44     0.29   0.021  156
   384.98   -37.27   -39.19    -0.37    -0.08     1.09   0.020  157
   338.08    13.73    -8.65    -0.53    -0.33     1.30   0.021  158
   227.66    38.25    92.12    -0.27    -1.76     1.08   0.020  159
    26.38    92.20   152.17     0.29    -2.26    -0.07   0.021  160
   146.56   240.31   290.61    -0.43    -4.18     0.57   0.020  161
   475.85   -23.54   327.25    -0.19    -2.70     0.19   0.021  162
   285.31   -12.75   301.81     0.13    -1.75     0.53   0.020  163
   170.02   136.34   193.91    -0.16    -1.51     0.24   0.021  164
   175.88    56.89   206.12    -0.07    -1.31     0.21   0.020  165
   173.92    -0.98   218.34     0.14    -1.27     0.14   0.020  166
   163.18    31.39   203.07     0.42    -1.23    -0.04   0.021  167
   144.61    69.64   189.84     0.42    -1.24     0.00   0.020  168
   196.40   196.17   226.48    -0.26    -1.23     0.47   0.021  169
   198.35    52.97   195.94    -0.49    -0.61     0.51   0.020  170
   189.56    81.41   183.73    -0.52    -0.44     0.48   0.021  171
   189.56    35.31   195.94    -0.40    -0.26     0.37   0.020  172
   181.74    49.04   187.80    -0.33    -0.21     0.30   0.021  173
   181.74    42.18   186.78    -0.28    -0.13     0.25   0.020  174
   176.85    38.25   186.78    -0.19    -0.08     0.17   0.021  175
   171.97    43.16   182.71    -0.14    -0.07     0.13   0.020  176
   170.02    45.12   181.69    -0.14    -0.07     0.12   0.021  177
   172.95    43.16   183.73    -0.12    -0.07     0.10   0.020  178
   171.97    37.27   182.71    -0.10    -0.07     0.07   0.021  179
   170.99    41.20   183.73    -0.09    -0.07     0.04   0.020  180
   170.99    44.14   182.71    -0.08    -0.08     0.04   0.021  181
   173.92    40.21   184.75    -0.05    -0.09     0.02   0.020  182
   173.92    39.23   181.69    -0.01    -0.11    -0.01   0.021  183
   174.90    36.29   183.73     0.04    -0.13    -0.05   0.020  184
   175.88    45.12   181.69     0.05    -0.13    -0.07   0.021  185
   176.85    44.14   181.69     0.08    -0.10    -0.07   0.020  186
   176.85    45.12   183.73     0.13    -0.10    -0.08   0.021  187
   177.83    41.20   180.68     0.16    -0.12    -0.10   0.020  188
   178.81    43.16   181.69     0.18    -0.12    -0.11   0.021  189
   178.81    51.98   178.64     0.18    -0.12    -0.11   0.020  190
   175.88    48.06   187.80     0.21    -0.15    -0.12   0.020  191
   177.83    55.91   193.91     0.25    -0.29    -0.09   0.021  192
   173.92    53.95   212.23     0.46    -0.63    -0.05   0.020  193
   175.88    99.07   223.43     0.47    -1.13     0.19   0.021  194
   154.38   114.76   270.25     0.55    -1.94     0.57   0.020  195
   170.02   124.57   288.57     0.70    -2.32     0.79   0.021  196
   233.53   100.05   335.40     1.59    -2.89     1.33   0.020  197
   415.27   377.62   445.33    -0.11    -1.41     1.36   0.021  198
    61.56   174.59   389.34    -1.30    -0.62     1.24   0.020  199
    34.20   133.39   340.49    -0.20    -0.55     1.10   0.021  200
   -61.56   113.78   298.75    -0.40    -0.26     1.17   0.020  201
  -105.53    61.79   267.20    -0.12    -0.08     1.52   0.021  202
   -17.59    66.70   303.84     0.15     0.94     1.14   0.020  203
   -51.79    59.83   278.39     0.23     1.32     0.78   0.021  204
   -42.02    54.93   257.02     0.36     1.68     0.08   0.020  205
   -11.73    62.77   247.86     0.26     2.00    -0.54   0.021  206
    10.75    46.10   248.87     0.16     2.16    -1.04   0.020  207
    31.27    48.06   241.75     0.01     2.19    -1.21   0.021  208
   110.41    39.23   285.52     0.19     2.46    -1.36   0.020  209
   200.31    42.18   296.72     0.45     3.39    -1.61   0.021  210
   162.20    50.02   279.41     0.47     3.53    -1.56   0.020  211
   169.04    44.14   280.43     0.62     3.35    -1.37   0.021  212
   261.86    73.56   304.86     0.82     3.09    -1.57   0.020  213
   313.65   115.74   254.98     0.33     2.74    -1.79   0.021  214
   354.69    83.37   197.98     0.32     1.58    -1.92   0.020  215
   551.08    39.23   164.39     0.67     1.54    -2.34   0.020  216
   510.05   -19.62    65.65     0.15     1.79    -1.80   0.021  217
   430.90  -114.76   -50.39     0.06     0.96    -0.36   0.020  218
   448.49  -110.84   -91.10     0.12     0.60     0.31   0.021  219
   386.93   -26.48   -60.56    -0.16     0.09     1.27   0.020  220
   307.79    52.97     0.51    -0.41    -0.38     1.60   0.021  221
   263.82   112.80  -132.83    -0.48    -1.72     0.89   0.020  222
  -143.63   177.53   367.97     0.07    -3.46    -0.04   0.021  223
   438.72    32.37   278.39    -0.37    -3.55     0.26   0.020  224
   396.70   -46.10   341.50     0.17    -1.99     0.50   0.021  225
   199.33   113.78   219.36     0.19    -1.62     0.38   0.020  226
   148.52   128.49   187.80    -0.25    -1.63     0.28   0.021  227
   182.72    -5.89   217.32    -0.00    -1.42     0.33   0.020  228
   186.63    30.41   211.21     0.33    -1.39     0.10   0.021  229
   307.79   110.84   194.93    -0.14    -0.64     0.20   0.020  230
   148.52    76.51   193.91    -0.26    -0.66     0.35   0.021  231
   170.99    70.62   191.87    -0.39    -0.50     0.39   0.020  232
   188.58    62.77   190.85    -0.41    -0.32     0.35   0.021  233
   179.79    40.21   192.89    -0.33    -0.25     0.27   0.020  234
   170.02    49.04   194.93    -0.24    -0.19     0.19   0.021  235
   175.88    50.02   187.80    -0.20    -0.18     0.15   0.020  236
   173.92    51.98   185.77    -0.15    -0.15     0.13   0.021  237
   173.92    50.02   188.82    -0.11    -0.14     0.10   0.020  238
   172.95    46.10   186.78    -0.06    -0.12     0.07   0.021  239
   173.92    41.20   185.77    -0.01    -0.09     0.03   0.020  240
   172.95    45.12   184.75    -0.00    -0.09     0.02   0.020  241
   172.95    42.18   182.71     0.02    -0.06     0.02   0.021  242
   171.97    48.06   181.69     0.03    -0.04     0.01   0.020  243
   170.02    49.04   182.71     0.01    -0.03     0.01   0.021  244
   172.95    44.14   182.71     0.02    -0.02    -0.00   0.020  245
   171.97    41.20   182.71     0.05    -0.01    -0.03   0.021  246
   170.99    45.12   187.80     0.07    -0.02    -0.04   0.020  247
   170.02    49.04   183.73     0.08    -0.03    -0.05   0.021  248
   170.99    53.95   184.75     0.08    -0.03    -0.04   0.020  249
   168.06    55.91   186.78     0.08    -0.06    -0.01   0.021  250
   170.02    51.00   185.77     0.06    -0.11     0.01   0.020  251
   171.97    48.06   187.80     0.08    -0.14    -0.00   0.021  252
   171.97    39.23   195.94     0.18    -0.22    -0.05   0.020  253
   166.11    38.25   214.27     0.39    -0.52    -0.09   0.021  254
   166.11    70.62   217.32     0.43    -0.92    -0.01   0.020  255
   166.11    61.79   227.50     0.44    -1.20     0.10   0.021    0
   164.15    80.43   237.68     0.51    -1.68     0.20   0.020    1
   165.13   127.51   252.95     0.70    -2.20     0.47   0.021    2
   211.05   136.34   294.68     1.01    -2.70     1.10   0.020    3
   280.43   221.67   406.65     0.97    -2.55     1.60   0.021    4
   235.48   361.93   412.76    -1.52    -0.66     1.49   0.020    5
    50.81   112.80   339.47    -0.46    -0.81     1.37   0.021    6
     0.00   168.70   317.07    -0.44    -0.44     1.20   0.020    7
  -110.41    89.26   268.21    -0.53    -0.47     1.28   0.021    8
   -69.37    65.72   292.64    -0.33    -0.34     1.57   0.020    9
   -16.61    53.95   321.15     0.12     0.65     1.26   0.020   10
   -28.34    53.95   292.64     0.54     1.48     0.61   0.021   11
    -0.98    52.97   278.39     0.70     2.05    -0.11   0.020   12
    25.40    49.04   269.23     0.63     2.57    -0.64   0.021   13
    39.08    31.39   260.07     0.58     2.84    -0.93   0.020   14
    65.47    28.44   265.16     0.57     2.92    -1.06   0.021   15
    98.69    30.41   277.38     0.54     3.11    -1.07   0.020   16
   119.21    14.71   280.43     0.69     3.23    -1.08   0.021   17
   152.43    28.44   291.63     0.90     3.10    -1.16   0.020   18
   218.87    44.14   300.79     1.07     2.92    -1.57   0.021   19
   313.65   105.93   289.59     0.82     2.91    -2.03   0.020   20
   403.54   129.47   261.09     0.24     3.09    -2.23   0.021   21
   427.97    66.70   200.02     0.33     2.65    -2.25   0.020   22
   413.31     3.92    98.23     0.47     2.26    -2.13   0.021   23
   394.75   -86.31    19.85     0.74     1.21    -1.43   0.020   24
   551.08  -135.36   -20.87     1.46     0.68    -0.82   0.021   25
   469.98   -21.58   -76.85     0.33     0.65     0.34   0.020   26
   363.48   -15.69   -69.73    -0.68    -0.13     1.16   0.021   27
   254.05    57.87    13.74    -0.80    -2.09     0.95   0.020   28
    17.59    80.43   168.46    -0.32    -3.23     0.30   0.021   29
   304.85   109.85   294.68    -0.55    -4.18     0.53   0.020   30
   480.73  -102.99   362.88     0.07    -2.93     0.29   0.021   31
   239.39    86.31   247.86     0.38    -1.72     0.58   0.020   32
   120.18   187.34   164.39    -0.19    -1.79     0.35   0.021   33
   172.95    29.43   210.19    -0.20    -1.75     0.48   0.020   34
   170.02    38.25   204.09     0.12    -1.76     0.33   0.020   35
   346.87   163.80   189.84    -0.55    -0.94     0.59   0.021   36
   169.04    54.93   200.02    -0.52    -0.81     0.59   0.020   37
   190.53    64.74   186.78    -0.57    -0.64     0.59   0.021   38
   188.58    47.08   192.89    -0.45    -0.39     0.43   0.020   39
   189.56    39.23   193.91    -0.28    -0.19     0.23   0.021   40
   174.90    47.08   189.84    -0.18    -0.14     0.14   0.020   41
   170.99    44.14   188.82    -0.11    -0.12     0.08   0.021   42
   170.02    46.10   187.80    -0.04    -0.12     0.03   0.020   43
   169.04    53.95   187.80    -0.02    -0.14     0.01   0.021   44
   172.95    55.91   181.69    -0.03    -0.13     0.03   0.020   45
   170.99    51.00   183.73    -0.02    -0.10     0.02   0.021   46
   173.92    51.98   181.69    -0.00    -0.09     0.01   0.020   47
   173.92    52.97   179.66     0.01    -0.06     0.01   0.021   48
   173.92    49.04   181.69     0.03    -0.03     0.00   0.020   49
   172.95    49.04   182.71     0.04    -0.01    -0.01   0.021   50
   171.97    51.98   182.71     0.03    -0.01    -0.01   0.020   51
   170.99    48.06   183.73     0.05    -0.02    -0.03   0.021   52
   170.02    50.02   184.75     0.06    -0.03    -0.03   0.020   53
   172.95    49.04   183.73     0.10    -0.03    -0.05   0.021   54
   170.99    52.97   182.71     0.10    -0.04    -0.06   0.020   55
   170.02    63.75   183.73     0.07    -0.06    -0.02   0.021   56
   170.02    61.79   183.73     0.02    -0.06     0.03   0.020   57
   169.04    53.95   185.77     0.03    -0.08     0.04   0.021   58
   170.99    51.98   189.84     0.09    -0.15     0.02   0.020   59
   170.02    44.14   203.07     0.22    -0.23    -0.04   0.020   60
   163.18    56.89   221.39     0.36    -0.55    -0.02   0.021   61
   150.47    46.10   256.00     0.44    -1.03     0.03   0.020   62
   164.15    85.33   245.82     0.51    -1.55     0.19   0.021   63
   158.29   131.43   258.04     0.65    -2.20     0.52   0.020   64
   199.33   165.76   295.70     0.80    -2.82     1.34   0.021   65
   306.81   270.71   396.47    -0.04    -2.67     2.18   0.020   66
   281.40   319.75   468.74    -1.81    -0.70     1.90   0.021   67
    57.65   115.74   363.90    -1.28    -0.81     1.80   0.020   68
     4.89   153.01   322.16    -0.71    -0.48     1.69   0.021   69
   -85.98    87.30   278.39    -0.82    -0.31     1.83   0.020   70
   -55.69    67.68   285.52    -0.32    -0.03     1.80   0.021   71
   -28.34    75.52   276.36     0.28     0.75     1.18   0.020   72
   -27.36    81.41   247.86     0.66     1.43     0.28   0.021   73
   -19.54    73.56   226.48     0.77     1.88    -0.61   0.020   74
     0.98    63.75   221.39     0.68     2.07    -1.21   0.021   75
    12.70    40.21   218.34     0.64     2.33    -1.36   0.020   76
    55.69    29.43   233.61     0.61     2.46    -1.47   0.021   77
   127.02    26.48   260.07     0.78     2.89    -1.69   0.020   78
   130.93    26.48   253.96     0.87     3.17    -1.71   0.021   79
   130.93    26.48   260.07     0.99     2.91    -1.55   0.020   80
   199.33    57.87   286.54     1.04     2.56    -1.61   0.021   81
   257.95    99.07   282.47     0.70     2.32    -1.85   0.020   82
   333.19   105.93   284.50     0.60     2.01    -1.98   0.021   83
   510.05   100.05   262.11     0.71     2.23    -2.51   0.020   84
   448.49    66.70   153.19     0.26     2.45    -2.37   0.020   85
   388.89   -28.44    46.31     0.21     1.82    -1.52   0.021   86
   443.60   -99.07     4.58     0.85     1.20    -0.61   0.020   87
   416.24   -66.70   -32.06     0.72     0.85     0.43   0.021   88
   342.96   -20.60   -29.01    -0.07     0.06     0.97   0.020   89
   280.43    52.97   -10.69    -0.68    -0.23     1.00   0.021   90
   328.31    35.31  -119.60    -0.99    -1.79     0.94   0.020   91
   -59.60    46.10   341.50    -0.77    -2.89     0.57   0.021   92
   352.73   -37.27   273.30    -0.73    -3.77     1.11   0.020   93
   425.04   -28.44   329.29     0.19    -2.46     0.66   0.021   94
   237.44   144.18   220.37     0.02    -1.67     0.58   0.020   95
   132.89   143.20   171.51    -0.41    -1.80     0.44   0.021   96
   181.74     4.90   209.18    -0.10    -1.73     0.51   0.020   97
   337.10   167.72   209.18    -0.33    -1.70     0.69   0.021   98
   205.19   -22.56   220.37    -0.52    -0.82     0.56   0.020   99
   194.44    75.52   187.80    -0.27    -0.49     0.30   0.021  100
   183.69    46.10   197.98    -0.19    -0.30     0.19   0.020  101
   175.88    51.00   188.82    -0.12    -0.22     0.08   0.021  102
   176.85    47.08   185.77    -0.02    -0.15    -0.00   0.020  103
   171.97    47.08   187.80     0.06    -0.11    -0.05   0.021  104
   168.06    47.08   186.78     0.11    -0.11    -0.09   0.020  105
