     1.00     0.05   0.020  206     -0.8     -1.3
     1.01     0.04   0.021  207     -0.9      1.0
     1.00     0.04   0.020  208      1.0     -0.4
     1.00     0.05   0.021  209      0.9     -0.4
     1.00     0.05   0.020  210     -1.4     -0.4
     1.01     0.05   0.021  211     -1.3      1.7
     1.01     0.05   0.020  212      0.1      1.1
     1.00     0.04   0.021  213     -1.2      1.4
     1.00     0.04   0.020  214      0.3     -1.3
     1.00     0.04   0.021  215     -0.6     -1.7
     1.00     0.05   0.020  216     -0.1     -0.2
     1.00     0.05   0.021  217     -0.1     -0.2
     1.00     0.05   0.020  218      2.1     -0.1
     1.03     0.05   0.021  219      1.2      2.6
     1.00     0.05   0.020  220     -1.5     -6.8
     1.03     0.05   0.021  221      2.2      1.3
     1.00     0.05   0.020  222     -1.4     -0.5
     1.00     0.04   0.021  223     -0.4      0.1
     1.00     0.04   0.020  224     -0.8     -1.3
     0.97     0.05   0.020  225     -2.4      0.3
     1.00     0.05   0.021  226      4.6     -6.3
     1.03     0.05   0.020  227      2.1      7.5
     1.00     0.05   0.021  228     -1.1     -1.4
     1.00     0.05   0.020  229     -1.0     -1.3
     1.00     0.04   0.021  230     -0.5      0.1
     1.00     0.05   0.020  231     -1.3     -0.4
     1.00     0.05   0.021  232     -0.3      0.1
     1.00     0.05   0.020  233     -0.7     -1.3
     1.01     0.05   0.021  234      0.6      0.6
     1.00     0.05   0.020  235      0.5      0.5
     1.00     0.05   0.021  236      0.1     -0.9
     1.00     0.04   0.020  237      0.1     -0.8
     1.00     0.05   0.021  238      0.1     -0.7
     1.00     0.05   0.020  239     -0.4      0.2
     1.00     0.05   0.021  240     -0.4      0.1
     1.00     0.04   0.020  241     -0.3      0.0
     1.00     0.04   0.021  242     -1.2     -0.4
     1.00     0.04   0.020  243      0.3     -0.8
     1.01     0.04   0.021  244      1.9      0.1
     1.00     0.04   0.020  245      1.3      1.0
     1.00     0.04   0.021  246     -0.6     -0.0
     1.00     0.04   0.020  247     -0.1     -0.9
     1.00     0.04   0.021  248     -1.9      0.4
     1.00     0.04   0.020  249     -0.9      0.8
     1.00     0.04   0.020  250      0.6     -1.8
     1.01     0.04   0.021  251      0.4      0.4
     1.00     0.04   0.020  252      1.8     -2.1
     1.02     0.04   0.021  253     -0.4      3.5
     1.01     0.04   0.020  254      0.3     -2.0
     1.00     0.04   0.021  255      1.1     -1.2
     0.99     0.04   0.020    0     -2.5     -0.7
     1.01     0.04   0.021    1     -0.6      0.1
     1.00     0.05   0.020    2     -2.4     -6.5
     1.00     0.05   0.021    3      0.7     -0.9
     1.02     0.05   0.020    4     -3.3      5.8
     1.01     0.04   0.021    5     -0.5      1.0
     1.00     0.05   0.020    6      0.0      0.1
     1.00     0.04   0.021    7     -0.4     -1.2
     0.99     0.04   0.020    8     -3.1      1.9
     1.00     0.04   0.021    9     -0.5     -0.5
     1.04     0.04   0.020   10      3.1      4.5
     1.01     0.05   0.021   11      0.9     -0.1
     1.00     0.05   0.020   12      0.4     -1.4
     1.00     0.05   0.021   13      0.4     -1.3
     1.01     0.05   0.020   14     -0.6      0.5
     1.00     0.05   0.021   15      0.4     -1.2
     1.00     0.05   0.020   16      0.4     -1.2
     1.01     0.05   0.021   17     -0.2     -0.3
     1.00     0.05   0.020   18     -1.5      0.1
     1.00     0.05   0.020   19      0.5     -1.2
     1.00     0.05   0.021   20     -0.1     -0.3
     1.00     0.05   0.020   21     -0.6      0.6
     1.00     0.04   0.021   22      1.3     -0.7
     1.00     0.05   0.020   23     -1.0     -0.7
     1.00     0.05   0.021   24      0.4     -1.1
     1.00     0.05   0.020   25     -1.0     -0.7
     1.00     0.05   0.021   26     -1.2     -1.9
     1.01     0.05   0.020   27      0.6     -0.9
     1.00     0.05   0.021   28      0.5     -0.8
     1.00     0.05   0.020   29      0.5     -0.7
     1.01     0.05   0.021   30      0.8      0.6
     1.00     0.05   0.020   31      0.3     -0.8
     1.00     0.05   0.021   32     -1.5      0.6
     1.00     0.05   0.020   33     -0.4     -1.2
     1.00     0.05   0.021   34     -1.8      1.4
     1.00     0.05   0.020   35      1.6     -2.6
     1.00     0.05   0.021   36      0.5     -0.6
     1.02     0.05   0.020   37      1.1      4.1
     0.99     0.05   0.021   38     -1.0      1.7
     0.99     0.05   0.020   39      0.5     -1.2
     1.00     0.05   0.021   40     -1.0     -0.8
     1.00     0.05   0.020   41     -1.2     -2.0
     0.98     0.05   0.021   42     -2.0      0.0
     1.03     0.05   0.020   43     -1.3      4.4
     1.01     0.05   0.020   44      0.4     -0.7
     1.01     0.05   0.021   45      2.7      5.0
     1.01     0.05   0.020   46     -0.0      0.9
     1.00     0.05   0.020   48      1.3     -1.6
     1.01     0.05   0.021   49     -0.6     -0.3
     1.00     0.05   0.020   50     -0.1     -1.1
     1.00     0.05   0.021   51     -0.0     -1.0
     1.01     0.05   0.020   52     -0.5     -0.1
     1.00     0.04   0.021   53      0.0     -0.9
     1.00     0.05   0.020   54     -0.0     -0.9
     1.00     0.05   0.021   55      0.9     -0.3
     1.00     0.05   0.020   56     -0.0     -0.8
     1.00     0.05   0.021   57     -0.0     -0.7
     1.00     0.04   0.020   58      0.8     -0.2
     1.01     0.05   0.021   59     -0.2     -0.8
     1.00     0.04   0.020   60      1.1     -1.1
     1.01     0.05   0.021   61      0.9      1.1
     1.00     0.06   0.020   62      2.4     -1.5
     1.01     0.08   0.021   63     -1.4      0.9
     1.01     0.08   0.020   64      0.7     -0.5
     1.00     0.09   0.021   65     -0.1     -1.1
     1.01     0.11   0.020   66     -0.4     -0.6
     1.01     0.12   0.021   67      3.0     -0.2
     0.99     0.12   0.020   68     -0.8     -3.4
     0.99     0.15   0.021   70     -0.3      2.5
     1.01     0.17   0.020   71      1.7     -0.9
     1.00     0.16   0.021   72     -0.1     -1.1
     0.99     0.15   0.020   73     -2.7      0.5
     0.99     0.10   0.021   74     -3.0      2.3
     1.00     0.09   0.020   75     -0.9     -0.7
     1.05     0.14   0.020   77     10.5     -2.1
     0.98     0.27   0.021   78      0.2     -0.1
     0.89     0.31   0.020   79    -35.8      8.2
     0.95     0.23   0.021   80    -41.9      9.3
     1.02     0.87   0.020   81    -20.9    -37.1
     1.23     1.25   0.021   82    -56.8    -73.3
     2.00     1.60   0.021   84   -230.3     45.2
     1.57     1.84   0.020   85   -265.9   -118.7
     1.73     1.06   0.021   86   -317.2   -134.8
     1.72     0.59   0.020   87   -357.3   -125.1
     1.57     0.69   0.021   88   -315.6   -177.6
     1.43     1.07   0.020   89   -279.3   -179.6
     1.25     1.85   0.020   91   -180.1    -84.6
     1.22     2.08   0.021   92   -105.8    -22.9
     1.40     2.40   0.020   93    -22.9     40.6
     1.40     2.93   0.020   94     54.1     71.3
     1.23     3.07   0.021   95     94.3     57.1
     1.50     2.97   0.020   96    167.9     74.1
     1.25     2.91   0.020   98    238.1     54.0
     1.34     2.35   0.021   99    284.3     80.3
     1.38     2.12   0.020  100    332.0     74.8
     1.20     1.22   0.021  101    294.1     17.3
     1.33     0.79   0.020  102    315.4     -1.7
     1.32     1.13   0.021  103    330.8     55.2
     1.32     1.94   0.020  104    308.9    128.2
     1.40     2.21   0.021  105    261.9    191.5
     1.76     3.92   0.020  106   -133.0     87.2
     1.44     8.31   0.021  107   -177.9     94.8
     3.96     4.61   0.020  108    177.9    159.3
     3.49     1.89   0.021  109    200.1   -386.7
     1.31     2.65   0.020  110      1.0    -84.6
     1.32     0.60   0.020  112    -56.1    -26.9
     1.17     0.63   0.021  113    -40.9     -7.9
     1.12     0.25   0.020  114    -40.5    -13.0
     1.05     0.08   0.021  115    -35.3    -14.1
     1.09     0.12   0.020  116    -20.6    -10.6
     1.01     0.24   0.021  117    -26.8    -11.6
     1.00     0.38   0.020  119    -28.5     -1.2
     1.00     0.36   0.021  120    -26.4     -0.4
     0.98     0.26   0.020  121    -32.3      6.3
     0.97     0.15   0.021  122    -29.2      2.6
     0.98     0.04   0.020  123    -21.4     -2.3
     0.99     0.11   0.021  124    -10.8     -8.4
     1.00     0.08   0.020  125    -10.7     -5.9
     0.98     0.11   0.021  126    -14.6     -0.1
     0.99     0.14   0.020  127    -14.6     -1.6
     1.01     0.21   0.021  128    -11.0     -6.4
     1.01     0.18   0.020  129     -8.2     -0.9
     1.01     0.15   0.021  130    -11.3      6.2
     1.01     0.14   0.020  131     -3.1     -6.8
     0.99     0.12   0.021  132     -0.3    -18.3
     1.00     0.31   0.020  133    -10.6    -18.9
     0.98     0.51   0.021  134    -22.1     -3.3
     1.02     0.84   0.020  135    -77.3     11.4
     1.07     2.30   0.021  136   -125.6    -14.0
     1.37     3.74   0.020  137   -133.4    -19.3
     2.63     8.63   0.021  138   -413.6   -160.9
     1.73    12.33   0.020  139   -357.7   -130.8
     5.89     5.50   0.021  140   -526.2    249.5
     2.61     2.76   0.020  141   -585.2   -256.3
     2.56     1.91   0.021  142   -597.4   -198.8
     2.10     2.28   0.020  143   -524.9    -88.0
     1.73     2.87   0.020  144   -430.5   -103.4
     1.43     3.29   0.021  145   -355.8    -67.2
     1.31     3.96   0.020  146   -307.1    -28.4
     1.16     4.27   0.021  147   -232.7      5.4
     1.05     4.59   0.020  148   -111.4     22.1
     1.18     4.85   0.021  149    -37.6     -8.1
     1.46     5.03   0.020  150     33.8    -21.8
     1.52     5.22   0.021  151    116.1      0.4
     1.32     5.28   0.020  152    151.8    -23.0
     1.68     4.89   0.021  153    204.3    -15.9
     2.39     4.47   0.020  154    342.7     89.6
     3.06     4.60   0.021  155    536.8    215.9
     3.45     4.97   0.020  156    775.0    212.2
     3.02     5.15   0.021  157    772.3      2.6
     3.09     4.76   0.020  158    612.4   -145.6
     3.22     3.98   0.021  159    432.4     12.1
     2.63     2.15   0.020  160    344.6    199.9
     2.21     3.85   0.021  161    474.5    188.4
     2.18     5.52   0.020  162    226.0    505.3
     5.10     6.27   0.020  164    892.5   -379.9
     3.25     5.01   0.021  165    546.3    -44.4
     2.72     2.45   0.020  166     87.0    588.0
     1.50     2.15   0.021  167    179.0    -52.6
     1.29     1.00   0.020  168    137.0     57.2
     1.51     0.28   0.020  169    150.2     33.7
     1.14     0.22   0.021  170     88.5     29.1
     1.09     0.21   0.020  171     91.7     16.5
     1.04     0.26   0.021  172     70.8     15.3
     1.03     0.33   0.020  173     65.5     16.5
     1.03     0.44   0.021  174     61.8      7.1
     1.00     0.50   0.020  175     44.9     18.8
     0.98     0.25   0.021  176     27.2     34.0
     1.00     0.11   0.021  178     32.7     15.7
     1.00     0.06   0.020  179     29.8     12.0
     0.98     0.08   0.021  180     27.9      3.9
     0.99     0.10   0.020  181     24.5      5.9
     1.00     0.09   0.021  182     28.3      3.2
     1.00     0.13   0.020  183     24.5      3.1
     0.94     0.11   0.020  185      2.7      5.3
     0.99     0.16   0.021  186     19.2     -7.9
     0.94     0.17   0.020  187     -1.8    -14.4
     0.98     0.39   0.021  188      9.3     -6.6
     1.02     0.50   0.020  189      7.4     -1.5
     1.02     0.68   0.021  190    -34.3      6.4
     1.42     3.04   0.021  192   -155.6     45.3
     2.95     7.05   0.020  193   -308.4    -22.2
     2.17    12.79   0.020  194   -435.3   -173.3
     5.53     9.51   0.021  195   -482.1    284.4
     2.38     2.70   0.020  196   -571.7   -156.8
     2.07     2.43   0.021  197   -519.6    -15.2
     1.66     2.21   0.021  199   -421.9    -41.2
     1.42     2.57   0.020  200   -357.7    -24.3
     1.24     3.47   0.021  201   -297.9      7.2
     1.15     3.90   0.020  202   -237.6     -2.8
     1.17     4.71   0.021  203   -168.3    -48.9
     1.18     5.33   0.020  204    -87.0    -39.3
     1.51     6.07   0.020  206     75.5     -1.7
     1.71     6.19   0.021  207    166.3     13.2
     1.86     6.33   0.020  208    250.2     32.5
     1.89     6.18   0.021  209    308.4     47.2
     2.37     5.85   0.020  210    431.3    134.6
     3.21     6.06   0.021  211    697.0    240.0
     3.10     4.11   0.021  213    668.2   -109.1
     3.78     3.90   0.020  214    635.3   -247.2
     3.63     0.95   0.021  215    412.8     84.6
     2.88     4.91   0.020  216    400.6    147.3
     1.18     5.42   0.021  217    291.9     63.7
     4.41    11.94   0.020  218   -867.1     97.4
     3.19     4.04   0.021  220    261.7    629.3
     2.98     3.29   0.020  221    312.1   -251.0
     1.93     1.58   0.021  222    229.4    -48.3
     1.15     0.31   0.020  223     95.1     35.9
     1.07     0.29   0.021  224     86.5      7.1
     1.04     0.29   0.020  225     64.5     -5.0
     1.04     0.28   0.020  227     60.1     -6.1
     1.05     0.40   0.021  228     60.0      3.1
     1.00     0.51   0.020  229     39.0     11.1
     0.98     0.37   0.021  230     26.2     25.3
     0.98     0.16   0.020  231     28.1     14.9
     0.99     0.12   0.021  232     27.6      5.2
     1.00     0.12   0.021  234     32.1     -8.5
     1.00     0.19   0.020  235     25.0     -0.9
     0.99     0.18   0.021  236     21.1      2.4
     0.98     0.16   0.020  237     17.1      3.3
     0.99     0.13   0.021  238     12.7      2.1
     0.98     0.12   0.020  239     13.6      0.8
     0.97     0.20   0.020  241      5.0    -10.1
     0.97     0.28   0.021  242     -5.9     -4.2
     1.00     0.43   0.020  243      6.1     -6.4
     1.04     0.57   0.020  244      1.8     -3.3
     0.99     1.31   0.021  245    -91.3      7.0
     1.26     5.01   0.020  246   -253.6    -37.3
     3.20    12.59   0.020  248   -448.5   -171.6
     3.68    11.18   0.021  249   -480.5    161.6
     3.03     3.36   0.020  250   -646.2     98.2
     2.27     2.37   0.021  251   -561.6   -141.1
     2.27     1.66   0.020  252   -578.3     40.4
     2.08     1.81   0.021  253   -532.2     26.3
     1.57     3.92   0.021  255   -389.0    -32.3
     1.09     4.85   0.020    0   -224.6    -41.7
     1.14     5.12   0.021    1   -147.3    -15.1
     1.28     5.52   0.020    2    -81.0     23.2
     1.39     5.85   0.021    3     -2.4     18.9
     1.58     6.11   0.020    4     77.5      1.6
     1.90     6.13   0.020    6    238.2     68.7
     2.41     5.77   0.021    7    377.0    112.3
     3.57     5.74   0.020    8    676.8    146.0
     4.12     6.09   0.021    9    999.1    160.6
     3.16     5.23   0.020   10    749.7    -25.0
     3.75     4.01   0.021   11    708.7   -324.8
     3.20     1.35   0.020   13    431.3    262.9
     2.19     5.64   0.021   14    548.2    105.6
     3.73    12.23   0.020   15   -618.6    127.0
     5.80     8.81   0.021   16    931.6   -309.4
     3.68     5.27   0.020   17    508.4   -241.5
     2.86     2.29   0.021   18    220.8    419.4
     1.23     1.02   0.021   20    102.9     31.6
     1.47     0.66   0.020   21     90.2    -36.3
     1.20     0.22   0.021   22     66.2    -14.0
     1.10     0.21   0.020   23     63.3    -13.6
     1.06     0.29   0.021   24     42.0    -13.3
     1.02     0.34   0.020   25     38.1     -2.9
     0.99     0.37   0.020   27     28.2     -0.2
     0.99     0.33   0.021   28     21.4      6.8
     0.97     0.15   0.020   29     14.2     22.3
     0.99     0.12   0.021   30     19.6      8.4
     0.99     0.12   0.020   31     20.8     -1.0
     1.00     0.12   0.021   32     21.8     -7.9
     0.99     0.14   0.021   34     14.7     -1.7
     1.00     0.13   0.020   35     11.8      1.7
     1.00     0.13   0.021   36      4.2      2.5
     0.96     0.16   0.020   37     -0.5     -0.4
     0.97     0.21   0.020   38     -0.8     -8.7
     0.97     0.39   0.021   39     -2.3      1.5
     1.02     0.49   0.021   41    -12.8      2.3
     1.01     0.81   0.020   42   -124.7     13.4
     1.46     2.99   0.021   43   -158.1    -14.7
     3.06     6.98   0.020   44   -328.9    -68.2
     2.66    10.93   0.021   45   -440.2   -164.0
     6.24    13.07   0.020   46   -426.5    333.1
     1.92     2.35   0.020   48   -482.3    -44.9
     1.81     1.52   0.021   49   -461.7     29.6
     1.71     1.94   0.020   50   -434.4    -42.0
     1.45     2.30   0.021   51   -368.2    -38.8
     1.22     3.07   0.020   52   -311.0    -11.9
     1.03     3.87   0.021   53   -245.7     -6.0
     1.03     4.41   0.020   54   -196.8    -23.4
     1.13     4.61   0.021   55   -124.5     -1.7
     1.23     5.11   0.020   56    -48.2     14.2
     1.32     5.47   0.021   57     18.4      9.2
     1.76     5.62   0.020   58    100.5     -0.3
     2.14     6.15   0.021   59    234.7     44.5
     1.99     6.37   0.020   60    287.5     57.5
     2.30     6.10   0.021   61    388.0    106.4
     3.10     6.11   0.020   62    643.9    175.2
     3.81     6.12   0.020   63    944.0    157.8
     3.60     4.55   0.021   64    851.2     -4.7
     4.19     3.99   0.020   65    656.4   -387.7
     4.39     4.04   0.021   66    464.1     24.7
     3.29     3.92   0.020   67    322.7    210.9
     1.90     5.95   0.021   68    431.3      9.2
     2.55     9.45   0.020   69    -70.6    153.2
     5.03     6.24   0.021   70    973.6   -268.0
     3.16     4.45   0.020   71    566.2    -16.4
     2.11     2.40   0.021   72    298.3    -84.6
     1.55     0.79   0.020   73    193.4    -58.3
     1.21     0.33   0.021   74    137.7     17.2
     1.10     0.37   0.020   75    118.8     17.1
     1.10     0.32   0.021   76    117.6      7.4
     1.00     0.47   0.020   77     75.7     15.0
     1.03     0.40   0.021   78     86.7     12.8
     1.01     0.45   0.020   79     69.3      9.6
     1.03     0.47   0.021   80     67.3     13.7
     0.95     0.47   0.020   81     35.3     29.8
     0.96     0.15   0.021   82     42.3     15.3
     0.97     0.14   0.020   83     44.5      9.4
     1.02     0.21   0.021   84     46.9      0.4
     1.00     0.17   0.020   85     42.7     -0.9
     1.00     0.11   0.021   86     35.2      3.7
     1.01     0.07   0.020   87     37.0     -1.3
     1.00     0.10   0.020   88     29.9      0.4
     0.99     0.10   0.021   89     22.5      3.6
     0.96     0.09   0.020   90     11.4      7.7
     0.96     0.19   0.021   91      8.1      0.9
     0.96     0.34   0.020   92     10.7     -9.5
     0.97     0.41   0.021   93      6.2     -3.0
     0.99     0.57   0.020   94      5.2     -4.8
     1.04     0.64   0.021   95      3.6     13.2
     1.05     1.13   0.020   96    -82.9     11.1
     1.17     3.66   0.021   97   -202.4     11.0
     3.31     9.07   0.020   98   -287.2    -78.7
     2.67    14.01   0.021   99   -450.0   -207.0
     4.90    13.84   0.020  100   -467.6    137.8
     3.18     3.76   0.021  101   -721.9     37.4
     2.26     1.74   0.020  102   -574.6    -75.5
     2.12     2.22   0.021  103   -537.7     51.6
     1.96     3.05   0.020  104   -496.5    -11.0
     1.92     3.23   0.021  105   -485.2    -66.5
     1.55     4.25   0.020  106   -383.2    -27.3
     1.22     5.13   0.021  107   -281.3     15.4
     1.13     5.61   0.020  108   -143.7     17.8
     1.22     5.94   0.021  109    -74.2      6.6
     1.61     6.01   0.020  110     -2.0     17.6
     1.80     6.24   0.021  111    115.3     32.1
     1.72     6.55   0.020  112    178.5     84.7
     4.02     6.53   0.021  114    680.6    145.0
     3.85     7.12   0.020  115    919.0     78.4
     3.28     6.62   0.021  116    789.4   -106.4
     4.15     3.92   0.020  117    762.8   -480.2
     4.11     4.81   0.021  118    680.9    -72.7
     3.57     1.83   0.020  119    487.6    385.6
     3.84     7.54   0.020  121   -675.0    160.1
     4.32     8.11   0.021  122    845.2    -68.4
     4.03     6.53   0.020  123    584.7   -169.8
     2.24     3.15   0.021  124    279.3    179.6
     1.83     1.36   0.020  125    191.6     51.0
     1.42     0.52   0.021  126    125.3    -19.8
     1.06     0.19   0.021  128     63.6     19.5
     1.06     0.27   0.020  129     66.7     11.3
     1.04     0.25   0.021  130     48.6      6.2
     1.01     0.20   0.020  131     44.7      6.3
     1.01     0.31   0.021  132     41.7      8.6
     0.99     0.35   0.020  133     32.0      9.9
     0.96     0.16   0.020  135     18.3     22.5
     0.99     0.13   0.021  136     26.3     11.5
     0.99     0.15   0.020  137     25.3     -0.9
     1.01     0.20   0.020  138     27.9     -0.7
     1.00     0.27   0.021  139     23.3     -0.9
     0.99     0.27   0.020  140     16.6      8.8
     0.99     0.10   0.020  142     10.8     10.1
     0.99     0.11   0.021  143      2.2     10.3
     0.99     0.29   0.020  144      3.4      0.1
     1.02     0.34   0.021  145      8.5     -1.3
     1.05     0.44   0.020  146      6.0     10.4
     0.97     0.58   0.021  147    -82.4     19.2
     1.94     4.79   0.021  149   -197.0    -93.0
     3.34     7.26   0.020  150   -442.9   -111.0
     2.08    13.53   0.021  151   -497.2    -29.8
     5.39    11.47   0.020  152   -566.5    446.8
     2.65     3.26   0.021  153   -674.5    -38.7
     2.26     2.48   0.020  154   -559.9   -137.6
     1.46     2.73   0.020  156   -370.3     -4.7
     1.41     3.42   0.021  157   -351.0     28.2
     1.28     4.27   0.020  158   -295.2     39.2
     1.17     4.66   0.021  159   -209.3     23.8
     1.22     4.89   0.020  160   -125.2      4.9
     1.25     5.42   0.021  161    -54.4    -27.7
     1.75     6.20   0.020  163    115.0    -37.3
     1.79     6.28   0.021  164    201.6     49.4
     2.10     6.19   0.020  165    264.8    113.9
     2.85     6.21   0.021  166    467.8    181.9
     3.36     6.58   0.020  167    745.6    154.8
     3.95     5.58   0.021  168   1008.7     81.0
     4.53     4.00   0.021  170    668.1   -297.9
     4.00     1.62   0.020  171    532.5    306.9
     1.52     4.89   0.021  172    307.4    -27.7
     2.09    11.87   0.020  173   -318.5    314.2
     4.42     5.89   0.021  174    875.0   -301.8
     2.98     5.88   0.020  175    476.2   -236.8
     2.36     0.80   0.020  177    232.0   -249.7
     1.63     0.25   0.021  178    161.0    -54.5
     1.21     0.21   0.020  179     88.8    -27.6
     1.06     0.19   0.021  180     76.5    -29.0
     1.02     0.28   0.020  181     67.6     -8.3
     1.02     0.26   0.021  182     62.8    -18.0
     1.00     0.39   0.021  184     42.0     -9.2
     0.97     0.36   0.020  185     28.0      6.0
     0.99     0.16   0.021  186     29.9     -1.2
     0.99     0.07   0.020  187     31.8     -6.7
     1.02     0.05   0.020  188     37.6    -10.7
     1.01     0.10   0.021  189     30.5     -7.8
     0.99     0.12   0.021  191     21.5     -6.9
     0.99     0.15   0.020  192     18.1     -7.8
     0.98     0.16   0.021  193     15.0     -3.3
     0.98     0.15   0.020  194     10.9     -2.8
     0.98     0.10   0.021  195      3.5      0.4
     0.98     0.15   0.020  196     11.5    -14.8
     1.00     0.35   0.020  198      3.7     -7.3
     1.02     0.42   0.021  199    -28.9      4.6
     1.14     1.37   0.020  200   -146.3     -3.9
     1.44     4.60   0.021  201   -161.6     34.2
     3.63    11.48   0.020  202   -208.5   -127.2
     2.24    13.12   0.021  203   -541.5     20.8
     2.42     2.76   0.021  205   -591.9   -176.8
     2.16     2.16   0.020  206   -549.3    -17.6
     1.66     3.08   0.021  207   -421.3     32.8
     1.54     2.88   0.020  208   -393.1     24.7
     1.43     2.87   0.021  209   -356.4     71.1
     1.19     3.67   0.020  210   -285.1     62.2
     1.15     4.89   0.020  212   -163.0    -23.7
     1.22     5.39   0.020  213    -87.8    -32.2
     1.41     5.56   0.021  214     -9.9    -26.7
     1.54     5.90   0.020  215     65.2     -8.0
     1.89     6.10   0.021  216    176.7     50.3
     2.54     6.06   0.020  217    301.4     92.8
     3.52     6.76   0.020  219    807.6    185.6
     3.24     6.49   0.021  220    803.1     47.8
     3.77     4.40   0.020  221    686.7   -375.2
     4.16     4.79   0.021  222    648.7   -129.8
     3.36     1.48   0.020  223    386.6    301.9
     0.34     3.26   0.021  224     35.7    -20.3
     6.77    11.95   0.021  226   1621.1    -31.1
     3.88     5.63   0.020  227    566.7   -572.1
     2.91     3.63   0.021  228    356.1    265.5
     1.40     2.80   0.020  229    211.4    -74.0
     1.83     1.62   0.021  230    191.1    -61.2
     1.49     0.38   0.020  231    162.6    -78.6
     1.11     0.17   0.020  233     82.3    -23.5
     1.04     0.17   0.021  234     62.1    -26.9
     1.03     0.18   0.020  235     62.3    -20.3
     1.01     0.27   0.021  236     53.5    -15.5
     1.01     0.30   0.020  237     50.3    -11.6
     0.98     0.26   0.020  238     32.6     -2.4
     0.99     0.15   0.020  240     33.0     -4.7
     0.99     0.12   0.021  241     28.6     -5.7
     0.99     0.13   0.020  242     28.7    -11.1
     1.00     0.20   0.021  243     32.8    -14.6
     0.99     0.23   0.020  244     24.1    -10.8
     1.00     0.24   0.021  245     20.3     -1.3
     0.99     0.18   0.021  247     11.5     -0.3
     0.96     0.19   0.020  248      4.4     -3.1
     0.98     0.23   0.021  249      9.8    -11.9
     0.96     0.32   0.020  250     -0.8     -1.9
     0.98     0.40   0.021  251     -0.8     -6.8
     0.97     0.58   0.020  252    -86.8      9.3
     1.17     1.86   0.021  253   -112.8     18.7
     2.60     3.15   0.020  254   -309.6    -49.9
     3.14     9.56   0.021  255   -568.3   -223.3
     4.42    15.07   0.020    0   -409.5    -30.9
     3.19     5.59   0.021    1   -692.7    -61.4
     2.40     2.16   0.020    2   -590.7    -73.4
     1.93     2.09   0.021    3   -492.0     46.2
     1.44     2.92   0.020    4   -364.9     -7.9
     1.24     3.18   0.021    5   -313.1    -52.0
     1.22     3.38   0.020    6   -291.6    -40.7
     1.15     4.09   0.020    7   -223.5     -6.2
     1.09     4.47   0.021    8   -155.7     15.4
     1.12     4.93   0.020    9    -94.8     15.6
     1.33     5.29   0.021   10     -8.8     -0.6
     1.48     5.67   0.020   11     72.2     -8.4
     1.57     5.89   0.021   12    152.8     -2.5
     1.78     5.91   0.020   13    223.8     58.9
     2.30     5.96   0.021   14    338.1    134.7
     2.75     6.33   0.020   15    495.4    215.2
     3.66     6.67   0.021   16    828.5    222.4
     4.12     6.06   0.020   17   1032.5    209.9
     3.56     5.07   0.021   18    602.4   -181.0
     4.60     5.62   0.020   19    598.5   -311.2
     3.79     2.43   0.021   20    233.4    308.7
     2.19     5.48   0.020   21    208.6    214.0
     1.52     9.89   0.021   22   -286.3    -89.4
     4.57    11.07   0.020   23   1143.3    186.8
     4.28     5.73   0.021   24    637.2   -611.9
     4.43     2.72   0.020   25    640.2    553.8
     1.32     1.94   0.021   26    147.9   -183.9
     1.97     1.39   0.020   27    253.5     40.2
     1.39     0.50   0.021   28    154.2    -33.7
     1.22     0.26   0.020   29    135.2    -25.6
     1.08     0.34   0.021   30     93.5    -11.7
     1.03     0.29   0.020   31     76.7     11.5
     1.02     0.30   0.020   32     73.5     -3.0
     0.99     0.32   0.021   33     49.8      4.0
     0.98     0.26   0.020   34     52.8     12.0
     1.03     0.13   0.021   35     57.3      5.2
     0.97     0.09   0.020   36     39.3      1.2
     1.01     0.09   0.021   37     41.5      4.9
     1.01     0.11   0.020   38     36.1      2.3
     1.00     0.14   0.021   39     36.0     -2.3
     1.02     0.09   0.020   40     38.5     -5.5
     1.02     0.07   0.021   41     31.7      1.5
     0.98     0.08   0.021   43     16.7     -2.2
     0.96     0.14   0.020   44      6.5     -2.8
     0.99     0.29   0.021   45     19.4    -10.5
     0.98     0.34   0.020   46      8.7     -6.2
     1.01     0.44   0.021   47     11.3     -0.9
     1.00     0.46   0.020   48     -1.8      0.2
     1.24     2.69   0.020   50   -188.0     -8.2
     2.44     5.81   0.021   51    -42.2    146.1
     3.09    12.51   0.020   52   -500.2   -274.6
     1.72    14.96   0.021   53   -407.3     69.5
     4.06     5.37   0.020   54   -671.1    167.7
     2.06     2.64   0.021   55   -522.4    -18.5
     1.97     1.46   0.020   57   -488.7    121.1
     1.58     1.72   0.021   58   -401.9     12.4
     1.42     2.65   0.020   59   -353.8    -77.7
     1.42     3.66   0.021   60   -329.6   -146.8
     1.47     4.66   0.020   61   -297.6   -161.2
     1.42     5.58   0.021   62   -226.8   -132.4
     1.44     6.26   0.021   64    -58.7    -51.0
     1.84     6.54   0.020   65     26.9     18.5
     2.12     6.84   0.021   66    137.2    100.2
     2.05     6.45   0.020   67    188.0    130.7
     3.93     6.28   0.021   68    577.9    337.7
     4.23     6.95   0.020   69    949.7    285.0
     4.39     3.76   0.020   71    884.9   -250.6
     4.57     4.33   0.021   72    731.9    179.7
     3.29     1.65   0.020   73    492.6    160.8
     1.12     5.66   0.021   74   -121.6    -86.8
     5.80    11.88   0.020   75   1352.7    159.3
     3.88     5.51   0.021   76    473.1   -502.7
     3.36     3.44   0.021   78    359.5    119.6
     1.92     1.37   0.020   79    144.0    -92.1
     1.47     0.15   0.021   80    118.3    -74.8
     1.16     0.53   0.020   81     61.4     -9.0
     1.09     0.37   0.020   82     55.3     -1.5
     1.04     0.37   0.021   83     40.9    -13.2
     1.02     0.27   0.021   85     34.3     -1.2
     1.01     0.26   0.020   86     29.8     -1.7
     1.00     0.26   0.021   87     23.3      0.4
     1.00     0.20   0.020   88     19.1      3.5
     0.97     0.12   0.021   89     17.4      0.2
     0.98     0.13   0.020   90     17.1     -3.1
     0.99     0.18   0.020   92     19.1     -8.7
     0.98     0.24   0.021   93     14.5     -4.2
     0.98     0.24   0.020   94      8.3     -0.4
     0.98     0.22   0.021   95      8.7      0.8
     0.98     0.21   0.020   96      7.9      2.1
     0.97     0.23   0.021   97      1.2      1.8
     0.98     0.45   0.021   99     -1.1     -3.5
     1.02     0.54   0.020  100     10.6     -3.0
     1.01     0.63   0.021  101     -6.2      2.7
     0.98     0.95   0.020  102    -87.4     33.8
     1.36     3.79   0.021  103   -224.3     15.0
     2.88    10.74   0.020  104   -503.0    -42.3
     2.69     4.08   0.020  106   -645.1    -72.5
     2.21     2.47   0.020  107   -548.8     24.5
     1.70     1.90   0.021  108   -428.3     55.3
     1.56     2.13   0.020  109   -395.3     11.5
     1.60     2.09   0.021  110   -408.1    -14.7
     1.48     3.25   0.020  111   -361.2    -28.2
     1.27     4.59   0.020  113   -214.7    -80.0
     1.32     5.22   0.021  114   -130.2    -98.5
     1.43     5.69   0.020  115    -56.9    -82.2
     1.69     5.98   0.021  116     25.8    -24.6
     2.00     6.12   0.020  117    123.8     61.4
     2.25     6.41   0.021  118    219.3    105.9
     3.64     7.10   0.021  120    713.9    238.3
     4.20     6.98   0.020  121   1023.4    277.0
     3.67     6.19   0.021  122    788.8     34.2
     4.55     3.50   0.020  123    766.1   -423.4
     4.28     3.24   0.021  124    610.5    -48.4
     3.24     3.38   0.020  125    575.8    114.6
     6.73     7.12   0.020  127  -1652.3    -41.4
     5.89     7.89   0.021  128   1261.5    291.7
     4.45     5.96   0.020  129    625.4   -518.4
     4.14     1.82   0.021  130    494.2    600.4
     1.78     0.84   0.020  131    177.2   -190.9
     1.48     0.84   0.020  132    150.2     23.0
     1.25     0.11   0.020  134    128.1     15.3
     1.11     0.29   0.021  135     92.0     -2.9
     1.02     0.25   0.020  136     71.2     19.9
     1.03     0.31   0.021  137     70.8      5.2
     1.03     0.43   0.020  138     65.7      8.0
     1.01     0.47   0.021  139     54.6     13.8
     0.95     0.19   0.021  141     30.3     22.1
     0.96     0.10   0.020  142     30.7     14.0
     0.97     0.12   0.021  143     29.0      8.7
     1.06     0.23   0.020  144     50.0      4.7
     1.03     0.05   0.021  145     39.4      4.3
     1.03     0.06   0.020  146     32.4      5.4
     0.99     0.16   0.020  148     15.0      4.7
     0.98     0.19   0.021  149     15.6      0.9
     0.99     0.27   0.020  150     19.1    -11.6
     1.01     0.35   0.021  151     20.8     -5.9
     0.98     0.35   0.020  152      2.2     -3.1
     1.00     0.46   0.021  153     -0.6      8.7
     1.35     2.17   0.021  155   -153.2     18.5
     2.27     6.54   0.020  156   -265.3    -79.4
     2.89    10.82   0.020  157   -574.5    -34.1
     2.04    15.31   0.021  158   -423.4    -39.1
     4.22     4.07   0.020  159   -823.7    227.2
     2.42     1.85   0.021  160   -615.2     -6.1
     1.74     2.24   0.021  162   -438.7     38.6
     1.58     2.66   0.020  163   -404.5    -12.8
     1.40     3.68   0.021  164   -350.5    -22.2
     1.22     4.51   0.020  165   -277.1    -67.8
     1.28     5.12   0.021  166   -204.1    -87.5
     1.28     5.39   0.020  167   -127.9    -59.4
     1.70     5.90   0.020  169     28.0     15.8
     1.79     6.11   0.021  170    131.6     76.2
     1.77     5.84   0.020  171    186.3    104.6
     2.07     5.69   0.021  172    269.4    132.7
     3.67     6.57   0.020  173    656.3    205.4
     4.44     7.34   0.021  174   1045.6    284.4
     4.52     3.89   0.021  176    723.0   -303.9
     3.55     2.83   0.020  177    532.5    119.7
     1.41     4.05   0.021  178    339.6   -119.5
     4.90     4.88   0.020  179  -1171.0    104.2
     4.70     9.86   0.021  180   1023.3     75.4
     4.08     5.86   0.020  181    600.6   -454.4
     1.68     2.39   0.021  183    126.3   -175.8
     1.42     0.61   0.020  184    123.2    -39.3
     1.15     0.18   0.021  185     84.3     22.0
     1.21     0.21   0.020  186     82.5     -4.4
     1.13     0.22   0.021  187     71.3     -6.5
     1.04     0.36   0.020  188     50.9     -3.4
     1.04     0.38   0.021  189     50.5     -1.1
     1.05     0.55   0.020  190     50.8     -3.8
     1.00     0.62   0.021  191     36.6      9.7
     0.97     0.57   0.020  192     20.6     14.2
     0.94     0.32   0.021  193     16.2     20.8
     0.95     0.09   0.020  194     17.1     13.9
     0.96     0.20   0.021  195     18.3      4.9
     0.99     0.26   0.020  196     27.2     -1.0
     1.04     0.15   0.021  197     32.8     -9.9
     1.00     0.12   0.020  198     20.4      0.6
     0.98     0.11   0.021  199     11.1      9.2
     0.97     0.19   0.020  200      7.6     13.6
     0.98     0.26   0.021  201      9.2      2.9
     1.01     0.29   0.020  202     10.5     -5.6
     1.00     0.32   0.021  203     10.1    -11.8
     0.96     0.46   0.020  204     -4.6      0.5
     0.98     0.58   0.021  205      0.7      1.4
     1.02     0.57   0.020  206     -1.4     14.3
     0.97     0.93   0.020  207    -57.6     18.5
     1.71     3.37   0.021  208   -227.8    -40.4
     2.53     9.18   0.020  209   -266.0    -65.5
     2.95    14.59   0.021  210   -618.7    -71.3
     3.35    12.56   0.020  211   -742.5    175.4
     2.50     3.25   0.021  212   -636.0     44.1
     2.07     1.83   0.020  213   -519.6     61.2
     1.62     1.42   0.021  214   -388.9     -5.9
     1.75     1.72   0.020  215   -444.3    -27.0
     1.69     2.16   0.021  216   -428.0    -19.4
     1.27     3.80   0.020  217   -312.1    -51.6
     1.14     4.82   0.021  218   -233.1    -87.0
     1.17     5.31   0.020  219   -166.8    -69.5
     1.55     5.67   0.021  220    -97.3    -46.5
     1.64     5.95   0.020  221     -2.9     -7.0
     1.57     6.40   0.021  222     82.9     20.3
     1.77     6.31   0.020  223    142.0     90.6
     2.50     6.11   0.021  224    262.0    187.5
     2.92     6.49   0.020  225    443.8    217.2
     4.00     6.60   0.021  226    842.3    149.6
     3.62     6.34   0.020  227    922.0     86.8
     3.74     4.11   0.021  228    721.4   -354.4
     4.32     4.59   0.020  229    789.2   -259.6
     3.62     1.53   0.021  230    555.1    202.4
     1.10     5.25   0.020  231    224.0   -140.9
     4.55     7.85   0.020  232  -1058.0   -151.6
     4.79     7.12   0.021  233    849.8    181.7
     4.22     5.49   0.020  234    402.6   -388.6
     1.84     1.98   0.021  235    198.2    177.0
     2.13     1.81   0.020  236    159.0    132.7
     1.45     0.98   0.021  237     78.9    -31.8
     1.26     0.20   0.020  238     50.2      9.8
     1.27     0.59   0.021  239     66.7      4.2
     1.11     0.44   0.020  240     41.3     29.9
     1.03     0.40   0.020  242     20.6     22.4
     1.02     0.39   0.021  243     22.3     16.4
     1.00     0.34   0.020  244     16.3     20.8
     0.99     0.29   0.021  245     14.2     16.3
     0.98     0.22   0.020  246      4.8     21.2
     0.99     0.16   0.021  247     10.1     12.9
     1.02     0.19   0.021  249     14.0      7.1
     1.02     0.25   0.020  250     11.2     15.0
     0.99     0.25   0.021  251      5.3     12.6
     0.98     0.20   0.020  252      2.8     12.5
     0.99     0.14   0.021  253      1.1     11.7
     0.98     0.16   0.020  254     -1.6      6.5
     0.99     0.29   0.020    0     -7.2      1.0
     1.04     0.45   0.020    1     -4.0      0.1
     1.01     0.63   0.021    2    -71.4     23.3
     1.19     2.35   0.020    3   -179.2     31.2
     2.16     6.34   0.021    4   -285.3    -15.1
     2.93     9.94   0.020    5   -538.2    -27.7
     3.54     5.03   0.020    7   -683.8    104.9
     2.19     2.40   0.021    8   -555.4    -53.9
     1.85     2.40   0.021   10   -471.1     49.0
     1.61     2.74   0.020   11   -412.1     11.2
     1.40     3.40   0.021   12   -351.0     27.0
     1.09     4.60   0.021   14   -210.8      1.8
     1.25     4.82   0.020   15   -135.9    -12.4
     1.40     5.35   0.021   16    -54.1    -16.5
     1.54     5.71   0.020   17     29.1    -29.3
     1.79     5.92   0.021   18    126.5    -19.9
     2.16     6.28   0.020   19    245.9     26.5
     2.71     6.49   0.020   21    509.7    146.9
     3.39     6.37   0.021   22    781.4    137.0
     3.70     5.37   0.020   23    942.4     89.6
     3.39     4.22   0.021   24    687.0   -228.1
     4.21     4.86   0.020   25    665.9   -255.9
     3.82     0.90   0.020   26    426.8    246.4
     4.67     8.24   0.020   28   -686.8    216.9
     5.77     7.41   0.021   29   1077.9   -414.3
     3.03     5.67   0.020   30    516.9    -22.1
     2.51     3.67   0.021   31    354.5    317.5
     1.67     1.83   0.020   32    198.9   -110.1
     1.48     1.27   0.021   33    145.3    -71.5
     1.11     0.08   0.021   35     96.9     -5.3
     1.06     0.08   0.020   36     91.9    -15.7
     1.01     0.20   0.021   37     62.7     -0.7
     1.01     0.19   0.020   38     61.9     -2.7
     1.01     0.31   0.021   39     56.9     -1.4
     1.01     0.34   0.020   40     51.9     -1.5
     0.98     0.19   0.020   42     30.5     13.7
     0.98     0.11   0.021   43     31.2      5.3
     1.00     0.11   0.020   44     33.8     -1.2
     1.00     0.12   0.021   45     33.6     -6.9
     1.00     0.20   0.020   46     30.2     -3.2
     0.99     0.19   0.021   47     19.0      6.8
     0.99     0.07   0.021   49     16.7      2.2
     0.97     0.12   0.020   50      6.6      1.4
     0.97     0.26   0.020   51      3.9     -0.9
     0.98     0.32   0.021   52     10.0     -1.7
     0.99     0.40   0.020   53      6.4     -3.5
     1.02     0.43   0.021   54      7.7     -4.3
     1.05     2.41   0.021   56   -149.7     13.0
     1.63     6.35   0.020   57   -184.4      2.3
     3.20    12.76   0.021   58   -528.1   -275.0
     2.12    14.01   0.020   59   -503.0      0.5
     5.03     4.67   0.021   60   -662.1    131.7
     2.47     2.16   0.020   61   -620.6   -111.8
     1.41     2.48   0.020   63   -354.5     17.1
     1.42     2.36   0.021   64   -359.0     -9.8
     1.44     2.90   0.020   65   -336.9      6.9
     1.25     4.03   0.021   66   -259.8      9.6
     1.12     4.75   0.020   67   -180.0    -19.9
     1.28     5.18   0.021   68   -117.1    -15.1
     1.57     5.63   0.021   70     12.7     17.6
     1.98     5.56   0.020   71    120.3     53.6
     2.41     5.74   0.021   72    239.6     83.8
     2.85     6.13   0.020   73    409.9    164.2
     3.49     6.40   0.021   74    700.7    204.4
     3.76     6.81   0.020   75    934.7    163.6
     4.30     3.39   0.021   77    768.8   -387.1
     4.08     3.37   0.020   78    577.9    113.7
     3.40     0.96   0.021   79    494.5    280.2
     1.20     4.48   0.020   80    214.3   -170.7
     3.46    10.75   0.021   81    852.7    210.2
     4.69     4.36   0.020   82    657.0   -351.0
     2.06     2.34   0.020   84    229.2    110.2
     1.47     2.26   0.021   85    142.1   -113.0
     1.80     1.04   0.020   86    158.7   -103.6
     1.30     0.22   0.021   87    101.3    -35.0
     1.12     0.14   0.020   88     80.0    -22.4
     1.03     0.13   0.021   89     55.0     -6.1
     1.01     0.26   0.021   91     49.2    -16.7
     1.00     0.35   0.020   92     40.9    -10.7
     0.99     0.31   0.021   93     33.4      0.7
     0.98     0.30   0.020   94     26.0     -2.9
     0.99     0.22   0.021   95     22.3      6.0
     0.95     0.17   0.020   96     16.8      1.2
     1.00     0.27   0.020   98     29.4    -16.5
     0.98     0.32   0.021   99     17.0     -0.5
     0.97     0.35   0.020  100      9.0      8.6
     0.96     0.24   0.020  101      4.7      9.5
     0.97     0.22   0.021  102      0.8     -0.6
     1.00     0.30   0.020  103     17.9     -5.9
     1.01     0.40   0.020  105      3.6    -11.2
     1.02     0.53   0.021  106      3.7      2.6
     1.00     0.72   0.020  107    -69.6     32.0
     1.11     2.28   0.021  108   -141.4      0.1
     2.31     3.97   0.020  109   -377.0   -136.4
     3.24    10.86   0.021  110   -618.5   -122.7
     2.66     3.85   0.021  112   -597.7    -40.0
     2.44     1.81   0.020  113   -589.1    -80.4
     1.97     1.38   0.021  114   -501.9     43.3
     1.54     2.08   0.020  115   -391.3    -17.6
     1.48     2.63   0.021  116   -377.1    -42.7
     1.50     3.24   0.020  117   -369.6     -8.8
     1.55     4.25   0.021  118   -322.4     -3.0
     1.42     4.75   0.020  119   -232.2    -34.5
     1.50     5.42   0.021  120   -137.6    -63.8
     1.59     5.96   0.020  121    -47.1    -44.9
     1.51     6.16   0.021  122     39.3     -2.8
     1.86     6.03   0.020  123    117.5      8.7
     2.49     6.29   0.021  124    268.5     45.2
     2.60     6.66   0.020  125    370.0    159.7
     2.90     6.57   0.020  126    567.4    175.2
     3.63     5.68   0.021  127    889.6    163.3
     3.34     3.85   0.020  128    786.5    -62.6
     4.03     4.36   0.021  129    765.2   -297.8
     3.81     1.42   0.020  130    600.4    143.6
     3.08     5.70   0.021  131    525.3    102.9
     0.88     8.78   0.020  132     98.9    117.9
     4.85     6.57   0.021  133   1004.7    393.9
     2.70     5.15   0.020  134    399.9      6.2
     2.76     2.95   0.021  135    283.9    146.2
     1.59     1.50   0.020  136    151.9    -77.4
     1.33     0.57   0.021  137     82.2    -48.4
     1.42     0.49   0.020  138     66.3    -58.3
     1.16     0.29   0.021  139     50.9    -30.9
     1.10     0.24   0.020  140     49.0    -27.2
     1.06     0.41   0.021  141     42.8    -13.7
     1.07     0.55   0.020  142     43.7     -3.2
     1.00     0.64   0.021  143     25.5      3.0
     0.99     0.59   0.020  144     21.7      6.4
     0.94     0.43   0.021  145      2.7     11.9
     0.95     0.11   0.020  146      6.7     10.1
     0.97     0.14   0.021  147     18.2      0.8
     0.95     0.18   0.020  148     11.7     -1.1
     0.97     0.33   0.021  149     15.8     -3.9
     1.02     0.34   0.020  150     22.3     -4.1
     1.01     0.14   0.020  151     18.1     -8.3
     0.98     0.16   0.021  152      4.1     -1.3
     0.98     0.23   0.020  153      5.9      1.7
     0.98     0.30   0.021  154      5.7     -3.6
     0.99     0.36   0.020  155      3.6    -10.3
     0.98     0.51   0.020  157     -1.4     -4.1
     0.99     0.58   0.021  158      2.8     -5.0
     1.02     0.62   0.020  159     -5.4      4.1
     0.96     1.13   0.021  160   -105.4     12.8
     1.44     3.82   0.020  161   -155.5      0.0
     3.13    10.02   0.021  162   -265.7   -162.6
     2.53    13.10   0.020  163   -564.5    -40.7
     5.48    11.13   0.021  164   -684.3    -94.8
     3.10     2.39   0.020  165   -763.1   -141.7
     2.35     2.21   0.021  166   -589.5   -123.2
     1.92     2.91   0.020  167   -486.4     -3.4
     1.59     3.09   0.021  168   -397.5     33.7
     1.45     3.25   0.020  169   -369.4     22.7
     1.33     4.18   0.021  170   -292.8     48.2
     1.26     4.72   0.020  171   -212.3      7.5
     1.33     4.83   0.021  172   -149.9    -66.4
     1.66     4.84   0.020  173    -69.3    -75.8
     1.88     4.99   0.021  174     17.7    -66.3
     2.05     5.13   0.020  175    110.6     -2.1
     2.21     5.50   0.020  176    178.2     41.7
     2.58     5.83   0.021  177    299.7     88.0
     2.86     6.03   0.020  178    491.3    123.2
     3.23     6.12   0.021  179    745.5    112.8
     3.05     5.17   0.020  180    770.8     54.8
     3.55     4.15   0.021  181    779.1   -144.1
     3.91     4.04   0.020  182    704.0    155.8
     3.37     1.84   0.021  183    465.0    389.9
     1.60     4.32   0.021  185   -362.1   -157.8
     4.30    10.25   0.020  186   1091.4     94.5
     4.38     4.70   0.021  187    621.5   -555.0
     2.98     4.35   0.020  188    244.6    343.3
     1.21     2.64   0.021  189    145.6     -3.0
     1.63     1.63   0.020  190    129.7     15.4
     1.20     0.27   0.020  192     56.5    -43.7
     1.10     0.19   0.021  193     50.2    -34.1
     1.07     0.12   0.020  194     49.4    -37.0
     1.03     0.22   0.021  195     32.0    -29.5
     1.02     0.31   0.020  196     33.3    -21.1
     0.99     0.32   0.021  197     22.8    -11.8
     0.97     0.20   0.021  199     10.4     -4.5
     0.97     0.09   0.020  200     10.6     -1.8
     0.97     0.11   0.020  201     10.6     -8.2
     0.98     0.15   0.021  202     12.2     -9.0
     1.02     0.13   0.020  203     20.6    -13.0
     1.00     0.12   0.021  204     18.1    -16.3
     0.97     0.15   0.021  206      5.1     -4.1
     0.96     0.22   0.020  207     -1.3     -8.8
     0.97     0.30   0.021  208      0.1    -11.9
     0.98     0.38   0.020  209     -4.2     -9.5
     0.99     0.46   0.021  210     -0.7     -5.8
     1.03     0.53   0.020  211     -2.6     -1.3
     1.40     1.22   0.020  213   -153.9    -11.3
     2.52     4.66   0.021  214   -258.4    -83.5
     3.18    11.51   0.020  215   -571.3   -134.0
     4.17    14.44   0.021  216   -527.3    -52.3
     3.08     3.62   0.020  217   -678.7    -54.7
     2.36     2.37   0.021  218   -574.7   -150.1
     1.59     2.61   0.021  220   -403.2     26.5
     1.45     2.73   0.020  221   -370.0     -7.7
     1.40     3.44   0.021  222   -341.3     -6.0
     1.17     3.94   0.020  223   -264.7     -6.1
     1.06     4.50   0.021  224   -186.5    -35.5
     1.25     4.72   0.020  225   -124.3    -51.1
     1.57     5.61   0.021  227     40.4     -9.1
     1.79     5.75   0.020  228    117.4     60.5
     2.08     6.06   0.021  229    209.7    125.1
     2.39     6.31   0.020  230    325.2    185.0
     2.99     6.80   0.021  231    545.8    252.8
     3.90     6.81   0.020  232    903.6    243.7
     3.80     3.73   0.020  234    685.1   -241.9
     4.56     5.00   0.021  235    723.6   -261.3
     3.79     2.09   0.020  236    389.6    282.9
     0.59     5.53   0.021  237    101.9     10.9
     5.38    11.60   0.020  238  -1292.8   -351.6
     5.46     5.10   0.021  239   1160.1   -195.3
     1.91     2.67   0.021  241    223.2   -121.3
     1.60     1.61   0.020  242    165.5    -43.8
     1.73     1.28   0.021  243    167.8    -22.1
     1.17     0.23   0.020  244    113.9     12.9
     1.06     0.10   0.021  245     88.3     -5.1
     1.00     0.20   0.020  246     63.8      5.1
     0.99     0.20   0.020  248     52.4     12.1
     1.00     0.18   0.021  249     53.9      7.1
     1.00     0.19   0.020  250     44.5     12.8
     0.98     0.14   0.020  251     37.1     14.7
     0.98     0.12   0.021  252     33.6      9.9
     0.99     0.12   0.020  253     34.4      1.2
     1.00     0.16   0.020  255     32.1     -1.8
     0.99     0.19   0.021    0     21.4      6.5
     0.98     0.16   0.020    1     15.9      7.8
     0.98     0.14   0.021    2     16.5      3.0
     0.96     0.18   0.020    3      6.9     -0.7
     0.98     0.20   0.021    4      9.4      5.9
     0.99     0.27   0.021    6      8.8     -2.4
     1.02     0.34   0.020    7      8.7      5.2
     1.08     0.42   0.021    8    -41.0     22.6
     1.28     2.29   0.020    9   -190.1    -13.4
     2.93     8.41   0.021   10   -554.4     -9.0
     2.61    12.57   0.020   11   -487.8     14.6
     3.82     3.44   0.020   13   -762.8    -15.9
     2.29     2.19   0.021   14   -585.7     29.8
     2.03     2.09   0.020   15   -503.0    104.2
     1.61     1.90   0.021   16   -391.2     54.3
     1.58     2.18   0.020   17   -404.0     16.2
     1.50     3.54   0.021   18   -375.3     41.4
     1.39     5.18   0.020   20   -243.0    -63.0
     1.42     5.51   0.021   21   -113.3   -101.7
     1.69     5.95   0.020   22    -53.8    -83.4
     1.94     6.36   0.021   23     29.1    -11.1
     2.04     6.70   0.020   24    135.0     68.3
     2.06     6.75   0.021   25    184.8    119.8
     3.06     6.52   0.020   26    376.5    250.8
     3.61     6.59   0.021   27    678.3    210.3
     3.68     6.40   0.020   28    925.4    125.8
     3.52     4.60   0.021   29    776.4   -187.0
     4.42     4.84   0.020   30    862.3   -189.0
     3.83     3.98   0.021   31    553.3    306.6
     1.52     3.41   0.020   32    338.3    134.7
     7.24    10.21   0.020   34   1555.4   -202.0
     4.29     5.83   0.021   35    523.3   -575.0
     2.10     4.38   0.020   36    166.5    296.9
     2.76     2.47   0.021   37    283.0     10.3
     1.49     1.33   0.020   38    121.2    -77.9
     1.46     0.92   0.021   39     82.5    -68.6
     1.14     0.26   0.021   41     61.4    -23.1
     1.06     0.35   0.020   42     41.8    -28.5
     1.02     0.31   0.021   43     30.5    -10.7
     1.02     0.36   0.020   44     35.8    -15.1
     1.01     0.41   0.020   45     31.0    -10.9
     1.00     0.43   0.021   46     25.2     -4.5
     0.97     0.34   0.020   47     10.4      6.6
     0.97     0.12   0.021   48      6.5      6.1
     0.98     0.10   0.020   49     15.3     -6.5
     0.99     0.10   0.021   50     16.6     -5.6
     1.01     0.12   0.020   51     20.2    -11.0
     1.00     0.25   0.021   52     19.3     -8.3
     0.98     0.18   0.020   53      4.2      4.1
     0.94     0.17   0.021   54     -6.4      9.9
     0.96     0.38   0.020   55     -6.8      9.3
     1.04     0.46   0.021   56     28.3    -21.8
     1.01     0.27   0.020   57      6.2     -9.6
     0.97     0.29   0.021   58     -7.6    -18.2
     1.00     0.49   0.020   59     -2.2     -4.5
     0.97     0.64   0.021   60    -63.8     12.7
     1.22     1.07   0.020   61   -166.9      9.3
     2.38     4.16   0.021   62   -269.7    -38.9
     3.11    11.50   0.020   63   -602.7   -186.6
     5.09    13.88   0.021   64   -318.2    -20.5
     2.64     8.24   0.020   65   -621.3   -103.4
     2.07     2.36   0.021   66   -524.1     27.4
     1.87     1.66   0.020   67   -457.2    133.1
     1.59     2.13   0.021   68   -386.0    -26.9
     1.75     2.03   0.020   69   -442.8    -60.1
     1.47     2.76   0.020   70   -371.7      9.1
     1.16     3.92   0.021   71   -283.9     -5.2
     0.95     4.46   0.020   72   -200.6    -13.8
     1.01     4.77   0.021   73   -152.3     -1.1
     1.37     5.13   0.020   74    -92.7     14.4
     1.66     5.41   0.021   75    -17.1     35.2
     1.75     5.89   0.020   76     58.2     52.9
     1.87     5.92   0.021   77    143.9     73.5
     2.33     6.02   0.020   78    245.9     78.0
     2.96     6.34   0.021   79    420.9    203.7
     3.26     6.70   0.020   80    652.7    206.2
     3.68     6.40   0.021   81    917.1    171.7
     3.38     4.33   0.020   82    739.5    -25.5
     4.60     4.40   0.021   83    780.9   -331.8
     4.11     1.28   0.020   84    551.5    163.8
     0.97     4.90   0.021   85    -33.7     -1.7
     4.67     7.51   0.020   86  -1167.2   -251.2
     6.83     7.78   0.021   87   1622.2    -39.9
     4.04     5.51   0.020   88    497.7   -438.6
     2.79     2.83   0.021   89    265.5    394.0
     2.09     2.18   0.020   90    283.6   -157.2
     1.70     1.11   0.021   91    182.9     34.4
     1.08     0.23   0.021   93     80.9      0.9
     1.04     0.37   0.020   94     68.9     -8.1
     1.04     0.41   0.020   95     61.4     12.7
     1.03     0.41   0.021   96     58.1      8.1
     1.03     0.48   0.020   97     51.1     14.8
     1.00     0.49   0.021   98     36.2      8.0
     0.97     0.25   0.021  100     28.4     10.4
     0.99     0.16   0.020  101     30.7      4.4
     0.98     0.14   0.021  102     27.7      5.7
     0.99     0.11   0.020  103     29.0     -0.7
     0.99     0.13   0.021  104     22.4      3.4
     0.99     0.10   0.020  105     19.7      5.8
     0.99     0.07   0.020  107     14.8      1.7
     0.97     0.14   0.021  108      2.6      6.4
     0.97     0.33   0.020  109      3.1     -2.6
     0.96     0.37   0.021  110     -3.4     -6.7
     0.98     0.56   0.020  111     -2.3     -4.2
     1.01     0.64   0.021  112      6.3     -9.4
     1.20     2.49   0.021  114   -133.9      2.3
     1.68     4.25   0.020  115   -285.3    -77.8
     2.94    10.83   0.021  116   -477.1    -45.5
     2.40    13.63   0.020  117   -551.3   -196.9
     4.77     3.73   0.021  118   -577.0    213.5
     2.23     2.13   0.020  119   -564.1    -48.5
     1.73     2.20   0.021  121   -438.7     60.4
     1.42     2.39   0.020  122   -363.8     -1.0
     1.44     3.07   0.021  123   -356.4    -29.3
     1.28     4.11   0.020  124   -285.7    -27.6
     1.10     4.41   0.021  125   -204.0    -37.0
     0.96     4.72   0.020  126   -125.3    -37.7
     2.02     5.20   0.020  128     74.6     53.7
     2.03     5.97   0.021  129    169.9    107.4
     2.11     6.11   0.020  130    220.2    166.2
     2.98     5.83   0.021  131    435.8    302.7
     3.73     6.51   0.020  132    754.4    293.5
     3.57     7.01   0.021  133    892.1    190.1
     4.48     3.55   0.021  135    763.9   -376.3
     4.19     3.76   0.020  136    483.3     59.6
     2.51     2.03   0.021  137    407.2    110.1
     1.29     4.06   0.020  138   -239.4    -71.7
     2.92     9.80   0.021  139    722.2    179.9
     4.21     5.57   0.020  140    679.7   -472.1
     1.64     2.47   0.020  142    271.6     94.9
     1.69     1.36   0.021  143    216.6      0.4
     1.45     0.93   0.020  144    166.9    -69.9
     1.26     0.44   0.020  145    123.9      6.3
     1.16     0.06   0.021  146    118.1     -1.4
     1.07     0.30   0.020  147     93.2      4.0
     1.01     0.35   0.020  149     70.1     10.5
     1.02     0.39   0.021  150     64.1      9.7
     1.01     0.44   0.020  151     56.4     11.9
     0.97     0.36   0.021  152     35.1     16.9
     0.95     0.13   0.020  153     28.5     19.8
     0.96     0.07   0.021  154     31.2     13.7
     1.00     0.15   0.021  156     37.4     -0.9
     1.01     0.13   0.020  157     35.7     -7.1
     0.99     0.15   0.021  158     25.2      7.6
     0.97     0.15   0.020  159     12.8     14.5
     0.97     0.25   0.021  160     16.3     11.2
     1.00     0.25   0.020  161     16.1      8.1
     0.97     0.34   0.020  163     -8.1     -0.4
     0.99     0.40   0.021  164     10.8     -3.3
     1.01     0.47   0.020  165      9.0      7.1
     1.01     0.51   0.021  166    -42.4     16.3
     1.37     1.31   0.020  167   -107.3     17.8
     1.91     4.41   0.021  168   -273.8    -27.6
     2.04    15.21   0.020  170   -466.7    -12.9
     4.47     9.64   0.021  171   -792.7     46.4
     2.40     2.30   0.020  172   -602.6    -61.9
     2.12     2.07   0.021  173   -541.5     16.6
     1.50     2.03   0.020  174   -378.8     41.3
     1.39     2.50   0.021  175   -355.3    -15.0
     1.26     4.07   0.021  177   -275.5    -36.0
     1.05     4.76   0.020  178   -188.2    -48.6
     1.06     4.88   0.021  179   -116.1    -20.8
     1.28     5.16   0.020  180    -51.9     -4.5
     1.49     5.68   0.021  181     31.8     -5.9
     1.73     6.05   0.020  182    111.8     22.5
     2.41     6.26   0.020  184    324.7    174.2
     3.10     6.65   0.021  185    546.9    251.7
     3.64     7.36   0.020  186    845.0    217.1
     3.64     6.18   0.021  187    895.7    157.5
     3.74     3.68   0.020  188    704.3   -144.9
     4.48     4.15   0.021  189    661.2   -305.6
     2.89     3.71   0.021  191    549.7     78.2
     3.39     7.06   0.020  192    -71.5   -410.2
     3.91     7.17   0.021  193    342.8    624.0
     4.60     5.26   0.020  194    839.9   -328.2
     2.89     4.00   0.020  195    487.9    -22.2
     2.14     2.93   0.021  196    289.4    343.1
     1.26     0.62   0.021  198    124.6     11.6
     1.21     0.54   0.020  199    132.4      6.2
     1.08     0.05   0.021  200     99.8      6.9
     1.04     0.23   0.020  201     76.9     14.0
     1.02     0.29   0.021  202     74.5      7.3
     1.01     0.33   0.020  203     61.7      9.2
     0.98     0.23   0.020  205     40.8     19.6
     1.00     0.14   0.021  206     46.4     15.6
     0.99     0.13   0.020  207     42.4      4.3
     1.01     0.12   0.021  208     44.5     -4.6
     1.00     0.12   0.020  209     37.0     -1.0
     0.98     0.18   0.021  210     27.0      8.6
     0.98     0.19   0.021  212     20.8      2.0
     0.99     0.23   0.020  213     20.5      2.1
     0.97     0.25   0.021  214      7.4     -0.5
     0.98     0.37   0.020  215     14.7    -11.3
     0.97     0.39   0.021  216      7.3     -4.6
     0.99     0.53   0.020  217      9.3      0.2
     0.94     0.63   0.020  219    -57.0     20.3
     1.38     2.18   0.020  220   -142.6     -6.5
     2.63     6.83   0.021  221   -256.5    -10.1
     2.83    14.49   0.020  222   -546.0    -45.5
     3.08    10.65   0.021  223   -389.8    -27.5
     3.62     4.61   0.020  224   -719.3     35.9
     1.93     1.49   0.020  226   -488.3     74.5
     1.61     2.00   0.021  227   -399.7     72.4
     1.33     2.50   0.020  228   -333.0      1.2
     1.28     2.96   0.021  229   -322.6    -44.8
     1.30     4.04   0.020  230   -287.8    -54.2
     1.12     4.75   0.021  231   -198.7    -63.7
     1.25     5.17   0.020  232   -124.6    -80.1
     1.34     5.35   0.021  233    -40.3    -55.1
     1.69     5.67   0.020  234     79.3      5.8
     1.82     6.04   0.021  235    156.3     84.8
     2.12     5.88   0.020  236    236.4    192.3
     2.83     5.77   0.021  237    396.6    291.7
     3.64     6.18   0.020  238    716.9    292.8
     3.74     6.86   0.021  239    937.9    142.3
     3.36     5.83   0.020  240    740.5    -66.1
     4.28     3.26   0.021  241    740.7   -432.2
     4.21     3.84   0.020  242    527.8    -43.3
     2.42     1.87   0.021  243   -168.2    205.4
     2.83     5.55   0.020  244   -656.5   -151.7
     6.43    11.32   0.020  245   1519.3    -30.2
     5.18     4.77   0.021  246    749.4   -557.5
     4.13     2.45   0.020  247    628.3    534.8
     1.42     2.82   0.021  248    135.8   -178.6
     2.23     1.61   0.020  249    300.0    -25.2
     1.43     0.31   0.021  250    170.0     20.9
     1.09     0.13   0.020  251    108.8      9.4
     1.10     0.14   0.021  252    115.3     -7.2
     1.02     0.24   0.020  253     75.5     -1.3
     1.02     0.27   0.021  254     73.4      8.3
     1.01     0.29   0.020  255     66.2      8.4
     1.00     0.29   0.021    0     60.6      7.6
     0.99     0.28   0.020    1     48.3      9.0
     0.97     0.22   0.021    2     34.1     20.2
     0.97     0.09   0.020    3     36.6     12.9
     0.97     0.12   0.021    4     30.9      8.5
     0.99     0.19   0.020    5     34.4      1.6
     1.01     0.10   0.021    6     43.0     -9.0
     1.00     0.10   0.020    7     28.8      1.4
     1.00     0.09   0.021    8     23.1      2.7
     0.98     0.13   0.020    9     18.2     -4.8
     0.97     0.19   0.021   10     13.9     -1.7
     0.98     0.29   0.020   11     11.0     -0.2
     0.98     0.38   0.021   12     11.2     -8.4
     1.00     0.46   0.020   13      8.6      1.7
     1.06     0.50   0.020   14     -6.7      0.4
     1.22     0.87   0.021   15   -150.0     49.3
     1.29     3.60   0.020   16   -209.3     42.8
     2.99     5.26   0.021   17   -269.9    -31.2
     3.63    11.22   0.020   18   -781.2      1.5
     2.98     8.46   0.021   19   -412.6    203.9
     1.98     4.20   0.020   20   -476.7    -15.7
     1.61     2.09   0.020   22   -406.2     26.2
     1.54     0.25   0.021   23   -393.2    -16.9
     1.60     1.29   0.020   24   -394.5    -67.8
     1.38     2.78   0.021   25   -327.8    -89.6
     1.24     3.82   0.020   26   -263.5    -85.7
     1.27     4.22   0.021   27   -208.5    -74.5
     1.20     5.40   0.021   29    -59.2    -29.0
     1.39     5.60   0.020   30      9.4    -34.5
     1.69     5.82   0.021   31     88.1    -15.7
     1.68     5.87   0.020   32    159.8     38.2
     1.89     5.83   0.021   33    240.4     68.4
     2.68     5.78   0.020   34    409.9    166.3
     3.80     6.24   0.020   36    935.1    200.9
     3.28     5.37   0.021   37    736.4    -34.8
     4.01     4.02   0.020   38    682.0   -385.8
     3.95     3.00   0.020   39    532.3     -7.6
     3.02     4.76   0.021   40    421.7    144.3
     2.74     5.75   0.020   41    580.4    -44.3
     4.75     4.96   0.020   43    826.4   -298.5
     3.17     3.82   0.021   44    464.0    -76.3
     2.28     3.02   0.020   45    138.5    482.6
     1.42     1.61   0.021   46    162.7   -151.6
     1.83     1.17   0.020   47    197.5      8.3
     1.42     0.08   0.021   48    120.2    -14.6
     1.04     0.24   0.021   50     63.8      0.7
     1.01     0.33   0.020   51     57.5      4.3
     1.01     0.35   0.021   52     51.5      6.2
     0.99     0.39   0.020   53     41.4      7.3
     0.98     0.37   0.021   54     33.7     12.6
     0.96     0.28   0.020   55     22.3     20.3
     0.98     0.14   0.020   57     31.2      1.0
     1.00     0.14   0.021   58     33.0     -7.2
     1.00     0.20   0.020   59     27.4      2.4
     0.99     0.20   0.021   60     18.6      9.7
     0.99     0.17   0.020   61     14.8      7.9
     0.98     0.13   0.021   62     14.5      1.1
     0.95     0.23   0.020   64      5.6     -4.8
     0.98     0.40   0.021   65      8.3     -3.5
     0.99     0.44   0.020   66     -0.2      4.7
     1.02     0.56   0.021   67     -0.6      7.7
     1.02     0.97   0.020   68   -129.8     43.9
     2.84    13.65   0.021   71   -651.5   -100.4
     6.86    11.48   0.020   72   -704.6    110.7
     2.43     3.13   0.021   73   -604.3    -96.8
     1.80     2.16   0.020   74   -460.3    -25.1
     1.60     1.87   0.021   75   -382.8    125.6
     1.61     1.91   0.020   76   -404.2     51.0
     1.33     3.75   0.020   78   -331.0    -24.3
     1.04     4.42   0.021   79   -242.7    -23.6
     1.19     5.06   0.020   80   -192.1    -44.8
     1.21     5.41   0.021   81   -110.3    -48.3
     1.21     5.77   0.020   82    -34.3    -31.9
     1.46     5.97   0.021   83     32.2     -5.2
     2.28     6.66   0.021   85    261.8    137.8
     3.13     6.60   0.020   86    490.3    227.7
     3.83     6.95   0.021   87    830.6    228.8
     3.54     6.99   0.020   88    887.1    140.5
     3.73     4.69   0.020   89    697.8   -308.9
     4.45     5.01   0.021   90    731.5   -233.5
     0.72     3.45   0.021   92    -31.7   -144.7
     5.92     4.20   0.020   93  -1462.3   -380.3
     6.10    10.37   0.021   94   1418.7    253.9
     2.40     5.61   0.020   95    358.8   -267.8
     2.21     4.81   0.021   96    333.1     46.7
     1.80     2.35   0.020   97    257.2     71.0
     1.51     0.42   0.020   99    147.8    -40.6
     1.21     0.13   0.021  100    104.4    -28.3
     1.08     0.21   0.020  101     80.7    -19.2
     1.03     0.26   0.021  102     69.4    -11.9
     1.03     0.32   0.020  103     58.7     -9.2
     1.01     0.37   0.021  104     54.1     -5.9
     0.97     0.39   0.021  106     36.6      1.5
     0.96     0.28   0.020  107     27.2     -0.1
     0.96     0.15   0.021  108     24.1      3.5
     0.97     0.13   0.020  109     25.6      4.0
     0.97     0.16   0.021  110     24.3     -4.2
     0.99     0.17   0.020  111     28.2     -9.5
     1.00     0.20   0.020  113     24.6     -4.9
     0.99     0.18   0.020  114     16.5      4.5
     0.96     0.18   0.021  115      4.1      8.3
     0.97     0.24   0.020  116      2.6      0.3
     0.97     0.28   0.021  117     14.4    -12.1
     0.95     0.46   0.020  118     -6.4     -6.9
     0.94     0.68   0.020  120    -89.1     30.2
     2.59     4.21   0.020  122   -282.3     41.9
     3.30    11.68   0.021  123   -590.6   -121.2
     6.01    14.42   0.020  124   -383.7    170.7
     2.86     3.91   0.021  125   -669.3     11.4
     1.65     1.29   0.021  127   -416.1     69.8
     1.52     1.26   0.020  128   -389.2     14.1
     1.42     1.90   0.021  129   -356.9    -40.0
     1.20     3.18   0.020  130   -286.9    -64.8
     0.96     3.64   0.021  131   -211.4    -75.4
     1.01     4.15   0.020  132   -164.0    -81.3
     1.20     5.06   0.020  134    -46.4    -18.1
     1.45     5.19   0.021  135     29.2      4.8
     1.84     5.33   0.020  136    113.2     33.7
     1.92     5.56   0.021  137    252.1     95.2
     2.12     6.11   0.020  138    312.4    141.7
     3.08     6.29   0.020  139    531.6    267.5
     3.96     7.19   0.020  141    991.7    184.1
     3.64     5.05   0.021  142    660.8   -145.3
     4.77     4.65   0.020  143    633.2   -480.2
     4.44     2.00   0.021  144    394.9     73.9
     1.94     2.94   0.020  145    234.2     30.6
     2.91     3.97   0.021  146   -210.0   -313.7
     3.94     5.59   0.021  148    572.4   -621.3
     3.16     3.55   0.020  149    536.3    422.9
     1.92     4.32   0.021  150    394.6     71.1
     1.71     1.35   0.020  151    248.4     66.7
     1.48     0.52   0.021  152    198.7    -57.2
     1.39     0.10   0.020  153    187.7      2.7
     1.09     0.28   0.021  154    135.8     13.1
     1.05     0.28   0.020  155    112.5     30.3
     1.01     0.28   0.021  156     99.9     21.0
     1.01     0.33   0.020  157     93.9     20.7
     0.99     0.39   0.021  158     70.1     24.0
     0.95     0.23   0.020  159     53.4     36.1
     0.98     0.15   0.021  160     62.3     22.0
     0.94     0.15   0.020  161     51.2      4.3
     0.98     0.14   0.021  162     54.4     10.7
     1.01     0.11   0.020  163     60.1      4.8
     0.98     0.11   0.020  164     45.6     13.7
     0.98     0.09   0.021  165     41.1      9.2
     0.98     0.09   0.020  166     33.9     10.9
     0.96     0.09   0.021  167     26.6     10.9
     0.95     0.20   0.020  168     12.1     10.6
     0.97     0.42   0.021  169     19.9     -4.7
     0.98     0.45   0.020  170     16.6     -0.7
     0.99     0.51   0.021  171     18.1      2.0
     1.01     0.50   0.020  172      9.0      0.9
     1.02     0.77   0.021  173    -80.4     18.2
     1.26     3.84   0.020  174   -176.7     20.1
     2.57     6.29   0.021  175   -195.0    -64.7
     3.14    12.89   0.020  176   -616.8   -193.3
     4.12    13.90   0.021  177   -348.4    111.6
     3.43     3.75   0.020  178   -756.7    155.9
     2.26     2.18   0.021  179   -570.3    -34.1
     1.99     1.90   0.020  180   -506.2     20.0
     1.79     2.44   0.021  181   -458.5     -0.9
     1.57     2.95   0.020  182   -396.7    -15.5
     1.34     3.66   0.021  183   -332.1     -0.2
     1.20     4.27   0.020  184   -258.3      8.4
     1.18     4.55   0.021  185   -180.7     13.9
     1.34     5.01   0.020  186   -107.1     26.7
     1.51     5.50   0.021  187    -27.1     17.1
     1.82     6.03   0.020  188     70.4    -23.2
     1.97     6.36   0.020  189    188.2     11.4
     1.97     6.35   0.021  190    260.9     97.3
     3.48     6.61   0.020  191    640.3    278.8
     3.92     7.41   0.021  192    943.9    220.4
     3.48     6.73   0.020  193    835.3    -25.8
     4.28     4.11   0.021  194    707.5   -579.5
     4.34     4.49   0.020  195    610.5   -248.7
     3.56     3.15   0.021  196    402.1    245.3
     1.21     4.49   0.020  197    304.9    -31.8
     6.01     4.69   0.021  198  -1527.0   -178.2
     5.83     8.94   0.020  199   1338.4    296.2
     3.36     5.18   0.021  200    430.4   -512.1
     5.18     4.92   0.020  201    688.3    621.6
     1.94     2.47   0.021  202    137.2   -262.1
     1.54     1.39   0.020  203    145.0    -22.9
     1.26     0.52   0.021  204    108.3     35.6
     1.21     0.53   0.020  205    102.0     15.2
     1.11     0.11   0.021  206     83.2      3.2
     1.04     0.08   0.020  207     58.9     17.0
     1.03     0.07   0.021  208     58.5      9.0
     1.02     0.14   0.020  209     49.6     10.4
     0.99     0.19   0.021  210     41.9     13.5
     0.97     0.13   0.020  211     28.8     11.9
     0.95     0.10   0.021  212     21.0     20.2
     0.98     0.20   0.020  213     27.5      9.4
     1.00     0.15   0.020  214     34.0     -3.9
     1.00     0.16   0.021  215     29.4      1.7
     0.98     0.22   0.020  216     18.8      6.8
     0.99     0.22   0.021  217     17.2     10.0
     0.98     0.19   0.020  218     14.2      8.2
     0.98     0.16   0.021  219     10.9      9.7
     0.95     0.29   0.021  221     16.4    -20.7
     0.97     0.44   0.020  222      1.7     -6.1
     0.98     0.52   0.021  223      1.4      3.0
     1.01     0.55   0.020  224     -2.2      1.4
     1.00     0.64   0.021  225    -44.0     45.3
     1.97     2.69   0.020  226   -223.8    -20.1
     2.73    16.10   0.020  228   -505.4    -83.1
     3.53    13.80   0.021  229   -701.3    117.9
     2.09     2.53   0.020  230   -532.3     44.7
     1.91     1.45   0.021  231   -475.8     90.7
     1.33     1.11   0.020  232   -313.0     83.7
     1.23     1.71   0.021  233   -307.2      3.6
     1.30     3.12   0.021  235   -303.1    -11.8
     1.13     4.04   0.020  236   -234.3    -35.4
     1.26     4.55   0.021  237   -182.1    -78.3
     1.33     5.04   0.020  238   -117.2    -82.2
     1.43     5.20   0.020  239    -53.0    -60.8
     1.60     5.45   0.021  240     39.9    -17.4
     2.23     6.09   0.021  242    238.2    112.8
     2.90     6.41   0.020  243    413.1    220.7
     3.39     6.85   0.021  244    685.2    219.2
     3.94     6.87   0.020  245    988.1    110.0
     3.46     5.00   0.021  246    758.2   -121.2
     4.67     4.80   0.020  247    733.7   -532.9
     3.23     2.86   0.020  249    420.8    492.3
     3.52     6.00   0.021  250   -869.3   -164.5
     6.69     9.34   0.020  251   1579.0     -0.1
     3.83     6.65   0.021  252    457.5   -590.2
     4.52     4.19   0.020  253    562.9    743.6
     2.96     2.65   0.021  254    282.8   -241.0
     1.09     0.14   0.021    0     94.6     28.2
     1.09     0.14   0.020    1    110.8      9.6
     1.02     0.17   0.021    2     69.5      9.1
     1.00     0.20   0.020    3     68.6      6.7
     1.00     0.25   0.021    4     58.8     12.4
     1.00     0.35   0.020    5     60.7      5.3
     0.98     0.11   0.020    7     40.1     10.0
     0.99     0.10   0.020    8     37.7      6.9
     0.99     0.11   0.021    9     36.8     -8.4
     1.00     0.16   0.020   10     37.6      7.3
     1.02     0.20   0.021   11     27.8     19.3
     0.99     0.12   0.020   12     21.2      8.7
     0.97     0.13   0.020   14     14.3      1.5
     0.97     0.21   0.021   15      9.1      1.2
     0.96     0.32   0.020   16      1.9      6.5
     0.99     0.45   0.021   17     14.6     -1.2
     1.00     0.48   0.020   18      8.1      3.9
     1.00     0.53   0.021   19      6.0      7.3
     1.21     1.86   0.021   21   -146.2     47.0
     2.24     6.17   0.020   22   -342.0    -91.5
     3.19    10.08   0.021   23   -579.6    -12.5
     1.23    16.66   0.020   24   -293.6    111.3
     4.61     4.45   0.021   25   -765.1     70.4
     2.33     1.65   0.020   26   -575.2     -8.8
     1.31     2.11   0.020   28   -331.5     38.5
     1.19     2.32   0.021   29   -305.1     -7.4
     1.20     2.92   0.020   30   -279.2     -2.8
     1.15     3.89   0.021   31   -211.9     -9.3
     1.10     4.22   0.020   32   -136.4    -34.1
     1.17     4.75   0.020   33    -60.3    -31.6
     1.31     5.61   0.020   35     82.0    -10.5
     1.47     5.77   0.021   36    145.0     15.9
     1.64     5.75   0.020   37    214.2     76.6
     1.86     5.67   0.021   38    285.6    104.2
     2.78     6.15   0.020   39    515.8    139.3
     3.16     6.78   0.021   40    727.4    144.4
     3.96     4.49   0.021   42    644.0   -398.6
     3.94     4.23   0.020   43    434.0    -56.6
     3.54     2.76   0.021   44    284.0    380.0
     1.65     6.71   0.020   45    181.8    135.9
     4.69    10.51   0.021   46   1164.2    -35.0
     4.33    10.49   0.020   47    688.7   -550.8
     2.16     3.82   0.020   49    190.5   -271.9
     2.22     1.55   0.021   50    318.4    -22.9
     1.20     0.23   0.020   51    124.0    -18.0
     1.05     0.19   0.021   52     82.7     -8.5
     1.07     0.17   0.020   53     98.2    -25.6
     1.01     0.27   0.021   54     69.2     -9.1
     1.01     0.33   0.021   56     60.7    -11.6
     1.00     0.38   0.020   57     44.2      3.5
     0.99     0.30   0.020   58     35.9     11.4
     0.99     0.17   0.021   59     37.3      3.4
     0.98     0.13   0.020   60     30.8      1.6
     0.98     0.10   0.021   61     29.6     -5.5
     0.99     0.21   0.021   63     31.9     -6.3
     1.00     0.26   0.020   64     25.9     -3.4
     0.99     0.23   0.021   65     17.9      2.4
     0.97     0.16   0.020   66     12.7     -1.3
     0.98     0.16   0.021   67     10.7     -3.0
     0.98     0.20   0.020   68      8.9      0.5
     0.96     0.32   0.020   70      0.8     -2.3
     1.00     0.38   0.021   71      7.3      0.1
     1.01     0.42   0.020   72      3.2      2.2
     1.01     0.81   0.021   73    -44.1      3.5
     1.17     3.02   0.020   74   -146.9      3.8
     2.11     9.00   0.021   75   -327.2      5.2
     3.52    13.25   0.021   77   -657.8     68.1
     2.06     3.57   0.020   78   -523.0    -15.9
     1.85     2.28   0.021   79   -469.2     51.7
     1.72     1.68   0.020   80   -435.3     65.4
     1.57     1.63   0.021   81   -399.0     10.3
     1.24     2.15   0.020   82   -315.5     -7.9
     1.12     4.03   0.021   84   -218.4    -69.9
     1.15     4.63   0.020   85   -157.3    -77.4
     1.18     5.10   0.021   86    -93.8    -59.9
     1.36     5.27   0.020   87    -29.9    -54.1
     1.60     5.63   0.021   88     49.4    -46.6
     1.71     5.90   0.020   89    137.9     15.1
     2.11     5.77   0.020   91    284.7    100.2
     3.20     5.86   0.021   92    547.3    222.4
     3.67     6.60   0.020   93    839.4    210.6
     3.58     5.74   0.021   94    883.8    113.5
     3.78     3.23   0.020   95    708.1   -176.6
     4.26     3.45   0.021   96    675.0   -178.4
     3.82     1.17   0.020   97    466.5    217.2
     2.25     3.47   0.021   98    435.1    101.1
     4.38    11.54   0.020   99    942.4    253.5
     4.75     3.55   0.021  100    791.7   -393.1
     1.94     3.01   0.020  101    355.2     94.4
     3.01     2.74   0.021  102    369.3    347.8
     2.44     1.36   0.020  103    262.2   -286.3
     1.30     0.09   0.020  105    136.6    -14.3
     1.12     0.17   0.021  106    106.6     -7.3
     1.01     0.13   0.020  107     75.8     -0.7
     1.03     0.14   0.020  108     80.2    -13.6
     1.01     0.26   0.021  109     71.9     -7.5
     0.99     0.27   0.020  110     56.4      4.2
     0.97     0.24   0.020  112     34.6      7.9
     0.97     0.13   0.021  113     38.2      9.4
     0.96     0.09   0.020  114     34.0      1.2
     0.98     0.12   0.021  115     33.1     -4.1
     0.99     0.13   0.020  116     34.3     -6.2
     0.97     0.15   0.021  117     23.4      1.6
     0.97     0.15   0.020  118     18.6      1.4
     1.00     0.21   0.021  119     21.0      1.6
     0.98     0.26   0.020  120     17.2     -6.0
     0.96     0.29   0.021  121      8.9     -5.9
     0.97     0.42   0.020  122     -0.0     -5.1
     0.99     0.60   0.021  123      9.0     -8.1
     1.03     0.58   0.020  124     16.8      3.8
     1.05     0.49   0.021  125      9.5     11.2
     0.95     0.62   0.020  126    -38.5     27.2
     1.54     1.40   0.021  127   -263.4     69.2
     3.12     7.38   0.020  128   -260.0   -116.8
     2.98    14.91   0.021  129   -699.7     43.1
     3.19    16.52   0.020  130   -416.5    -34.2
     4.44     8.21   0.021  131   -931.4      8.0
     2.58     2.14   0.020  132   -658.5     35.9
     1.83     1.95   0.020  133   -444.1     47.4
     1.63     2.20   0.021  134   -408.4     66.8
     1.52     3.39   0.020  135   -384.5     48.0
     1.32     3.96   0.021  136   -319.6     14.8
     1.38     4.82   0.020  137   -264.4    -44.8
     1.54     5.43   0.021  138   -181.5    -72.0
     1.65     6.01   0.020  139    -87.6    -72.8
     1.54     6.00   0.021  140     -2.8    -75.0
     1.41     5.84   0.020  141     76.3    -29.4
     1.39     5.66   0.021  142    163.5     55.9
     1.57     5.57   0.020  143    228.6     99.9
     2.02     5.59   0.021  144    317.9     97.6
     2.94     5.97   0.020  145    569.1    104.3
     2.81     5.69   0.021  146    719.6     19.9
     3.07     4.20   0.020  147    775.4    -12.4
     3.09     2.69   0.021  148    699.7   -150.9
     2.95     1.14   0.021  150    659.3     44.7
     1.75     2.47   0.020  151    136.9     17.7
     2.22     5.04   0.021  152    288.8    199.8
     7.33     6.56   0.020  153    884.2   -234.3
     0.80     1.68   0.021  154    -29.2    178.2
     1.57     2.44   0.020  155    146.6      3.8
     1.60     1.93   0.021  156    105.2    -19.3
     1.64     1.03   0.020  157   -190.8   -199.5
     1.88     1.93   0.020  158    182.7     46.3
     0.90     1.19   0.021  159    -15.4   -134.8
     1.26     0.81   0.020  160     62.7     -7.4
     1.12     1.07   0.021  161     64.2     40.3
     1.18     0.65   0.020  162     67.9    -11.8
     0.96     0.37   0.020  164     19.3      8.8
     0.99     0.36   0.021  165     19.3      7.4
     1.02     0.34   0.020  166     26.1      6.6
     1.00     0.33   0.021  167     16.1     11.8
     0.97     0.21   0.020  168      6.4     22.2
     1.00     0.20   0.021  169     15.7     16.4
     1.02     0.12   0.021  171     19.8     -8.0
     0.99     0.13   0.020  172      8.6      0.9
     0.98     0.15   0.021  173      6.4      0.3
     0.99     0.17   0.020  174      3.9      4.5
     0.99     0.16   0.021  175      5.8      2.7
     0.98     0.17   0.020  176      0.6      3.9
     0.99     0.26   0.020  178      3.6     -9.0
     0.99     0.32   0.021  179     10.5     -4.5
     0.99     0.38   0.020  180     -7.9      3.0
     1.40     1.06   0.021  181   -107.5     -5.6
     2.33     3.57   0.020  182   -367.1     16.0
     2.53    10.22   0.020  183   -454.5     53.2
     4.17    15.87   0.020  185   -791.8    -65.0
     2.06     2.88   0.021  186   -520.7     78.1
     2.05     2.42   0.020  187   -455.5    249.0
     1.92     0.69   0.021  188   -445.9    186.8
     1.88     1.47   0.020  189   -480.5     -9.8
     1.72     2.33   0.021  190   -420.8   -127.0
     1.45     4.79   0.021  192   -318.3   -140.7
     1.27     5.82   0.020  193   -233.6    -96.2
     1.35     6.48   0.021  194   -155.9    -25.5
     1.38     6.68   0.020  195    -74.8     71.3
     1.64     6.66   0.021  196     19.6    126.2
     1.75     6.88   0.020  197     99.0    164.5
     3.57     7.41   0.020  199    492.6    196.5
     3.79     7.63   0.021  200    822.3    123.7
     3.59     6.21   0.020  201    918.2     -4.4
     4.02     3.61   0.021  202    930.6   -302.9
     4.39     4.40   0.020  203    829.4   -315.7
     3.93     2.57   0.021  204    695.3    276.0
     4.03     3.38   0.021  206   -168.9    248.3
     4.90    13.81   0.020  207     72.0     28.2
     7.46     5.53   0.020  208    534.2  -1335.7
     2.68     3.40   0.021  209    207.1    499.4
     3.98     2.92   0.020  210    303.1    169.2
     1.43     1.33   0.021  211      5.7    -89.5
     1.34     0.53   0.021  213     52.6    -21.4
     1.10     0.33   0.020  214     18.2     -3.7
     1.04     0.26   0.021  215     19.3    -17.0
     1.02     0.33   0.020  216      8.8     -8.4
     1.00     0.43   0.021  217     -0.8      8.7
     0.99     0.30   0.020  218      9.0     -1.4
     0.98     0.22   0.020  220      0.8      4.6
     0.99     0.17   0.021  221      1.5    -12.2
     1.00     0.16   0.020  222      6.6      0.5
     0.99     0.14   0.021  223      5.5      2.1
     1.02     0.13   0.020  224      5.4      7.1
     1.00     0.15   0.021  225      6.1     -2.2
     1.00     0.14   0.021  227      0.6      1.5
     0.99     0.12   0.020  228      2.3      1.6
     0.98     0.13   0.021  229     -5.4      1.8
     0.99     0.17   0.020  230      0.4     -4.1
     1.00     0.22   0.021  231      3.1     -6.8
     0.99     0.29   0.020  232     -7.1     -5.8
     1.37     1.94   0.021  234   -150.5    -16.4
     1.97     3.67   0.020  235   -272.1     24.0
     2.48    10.00   0.021  236   -396.8     46.9
     2.57    15.18   0.020  237   -650.3    -48.9
     6.24     8.94   0.021  238   -825.9   -166.1
     3.02     2.46   0.020  239   -751.1     -7.1
     1.66     1.53   0.020  241   -405.9    123.6
     1.49     2.04   0.021  242   -379.0     47.9
     1.35     3.16   0.020  243   -341.4    -29.4
     1.33     4.19   0.021  244   -305.4    -87.6
     1.32     4.65   0.020  245   -251.5   -105.2
     1.34     5.53   0.021  246   -166.2   -131.3
     1.27     6.23   0.021  248      2.2    -17.4
     1.52     6.44   0.020  249     69.7     56.3
     1.83     6.49   0.021  250    147.0    110.5
     2.28     6.52   0.020  251    265.3    209.0
     3.94     7.08   0.021  252    798.0    222.1
     3.95     7.05   0.020  253   1000.2    112.2
     4.12     3.68   0.020  255    750.8   -388.1
     3.88     4.48   0.021    0    600.2    184.5
     3.18     3.79   0.020    1    232.1    172.7
     3.72     5.67   0.020    2   -932.8   -187.7
     3.65    11.48   0.021    3    861.3   -104.5
     3.17     4.47   0.020    4    445.9      2.4
     2.09     1.31   0.020    6    197.5    -42.1
     1.47     0.31   0.021    7    137.5    -35.4
     1.06     0.49   0.020    8     60.2     28.7
     1.09     0.20   0.021    9     84.9     -2.0
     1.01     0.32   0.020   10     48.6     11.4
     1.01     0.29   0.021   11     53.2      6.0
     1.01     0.34   0.021   13     41.9     14.7
     0.98     0.28   0.020   14     25.8     23.0
     1.00     0.11   0.021   15     27.6     20.5
     0.98     0.07   0.020   16     24.6      5.8
     0.98     0.12   0.021   17     21.7      5.1
     0.99     0.13   0.020   18     22.8     -4.0
     0.99     0.14   0.020   20     22.4      3.2
     0.99     0.15   0.021   21     19.8      4.2
     0.98     0.14   0.020   22     11.8      1.8
     0.98     0.14   0.021   23      9.0      3.1
     0.97     0.18   0.020   24      7.1      5.5
     0.97     0.20   0.021   25      4.0      9.4
     0.96     0.27   0.020   26      0.5     -2.6
     0.99     0.34   0.020   27      6.8     -3.8
     0.99     0.36   0.021   28      9.3     -2.7
     1.01     0.57   0.020   29     -8.9      6.3
     1.00     1.77   0.021   30    -99.0     11.2
     3.37     5.69   0.020   31    -31.6      6.8
     2.78    12.50   0.021   32   -587.8   -100.7
     6.68    15.33   0.020   33   -513.6    103.0
     2.76     6.05   0.021   34   -689.4    -40.1
     2.07     2.26   0.020   35   -526.1     36.3
     1.71     1.54   0.021   36   -412.0    140.8
     1.55     1.57   0.020   37   -387.0     58.4
     1.51     1.61   0.021   38   -385.9     -4.0
     1.32     2.65   0.020   39   -331.1    -48.4
     1.18     3.78   0.021   40   -270.7    -81.8
     1.19     4.41   0.020   41   -224.1    -63.1
     1.24     4.87   0.021   42   -152.7    -20.7
     1.28     5.06   0.020   43    -79.1     -5.9
     1.50     5.44   0.021   44    -13.9    -15.7
     1.86     5.80   0.020   45     72.3     25.3
     1.83     6.20   0.021   46    144.5     76.6
     2.26     6.10   0.020   47    261.3    151.8
     3.17     6.21   0.021   48    503.4    223.9
     4.04     6.84   0.020   49    888.1    183.8
     3.65     6.19   0.021   50    922.6     83.3
     3.66     3.64   0.020   51    708.6   -256.8
     4.24     4.31   0.020   52    730.3   -310.2
     3.86     2.02   0.021   53    543.9    208.1
     3.30     4.37   0.020   54    696.1     25.2
     1.77    11.58   0.021   55    186.8    285.7
     3.40     4.61   0.020   56    649.0    -53.0
     2.62     3.57   0.021   57    442.5    -51.7
     2.24     2.97   0.020   58    307.1     88.3
     2.53     1.18   0.021   59    261.9   -129.3
     1.46     0.22   0.020   60    139.3    -65.6
     1.09     0.18   0.021   61     76.8      1.5
     1.06     0.18   0.020   62     74.7     -0.5
     1.02     0.22   0.021   63     63.7     -4.7
     1.01     0.28   0.020   64     55.0     -6.4
     1.00     0.33   0.021   65     48.6     -4.1
     0.99     0.35   0.020   66     42.5      1.9
     0.99     0.34   0.021   67     28.2      6.9
     1.00     0.28   0.020   68     25.7     16.7
     0.99     0.15   0.021   69     30.2      3.9
     0.99     0.11   0.020   70     34.6    -12.7
     1.02     0.15   0.021   71     35.1     -3.2
     1.00     0.23   0.020   72     22.9     -3.4
     1.00     0.25   0.021   73     18.4      1.6
     0.98     0.23   0.020   74     14.8      2.7
     0.97     0.17   0.021   75      8.4      3.4
     0.98     0.13   0.020   76      9.2      4.7
     0.96     0.10   0.020   77     -3.8      4.0
     0.99     0.37   0.020   79     12.2     -3.4
     0.99     0.37   0.021   80      8.5     -5.0
     1.01     0.42   0.020   81      2.4     -3.2
     0.97     0.50   0.021   82    -50.2     13.4
     1.21     1.44   0.020   83   -130.5     16.4
     1.87     4.71   0.021   84   -229.4      6.7
     2.53    14.66   0.021   86   -646.4    -36.7
     4.66    10.17   0.020   87   -674.9     77.7
     2.48     2.55   0.021   88   -626.8    -63.6
     1.95     2.07   0.020   89   -499.1     13.3
     1.39     2.22   0.021   90   -344.3     73.4
     1.31     2.22   0.020   91   -333.3     18.9
     1.13     3.40   0.020   93   -263.9    -17.0
     1.07     4.08   0.021   94   -206.2    -28.6
     1.22     4.65   0.020   95   -145.5    -27.2
     1.24     5.22   0.021   96    -66.8    -16.3
     1.25     5.33   0.020   97     -0.6    -27.9
     1.50     5.55   0.021   98     81.9    -26.2
     2.25     6.25   0.021  100    289.4     98.5
     3.52     6.68   0.020  101    678.1    219.1
     3.71     7.08   0.020  102    910.5    169.2
     3.23     6.61   0.021  103    756.8     24.4
     4.27     4.26   0.020  104    730.5   -525.0
     4.24     5.71   0.021  105    553.2    -50.2
     0.79     6.00   0.021  107    158.6    -22.7
     4.27     8.54   0.020  108    935.1    462.8
     4.46     6.07   0.021  109    698.4   -324.0
     2.43     5.12   0.020  110    429.1    119.6
     1.89     2.83   0.021  111    277.2    107.7
     2.35     2.23   0.020  112    274.4    -42.0
     1.12     0.26   0.020  114     92.0     20.0
     1.07     0.17   0.021  115     93.1     10.6
     1.03     0.26   0.020  116     75.1      9.2
     1.02     0.24   0.021  117     68.1      3.6
     1.01     0.28   0.020  118     64.2      6.0
     1.02     0.33   0.021  119     54.9      9.4
     0.98     0.19   0.021  121     29.1     15.0
     0.98     0.10   0.020  122     30.2     11.2
     0.98     0.05   0.021  123     28.9      6.5
     0.99     0.08   0.020  124     31.4     -0.2
     1.01     0.06   0.021  125     34.5     -1.3
     0.99     0.12   0.020  126     27.6     -3.9
     1.00     0.19   0.021  128     20.1      3.5
     0.97     0.19   0.020  129     13.0      7.0
     0.96     0.16   0.021  130      4.2      9.8
     0.97     0.23   0.020  131      6.6      5.0
     0.97     0.29   0.021  132      1.4     -0.4
     0.95     0.42   0.020  133     -0.4    -10.7
     0.99     0.61   0.020  135      9.9     -1.4
     0.96     0.54   0.021  136    -69.7     31.6
     1.38     0.96   0.020  137   -222.9     44.3
     3.73     4.28   0.021  138    -23.9    -12.6
     2.86    10.96   0.020  139   -532.8   -164.3
     4.92    16.44   0.021  140   -420.0    -48.5
     1.99     2.51   0.021  142   -507.6     12.2
     1.76     1.79   0.020  143   -440.4     50.0
     1.42     1.63   0.021  144   -353.3     62.7
     1.39     2.08   0.020  145   -353.4     19.9
     1.18     2.61   0.021  146   -286.8      6.0
     0.96     3.69   0.020  147   -214.7    -16.3
     1.21     4.60   0.020  149   -107.7    -30.9
     1.22     5.12   0.021  150    -32.4    -19.8
     1.30     5.27   0.020  151     26.8    -17.1
     1.52     5.36   0.020  152     85.4     16.5
     1.75     5.51   0.021  153    170.2     67.6
     2.09     5.77   0.020  154    268.8     95.3
     3.13     6.23   0.020  156    672.5     71.9
     3.51     5.98   0.021  157    885.1     57.2
     3.08     4.81   0.020  158    731.4      3.0
     3.64     4.07   0.021  159    651.5   -301.0
     3.65     4.71   0.020  160    601.3     20.9
     3.18     1.86   0.021  161    392.8    362.8
     2.29    12.36   0.021  163   -324.2    389.6
     4.20     4.29   0.020  164    850.5   -136.6
     4.20     2.60   0.021  165    655.0    242.4
     0.83     2.95   0.020  166     90.7    -70.6
     1.95     1.71   0.021  167    249.4    -17.9
     1.72     0.33   0.020  168    191.0    -72.0
     1.15     0.32   0.020  170    119.8    -18.3
     1.00     0.38   0.021  171     71.2     -1.8
     1.01     0.42   0.020  172     67.6      2.6
     1.02     0.52   0.021  173     64.1      2.0
     0.97     0.58   0.020  174     36.4     19.8
     0.97     0.32   0.021  175     35.1     19.7
     0.98     0.19   0.020  177     34.3      6.7
     1.00     0.14   0.021  178     39.4     -1.2
     1.01     0.17   0.020  179     34.7      5.1
     0.99     0.12   0.021  180     24.9     11.0
     0.98     0.07   0.020  181     21.8      5.3
     1.01     0.09   0.021  182     24.3     -0.4
     1.00     0.12   0.021  184     18.6     -4.5
     0.96     0.13   0.020  185      0.9      5.1
     0.94     0.17   0.021  186    -11.6     15.2
     0.96     0.51   0.020  187      0.9      0.7
     1.01     0.63   0.021  188     16.0    -10.9
     1.01     0.66   0.020  189      9.0     -2.9
     1.02     0.87   0.020  191    -45.8      5.7
     1.17     2.15   0.021  192   -128.0     -1.7
     1.70     4.58   0.020  193   -132.7     -2.4
     2.73    10.12   0.021  194   -271.3   -167.2
     2.34    14.68   0.020  195   -535.4   -153.2
     4.41    15.51   0.021  196   -582.3   -132.5
     1.93     3.05   0.021  198   -491.3    -35.1
     1.27     2.78   0.020  199   -305.7    -47.7
     1.19     2.81   0.021  200   -305.0     18.2
     1.30     2.89   0.020  201   -318.0     55.2
     1.26     3.26   0.020  202   -283.7     73.4
     1.23     3.93   0.021  203   -230.5     60.6
     1.27     4.69   0.020  204   -159.1     48.6
     1.16     5.14   0.021  205    -74.1     53.5
     1.20     5.20   0.020  206     -9.0     39.7
     1.76     5.51   0.021  207    108.2     30.4
     1.76     5.92   0.020  208    182.4     59.2
     1.88     6.01   0.021  209    260.6     53.6
     2.52     5.86   0.020  210    403.7     30.1
     2.81     6.02   0.021  211    544.2     11.3
     3.06     6.31   0.020  212    702.8     44.8
     2.73     6.13   0.021  213    696.4     57.9
     2.53     4.92   0.020  214    547.6    -83.7
     3.12     5.67   0.021  215    578.6    -63.3
     3.23     5.10   0.020  216    356.8    324.3
     3.24     0.59   0.021  217    157.3    361.0
     3.64     5.85   0.020  218   -766.4    192.3
     8.35    11.62   0.021  219   1923.9   -461.2
     4.37     7.54   0.020  220    674.1   -609.5
     3.37     5.78   0.021  221    488.1    272.5
     0.77     2.99   0.020  222    148.8    -80.1
     1.50     1.76   0.021  223    182.3    -74.0
     1.39     1.11   0.020  224    110.1   -129.8
     1.08     1.13   0.021  225     66.8    -38.9
     1.22     1.27   0.020  226    107.2    -61.8
     1.10     0.98   0.020  227     88.0    -38.6
     1.10     0.36   0.021  228     76.9    -43.2
     1.04     0.26   0.020  229     64.1    -24.0
     1.01     0.25   0.021  230     49.4     -7.0
     1.01     0.21   0.020  231     50.2    -14.6
     1.01     0.16   0.021  232     43.3    -12.5
     1.01     0.13   0.020  233     40.9    -15.2
     1.00     0.12   0.021  234     31.3    -11.2
     1.01     0.12   0.020  235     28.1    -13.6
     1.00     0.12   0.021  236     28.5     -6.9
     1.03     0.11   0.020  237     26.9     -5.5
     1.01     0.09   0.021  238     20.3     -4.0
     1.00     0.06   0.020  239     17.3     -3.3
     1.00     0.05   0.021  240     20.0     -0.6
     0.99     0.05   0.020  241     13.6     -5.7
     1.00     0.05   0.021  242     12.6     -2.4
     1.00     0.04   0.020  243     15.5     -3.5
     1.00     0.05   0.021  244      8.5     -6.5
     0.99     0.05   0.020  245      9.9     -5.3
     1.03     0.05   0.021  246     12.1      0.2
     1.03     0.07   0.020  247      1.1      2.0
     1.04     0.05   0.021  248      8.9     -0.6
     1.02     0.05   0.020  249      6.1     -2.1
     1.01     0.05   0.021  250      6.1     -1.3
     1.01     0.07   0.020  251     10.0     -5.7
     1.00     0.13   0.020  252      5.8     -5.4
     1.00     0.17   0.021  253      5.1     -5.0
     1.00     0.20   0.020  254      1.7     -4.9
     0.99     0.19   0.021  255      0.7     -5.7
     0.99     0.14   0.021    1     -2.9      2.8
     0.99     0.09   0.020    2      0.6      1.6
     1.01     0.07   0.021    3      1.3     -0.1
     1.01     0.08   0.020    4      2.4     -3.2
     1.01     0.12   0.021    5      2.5     -2.0
     0.99     0.11   0.020    6     -1.1      2.0
     0.99     0.09   0.021    7      1.4     -0.2
     1.00     0.09   0.020    8      1.6     -2.3
     0.99     0.08   0.021    9      0.7     -0.1
     0.98     0.05   0.020   10     -2.1     -0.2
     1.00     0.04   0.021   11     -1.3     -0.5
     1.01     0.03   0.020   12      0.6     -1.4
     1.01     0.04   0.021   13      2.3     -1.2
     1.00     0.05   0.021   15      0.4     -2.0
     1.02     0.05   0.020   16      0.7     -0.3
     1.00     0.05   0.021   17      0.3     -0.8
     1.00     0.07   0.020   18      0.3     -0.8
     1.00     0.07   0.021   19      0.4     -1.9
     1.00     0.06   0.020   20     -0.6      0.2
