   171.97    44.14   184.75     0.01     0.00    -0.00   0.021    0
   171.97    45.12   184.75     0.01     0.00    -0.00   0.020    1
   170.99    44.14   184.75     0.01     0.00    -0.00   0.021    2
   170.99    45.12   182.71     0.01     0.00    -0.00   0.020    3
   170.99    45.12   182.71     0.01     0.00    -0.00   0.021    4
   172.95    45.12   184.75     0.01     0.00    -0.00   0.020    5
   171.97    45.12   183.73     0.01     0.00    -0.00   0.021    6
   171.97    45.12   184.75     0.01     0.00    -0.00   0.020    7
   171.97    44.14   184.75     0.01     0.00    -0.00   0.021    8
   171.97    44.14   184.75     0.01    -0.00    -0.00   0.020    9
   172.95    45.12   184.75     0.01    -0.00    -0.00   0.021   10
   171.97    45.12   184.75     0.01    -0.00    -0.00   0.020   11
   170.99    45.12   184.75     0.01    -0.00     0.00   0.021   12
   170.99    45.12   184.75     0.01    -0.00     0.00   0.020   13
   171.97    45.12   185.77     0.01    -0.00     0.00   0.021   14
   171.97    45.12   183.73     0.01    -0.00     0.00   0.020   15
   171.97    45.12   183.73     0.01    -0.00     0.00   0.020   16
   171.97    44.14   182.71     0.00     0.00     0.00   0.021   17
   170.99    44.14   183.73     0.00    -0.00     0.00   0.020   18
   170.99    45.12   184.75     0.01     0.00     0.00   0.021   19
   171.97    44.14   183.73     0.01     0.00     0.00   0.020   20
   171.97    44.14   183.73     0.01     0.00    -0.00   0.021   21
   171.97    45.12   183.73     0.01     0.00    -0.00   0.020   22
   172.95    45.12   184.75     0.01     0.00    -0.00   0.021   23
   171.97    45.12   184.75     0.01     0.00     0.00   0.020   24
   171.97    45.12   184.75     0.01     0.00    -0.00   0.021   25
   171.97    44.14   184.75     0.01     0.00    -0.00   0.020   26
   171.97    45.12   183.73     0.01     0.00    -0.00   0.021   27
   172.95    44.14   183.73     0.01     0.00    -0.00   0.020   28
   171.97    47.08   185.77     0.01     0.00     0.00   0.021   29
   170.99    45.12   185.77     0.01     0.00    -0.00   0.020   30
   172.95    45.12   183.73     0.01     0.00    -0.00   0.021   31
   172.95    45.12   182.71     0.01     0.00    -0.00   0.020   32
   170.99    45.12   185.77     0.01     0.00    -0.00   0.021   33
   171.97    45.12   183.73     0.01     0.00    -0.00   0.020   34
   171.97    45.12   185.77     0.01     0.00    -0.00   0.021   35
   170.99    46.10   184.75     0.01     0.00    -0.00   0.020   36
   171.97    46.10   183.73     0.01     0.00     0.00   0.021   37
   172.95    44.14   184.75     0.00     0.00    -0.00   0.020   38
   172.95    45.12   184.75     0.00     0.00    -0.00   0.021   39
   171.97    44.14   183.73     0.00     0.00    -0.00   0.020   40
   172.95    45.12   185.77     0.01     0.00     0.00   0.020   41
   170.99    44.14   183.73     0.01     0.00    -0.00   0.021   42
   172.95    45.12   185.77     0.01     0.00    -0.00   0.020   43
   170.99    45.12   185.77     0.01     0.00    -0.00   0.021   44
   170.99    44.14   185.77     0.01     0.00    -0.00   0.020   45
   170.99    46.10   184.75     0.01     0.00    -0.00   0.021   46
   172.95    45.12   183.73     0.01    -0.00    -0.00   0.020   47
   171.97    45.12   183.73     0.01    -0.00     0.00   0.021   48
   171.97    45.12   183.73     0.01    -0.00    -0.00   0.020   49
   171.97    45.12   185.77     0.01     0.00    -0.00   0.021   50
   171.97    45.12   184.75     0.01     0.00    -0.00   0.020   51
   171.97    45.12   183.73     0.01     0.00    -0.00   0.021   52
   172.95    44.14   184.75     0.01     0.00    -0.00   0.020   53
   171.97    45.12   184.75     0.01     0.00    -0.00   0.021   54
   171.97    45.12   183.73     0.01     0.00    -0.00   0.020   55
   171.97    44.14   183.73     0.01     0.00    -0.00   0.021   56
   172.95    44.14   184.75     0.01     0.00     0.00   0.020   57
   171.97    44.14   184.75     0.01     0.00    -0.00   0.021   58
   172.95    44.14   182.71     0.01     0.00    -0.00   0.020   59
   171.97    45.12   183.73     0.01     0.00    -0.00   0.021   60
   171.97    43.16   184.75     0.01     0.00    -0.00   0.020   61
   170.99    45.12   184.75     0.01     0.00    -0.00   0.021   62
   170.99    45.12   182.71     0.01     0.00    -0.00   0.020   63
   171.97    46.10   183.73     0.01     0.00    -0.00   0.021   64
   171.97    44.14   185.77     0.01     0.00    -0.00   0.020   65
   171.97    44.14   182.71     0.01     0.00    -0.00   0.020   66
   172.95    45.12   183.73     0.01     0.00    -0.00   0.021   67
   170.99    45.12   184.75     0.01     0.00    -0.00   0.020   68
   172.95    45.12   183.73     0.01     0.00    -0.00   0.021   69
   171.97    46.10   184.75     0.01     0.00    -0.00   0.020   70
   171.97    44.14   184.75     0.01     0.00    -0.00   0.021   71
   171.97    44.14   184.75     0.01     0.00    -0.00   0.020   72
   171.97    45.12   184.75     0.01     0.00    -0.00   0.021   73
   170.99    45.12   184.75     0.01     0.00    -0.00   0.020   74
   171.97    45.12   184.75     0.01     0.00    -0.00   0.021   75
   171.97    45.12   183.73     0.01     0.00     0.00   0.020   76
   170.99    44.14   184.75     0.00     0.00    -0.00   0.021   77
   170.99    45.12   183.73     0.01     0.00    -0.00   0.020   78
   170.99    45.12   184.75     0.01     0.00    -0.00   0.021   79
   172.95    44.14   184.75     0.01     0.00    -0.00   0.020   80
   171.97    45.12   184.75     0.01     0.00    -0.00   0.021   81
   171.97    45.12   185.77     0.01     0.00    -0.00   0.020   82
   171.97    45.12   185.77     0.01     0.00    -0.00   0.021   83
   171.97    45.12   183.73     0.01    -0.00    -0.00   0.020   84
   171.97    44.14   184.75     0.01    -0.00    -0.00   0.021   85
   171.97    45.12   182.71     0.01    -0.00     0.00   0.020   86
   170.99    46.10   183.73     0.01    -0.00    -0.00   0.021   87
   171.97    45.12   183.73     0.01     0.00    -0.00   0.020   88
   171.97    45.12   184.75     0.01     0.00    -0.00   0.021   89
   172.95    44.14   184.75     0.01     0.00    -0.00   0.020   90
   171.97    46.10   183.73     0.01     0.00    -0.00   0.020   91
   171.97    45.12   184.75     0.01     0.00    -0.00   0.021   92
   171.97    44.14   183.73     0.01     0.00    -0.00   0.020   93
   171.97    46.10   185.77     0.01     0.00    -0.00   0.021   94
   172.95    45.12   184.75     0.01     0.00    -0.00   0.020   95
   171.97    44.14   184.75     0.01     0.00    -0.00   0.021   96
   170.99    45.12   183.73     0.01     0.00    -0.00   0.020   97
   171.97    45.12   183.73     0.01     0.00    -0.00   0.021   98
   171.97    45.12   183.73     0.01     0.00     0.00   0.020   99
   171.97    44.14   183.73     0.01     0.00     0.00   0.021  100
   170.99    45.12   184.75     0.01     0.00     0.00   0.020  101
   171.97    45.12   183.73     0.01     0.00    -0.00   0.021  102
   171.97    44.14   183.73     0.01     0.00    -0.00   0.020  103
   172.95    44.14   185.77     0.01     0.00    -0.00   0.021  104
   172.95    44.14   185.77     0.01     0.00     0.00   0.020  105
   171.97    46.10   183.73     0.01     0.00    -0.00   0.021  106
   172.95    44.14   184.75     0.01     0.00    -0.00   0.020  107
   172.95    44.14   183.73     0.01     0.00    -0.00   0.021  108
   171.97    43.16   184.75     0.01     0.00    -0.00   0.020  109
   172.95    44.14   184.75     0.01    -0.00    -0.00   0.021  110
   172.95    44.14   184.75     0.01     0.00    -0.00   0.020  111
   170.99    46.10   184.75     0.01     0.00    -0.00   0.021  112
   171.97    45.12   183.73     0.01     0.00     0.00   0.020  113
   170.99    46.10   183.73     0.01     0.00     0.00   0.021  114
   171.97    44.14   185.77     0.01     0.00    -0.00   0.020  115
   170.02    45.12   183.73     0.01     0.00    -0.00   0.020  116
   170.99    44.14   185.77     0.01     0.00    -0.00   0.021  117
   171.97    44.14   185.77     0.01     0.00    -0.00   0.020  118
   171.97    44.14   183.73     0.01     0.00    -0.00   0.021  119
   171.97    45.12   184.75     0.01     0.00     0.00   0.020  120
   171.97    44.14   183.73     0.01     0.00    -0.00   0.021  121
   172.95    44.14   182.71     0.01    -0.00    -0.00   0.020  122
   172.95    44.14   183.73     0.01    -0.00     0.00   0.021  123
   171.97    46.10   183.73     0.01    -0.00    -0.00   0.020  124
   172.95    44.14   185.77     0.01     0.00    -0.00   0.021  125
   171.97    44.14   185.77     0.01     0.00    -0.00   0.020  126
   171.97    45.12   186.78     0.01     0.00     0.00   0.021  127
   172.95    45.12   183.73     0.01     0.00     0.00   0.020  128
   171.97    45.12   183.73     0.01     0.00    -0.00   0.021  129
   172.95    45.12   184.75     0.01     0.00    -0.00   0.020  130
   171.97    45.12   183.73     0.01     0.00    -0.00   0.021  131
   170.99    45.12   183.73     0.01     0.00     0.00   0.020  132
   171.97    45.12   184.75     0.01     0.00    -0.00   0.021  133
   171.97    44.14   184.75     0.01     0.00    -0.00   0.020  134
   172.95    44.14   184.75     0.01     0.00    -0.00   0.021  135
   171.97    45.12   183.73     0.01     0.00    -0.00   0.020  136
   170.99    45.12   183.73     0.01     0.00    -0.00   0.021  137
   171.97    44.14   185.77     0.01     0.00    -0.00   0.020  138
   171.97    45.12   184.75     0.01     0.00    -0.00   0.021  139
   171.97    45.12   183.73     0.01     0.00    -0.00   0.020  140
   171.97    45.12   184.75     0.01     0.00    -0.00   0.020  141
   171.97    44.14   183.73     0.01     0.00    -0.00   0.021  142
   171.97    45.12   185.77     0.01     0.00    -0.00   0.020  143
   171.97    45.12   184.75     0.01     0.00    -0.00   0.021  144
   171.97    44.14   183.73     0.01     0.00     0.00   0.020  145
   171.97    45.12   183.73     0.01     0.00    -0.00   0.021  146
   172.95    45.12   184.75     0.01     0.00    -0.00   0.020  147
   172.95    43.16   184.75     0.01     0.00    -0.00   0.021  148
   171.97    45.12   184.75     0.01     0.00    -0.00   0.020  149
   171.97    45.12   183.73     0.01     0.00    -0.00   0.021  150
   171.97    45.12   184.75     0.01     0.00    -0.00   0.020  151
   170.99    45.12   183.73     0.01     0.00    -0.00   0.021  152
   171.97    45.12   184.75     0.01     0.00    -0.00   0.020  153
   171.97    45.12   183.73     0.01     0.00    -0.00   0.021  154
   171.97    45.12   184.75     0.01     0.00    -0.00   0.020  155
   171.97    44.14   184.75     0.01     0.00    -0.00   0.021  156
   171.97    46.10   185.77     0.01     0.00    -0.00   0.020  157
   170.99    45.12   184.75     0.01     0.00     0.00   0.021  158
   172.95    45.12   183.73     0.01    -0.00    -0.00   0.020  159
   171.97    44.14   183.73     0.01     0.00    -0.00   0.021  160
   171.97    45.12   184.75     0.01     0.00    -0.00   0.020  161
   171.97    44.14   183.73     0.01    -0.00    -0.00   0.021  162
   171.97    46.10   184.75     0.01    -0.00    -0.00   0.020  163
   171.97    44.14   184.75     0.01     0.00     0.00   0.021  164
   171.97    45.12   184.75     0.00     0.00    -0.00   0.020  165
   171.97    45.12   183.73     0.01     0.00     0.00   0.020  166
   172.95    45.12   184.75     0.01     0.00     0.00   0.021  167
   170.99    45.12   184.75     0.01     0.00     0.00   0.020  168
   170.99    46.10   183.73     0.01     0.00     0.00   0.021  169
   172.95    44.14   184.75     0.01     0.00     0.00   0.020  170
   172.95    45.12   184.75     0.01     0.00     0.00   0.021  171
   172.95    43.16   183.73     0.01     0.00    -0.00   0.020  172
   172.95    44.14   186.78     0.01     0.00     0.00   0.021  173
   171.97    45.12   184.75     0.01     0.00     0.00   0.020  174
   170.99    46.10   184.75     0.01     0.00     0.00   0.021  175
   170.99    44.14   184.75     0.01     0.00    -0.00   0.020  176
   171.97    45.12   185.77     0.01     0.00    -0.00   0.021  177
   171.97    45.12   185.77     0.01     0.00    -0.00   0.020  178
   172.95    46.10   184.75     0.01     0.00    -0.00   0.021  179
   170.99    46.10   183.73     0.01     0.00     0.00   0.020  180
   170.99    47.08   184.75     0.01     0.00    -0.00   0.021  181
   172.95    45.12   184.75     0.01     0.00     0.00   0.020  182
   172.95    45.12   184.75     0.01     0.00    -0.00   0.021  183
   171.97    44.14   183.73     0.01     0.00    -0.00   0.020  184
   171.97    44.14   183.73     0.01     0.00    -0.00   0.021  185
   170.99    44.14   184.75     0.01     0.00    -0.00   0.020  186
   171.97    44.14   184.75     0.01     0.00    -0.00   0.021  187
   170.99    44.14   184.75     0.00     0.00    -0.00   0.020  188
   170.99    45.12   183.73     0.01     0.00     0.00   0.021  189
   170.99    43.16   183.73     0.00     0.00     0.00   0.020  190
   171.97    44.14   182.71     0.01     0.00     0.00   0.020  191
   171.97    44.14   185.77     0.01     0.00    -0.00   0.021  192
   171.97    44.14   185.77     0.01     0.00     0.00   0.020  193
   170.99    45.12   184.75     0.01     0.00    -0.00   0.021  194
   171.97    45.12   185.77     0.01    -0.00    -0.00   0.020  195
   172.95    44.14   183.73     0.01     0.00    -0.00   0.021  196
   172.95    44.14   185.77     0.01    -0.00    -0.00   0.020  197
   172.95    45.12   185.77     0.01     0.00    -0.00   0.021  198
   171.97    45.12   184.75     0.01     0.00    -0.00   0.020  199
   171.97    45.12   183.73     0.01     0.00     0.00   0.021  200
   171.97    45.12   183.73     0.01    -0.00    -0.00   0.020  201
   171.97    45.12   183.73     0.01     0.00    -0.00   0.021  202
   170.99    45.12   183.73     0.01     0.00    -0.00   0.020  203
   170.99    45.12   183.73     0.00     0.00     0.00   0.021  204
   172.95    44.14   183.73     0.00     0.00     0.00   0.020  205
   171.97    45.12   182.71     0.01     0.00     0.00   0.021  206
   170.99    44.14   183.73     0.01     0.00     0.00   0.020  207
   172.95    44.14   184.75     0.01     0.00    -0.00   0.021  208
   171.97    44.14   183.73     0.01    -0.00    -0.00   0.020  209
   171.97    44.14   184.75     0.01     0.00    -0.00   0.021  210
   171.97    44.14   182.71     0.01     0.00    -0.00   0.020  211
   172.95    45.12   184.75     0.01     0.00    -0.00   0.021  212
   171.97    44.14   184.75     0.01     0.00    -0.00   0.020  213
   170.99    45.12   183.73     0.01     0.00    -0.00   0.021  214
   171.97    45.12   183.73     0.01     0.00    -0.00   0.020  215
   171.97    45.12   184.75     0.00     0.00    -0.00   0.020  216
   172.95    44.14   185.77     0.01     0.00    -0.00   0.021  217
   171.97    44.14   185.77     0.01     0.00    -0.00   0.020  218
   171.97    44.14   183.73     0.01     0.00    -0.00   0.021  219
   171.97    44.14   184.75     0.01     0.00    -0.00   0.020  220
   171.97    44.14   184.75     0.01     0.00    -0.00   0.021  221
   172.95    45.12   184.75     0.01     0.00    -0.00   0.020  222
   171.97    44.14   185.77     0.01     0.00    -0.00   0.021  223
   172.95    45.12   185.77     0.01     0.00    -0.00   0.020  224
   171.97    44.14   183.73     0.01     0.00    -0.00   0.021  225
   171.97    45.12   184.75     0.01     0.00    -0.00   0.020  226
   170.99    44.14   183.73     0.01     0.00    -0.00   0.021  227
   172.95    45.12   182.71     0.01     0.00    -0.00   0.020  228
   170.99    45.12   183.73     0.01     0.00    -0.00   0.021  229
   171.97    45.12   184.75     0.01     0.00    -0.00   0.020  230
   172.95    44.14   182.71     0.01     0.00    -0.00   0.021  231
   171.97    45.12   183.73     0.01    -0.00    -0.00   0.020  232
   171.97    45.12   184.75     0.01     0.00    -0.00   0.021  233
   172.95    45.12   184.75     0.01     0.00    -0.00   0.020  234
   170.99    45.12   183.73     0.01     0.00    -0.00   0.021  235
   171.97    45.12   185.77     0.01     0.00    -0.00   0.020  236
   172.95    44.14   184.75     0.01     0.00    -0.00   0.021  237
   171.97    45.12   184.75     0.01     0.00     0.00   0.020  238
   171.97    45.12   184.75     0.01     0.00     0.00   0.021  239
   171.97    44.14   183.73     0.01     0.00    -0.00   0.020  240
   171.97    44.14   183.73     0.01     0.00    -0.00   0.020  241
   170.99    44.14   183.73     0.01     0.00    -0.00   0.021  242
   170.99    45.12   184.75     0.01     0.00    -0.00   0.020  243
   171.97    44.14   183.73     0.01     0.00     0.00   0.021  244
   171.97    45.12   182.71     0.01     0.00    -0.00   0.020  245
   170.99    45.12   184.75     0.01     0.00    -0.00   0.021  246
   172.95    44.14   183.73     0.01     0.00    -0.00   0.020  247
   171.97    44.14   183.73     0.01     0.00    -0.00   0.021  248
   170.99    45.12   183.73     0.01     0.00    -0.00   0.020  249
   171.97    46.10   184.75     0.01     0.00     0.00   0.021  250
   171.97    46.10   184.75     0.01     0.00     0.00   0.020  251
   171.97    45.12   183.73     0.01     0.00    -0.00   0.021  252
   171.97    45.12   184.75     0.01     0.00    -0.00   0.020  253
   170.99    45.12   183.73     0.01     0.00    -0.00   0.021  254
   172.95    44.14   183.73     0.01     0.00     0.00   0.020  255
   171.97    44.14   182.71     0.01     0.00    -0.00   0.021    0
   171.97    45.12   184.75     0.01     0.00    -0.00   0.020    1
   172.95    44.14   183.73     0.01     0.00    -0.00   0.021    2
   171.97    45.12   184.75     0.01     0.00     0.00   0.020    3
   170.99    45.12   183.73     0.00     0.00    -0.00   0.021    4
   172.95    46.10   183.73     0.00     0.00    -0.00   0.020    5
   172.95    45.12   184.75     0.00     0.00     0.00   0.021    6
   171.97    44.14   183.73     0.00     0.00    -0.00   0.020    7
   172.95    44.14   184.75     0.00     0.00    -0.00   0.021    8
   172.95    44.14   183.73     0.01     0.00     0.00   0.020    9
   171.97    45.12   183.73     0.01     0.00    -0.00   0.020   10
   170.99    45.12   184.75     0.01     0.00    -0.00   0.021   11
   170.99    44.14   185.77     0.01     0.00    -0.00   0.020   12
   171.97    46.10   185.77     0.01     0.00    -0.00   0.021   13
   170.99    45.12   184.75     0.01    -0.00    -0.00   0.020   14
   171.97    44.14   185.77     0.01     0.00    -0.00   0.021   15
   171.97    44.14   183.73     0.01     0.00     0.00   0.020   16
   173.92    45.12   183.73     0.01     0.00     0.00   0.021   17
   171.97    45.12   182.71     0.01     0.00     0.00   0.020   18
   172.95    45.12   184.75     0.01     0.00     0.00   0.021   19
   171.97    45.12   182.71     0.01     0.00    -0.00   0.020   20
   171.97    46.10   184.75     0.01     0.00    -0.00   0.021   21
   171.97    44.14   185.77     0.00     0.00    -0.00   0.020   22
   172.95    44.14   183.73     0.00     0.00     0.00   0.021   23
   172.95    43.16   184.75     0.01     0.00    -0.00   0.020   24
   171.97    45.12   184.75     0.01     0.00    -0.00   0.021   25
   170.99    43.16   182.71     0.01     0.00    -0.00   0.020   26
   171.97    45.12   184.75     0.01     0.00    -0.00   0.021   27
   170.99    43.16   183.73     0.00     0.00     0.00   0.020   28
   171.97    44.14   183.73     0.01     0.00    -0.00   0.021   29
   170.99    47.08   183.73     0.01     0.00    -0.00   0.020   30
   172.95    45.12   185.77     0.01     0.00    -0.00   0.021   31
   171.97    44.14   184.75     0.01     0.00    -0.00   0.020   32
   171.97    45.12   185.77     0.01     0.00     0.00   0.021   33
   171.97    44.14   185.77     0.01     0.00    -0.00   0.020   34
   171.97    46.10   184.75     0.01     0.00    -0.00   0.020   35
   171.97    44.14   184.75     0.01     0.00    -0.00   0.021   36
   171.97    45.12   184.75     0.01     0.00    -0.00   0.020   37
   171.97    44.14   184.75     0.01     0.00    -0.00   0.021   38
   170.99    45.12   185.77     0.01     0.00    -0.00   0.020   39
   171.97    44.14   184.75     0.01     0.00    -0.00   0.021   40
   172.95    45.12   185.77     0.01     0.00    -0.00   0.020   41
   170.99    45.12   184.75     0.01     0.00    -0.00   0.021   42
   171.97    43.16   185.77     0.01     0.00    -0.00   0.020   43
   171.97    45.12   183.73     0.01     0.00    -0.00   0.021   44
   171.97    45.12   184.75     0.01     0.00    -0.00   0.020   45
   171.97    45.12   183.73     0.01     0.00    -0.00   0.021   46
   172.95    44.14   184.75     0.01     0.00    -0.00   0.020   47
   171.97    44.14   184.75     0.01     0.00    -0.00   0.021   48
   171.97    45.12   184.75     0.01     0.00    -0.00   0.020   49
   172.95    45.12   183.73     0.01    -0.00    -0.00   0.021   50
   170.99    46.10   183.73     0.01    -0.00    -0.00   0.020   51
   170.99    45.12   183.73     0.01     0.00    -0.00   0.021   52
   171.97    44.14   183.73     0.01     0.00    -0.00   0.020   53
   171.97    44.14   185.77     0.01     0.00    -0.00   0.021   54
   171.97    45.12   185.77     0.01     0.00    -0.00   0.020   55
   170.99    45.12   183.73     0.01     0.00     0.00   0.021   56
   171.97    45.12   185.77     0.01     0.00     0.00   0.020   57
   170.99    45.12   184.75     0.01     0.00     0.00   0.021   58
   170.99    44.14   184.75     0.01     0.00    -0.00   0.020   59
   170.99    45.12   184.75     0.01     0.00    -0.00   0.020   60
   170.99    44.14   183.73     0.01     0.00    -0.00   0.021   61
   171.97    45.12   185.77     0.01     0.00    -0.00   0.020   62
   171.97    44.14   183.73     0.01     0.00    -0.00   0.021   63
   171.97    45.12   184.75     0.01     0.00    -0.00   0.020   64
   170.99    45.12   183.73     0.01     0.00    -0.00   0.021   65
   171.97    44.14   182.71     0.01     0.00     0.00   0.020   66
   171.97    44.14   183.73     0.01     0.00     0.00   0.021   67
   171.97    44.14   184.75     0.01     0.00    -0.00   0.020   68
   171.97    45.12   184.75     0.01     0.00    -0.00   0.021   69
   171.97    45.12   184.75     0.01     0.00    -0.00   0.020   70
   171.97    44.14   185.77     0.01     0.00    -0.00   0.021   71
   171.97    44.14   185.77     0.01     0.00    -0.00   0.020   72
   171.97    43.16   182.71     0.01     0.00    -0.00   0.021   73
   171.97    45.12   184.75     0.01     0.00    -0.00   0.020   74
   171.97    44.14   183.73     0.01     0.00    -0.00   0.021   75
   171.97    45.12   184.75     0.01     0.00    -0.00   0.020   76
   171.97    45.12   183.73     0.01     0.00    -0.00   0.021   77
   172.95    44.14   184.75     0.01     0.00     0.00   0.020   78
   171.97    45.12   184.75     0.01     0.00    -0.00   0.021   79
   171.97    46.10   184.75     0.01     0.00     0.00   0.020   80
   171.97    44.14   183.73     0.01     0.00    -0.00   0.021   81
   171.97    45.12   183.73     0.01     0.00    -0.00   0.020   82
   171.97    45.12   185.77     0.01     0.00    -0.00   0.021   83
   171.97    43.16   183.73     0.01     0.00    -0.00   0.020   84
   172.95    45.12   185.77     0.01    -0.00    -0.00   0.020   85
   171.97    44.14   184.75     0.01    -0.00    -0.00   0.021   86
   172.95    44.14   184.75     0.01     0.00    -0.00   0.020   87
   171.97    43.16   184.75     0.01     0.00    -0.00   0.021   88
   171.97    45.12   183.73     0.01     0.00    -0.00   0.020   89
   171.97    45.12   184.75     0.01     0.00    -0.00   0.021   90
   171.97    44.14   184.75     0.01     0.00    -0.00   0.020   91
   170.99    46.10   184.75     0.01     0.00    -0.00   0.021   92
   170.99    45.12   183.73     0.01     0.00     0.00   0.020   93
   171.97    45.12   184.75     0.01     0.00    -0.00   0.021   94
   170.99    45.12   183.73     0.01     0.00    -0.00   0.020   95
   171.97    44.14   183.73     0.01     0.00     0.00   0.021   96
   171.97    44.14   183.73     0.01     0.00    -0.00   0.020   97
   172.95    45.12   183.73     0.01     0.00    -0.00   0.021   98
   170.99    44.14   183.73     0.01     0.00     0.00   0.020   99
   171.97    45.12   184.75     0.01     0.00     0.00   0.021  100
   170.99    45.12   183.73     0.01     0.00    -0.00   0.020  101
   171.97    45.12   184.75     0.01     0.00    -0.00   0.021  102
   170.99    45.12   183.73     0.01     0.00    -0.00   0.020  103
   171.97    45.12   185.77     0.01     0.00    -0.00   0.021  104
   170.99    45.12   183.73     0.01     0.00    -0.00   0.020  105
   170.99    44.14   183.73     0.01     0.00    -0.00   0.021  106
   170.02    45.12   183.73     0.01     0.00    -0.00   0.020  107
   170.99    44.14   184.75     0.01     0.00    -0.00   0.021  108
   171.97    44.14   182.71     0.01     0.00    -0.00   0.020  109
   170.99    44.14   182.71     0.01     0.00    -0.00   0.020  110
   170.99    45.12   184.75     0.01     0.00    -0.00   0.021  111
   171.97    44.14   182.71     0.01     0.00     0.00   0.020  112
   170.99    45.12   184.75     0.01     0.00    -0.00   0.021  113
   171.97    44.14   183.73     0.01     0.00    -0.00   0.020  114
   170.99    45.12   184.75     0.01     0.00    -0.00   0.021  115
   170.99    45.12   183.73     0.01     0.00     0.00   0.020  116
   171.97    45.12   184.75     0.01     0.00    -0.00   0.021  117
   171.97    45.12   183.73     0.01     0.00    -0.00   0.020  118
   171.97    45.12   184.75     0.01     0.00    -0.00   0.021  119
   170.99    44.14   183.73     0.01     0.00    -0.00   0.020  120
   171.97    44.14   184.75     0.01     0.00    -0.00   0.021  121
   170.99    44.14   183.73     0.01     0.00    -0.00   0.020  122
   171.97    45.12   183.73     0.01     0.00     0.00   0.021  123
   170.02    44.14   182.71     0.01     0.00    -0.00   0.020  124
   172.95    45.12   184.75     0.01     0.00     0.00   0.021  125
   171.97    44.14   184.75     0.01     0.00    -0.00   0.020  126
   172.95    46.10   184.75     0.01     0.00    -0.00   0.021  127
   171.97    45.12   184.75     0.01     0.00     0.00   0.020  128
   170.99    45.12   184.75     0.01     0.00    -0.00   0.021  129
   170.02    45.12   184.75     0.01     0.00    -0.00   0.020  130
   171.97    45.12   183.73     0.01     0.00    -0.00   0.021  131
   171.97    44.14   184.75     0.01     0.00    -0.00   0.020  132
   171.97    45.12   183.73     0.01     0.00    -0.00   0.021  133
   171.97    44.14   184.75     0.01     0.00    -0.00   0.020  134
   170.99    45.12   184.75     0.01     0.00    -0.00   0.020  135
   172.95    44.14   184.75     0.01     0.00     0.00   0.021  136
   171.97    45.12   184.75     0.01     0.00    -0.00   0.020  137
   171.97    44.14   184.75     0.01     0.00    -0.00   0.021  138
   170.99    46.10   184.75     0.01     0.00    -0.00   0.020  139
   170.99    44.14   185.77     0.01     0.00    -0.00   0.021  140
   171.97    44.14   184.75     0.01     0.00    -0.00   0.020  141
   170.99    44.14   185.77     0.01     0.00    -0.00   0.021  142
   170.99    44.14   185.77     0.01     0.00    -0.00   0.020  143
   170.99    45.12   183.73     0.01     0.00    -0.00   0.021  144
   171.97    45.12   183.73     0.01     0.00    -0.00   0.020  145
   171.97    44.14   183.73     0.01     0.00    -0.00   0.021  146
   171.97    44.14   183.73     0.01     0.00    -0.00   0.020  147
   172.95    44.14   184.75     0.01    -0.00    -0.00   0.021  148
   171.97    44.14   184.75     0.01     0.00     0.00   0.020  149
   171.97    44.14   185.77     0.01     0.00    -0.00   0.021  150
   171.97    45.12   184.75     0.01     0.00     0.00   0.020  151
   171.97    45.12   184.75     0.01     0.00     0.00   0.021  152
   171.97    46.10   184.75     0.01     0.00    -0.00   0.020  153
   172.95    44.14   184.75     0.01     0.00    -0.00   0.021  154
   171.97    44.14   185.77     0.01     0.00    -0.00   0.020  155
   170.99    44.14   182.71     0.01     0.00    -0.00   0.021  156
   171.97    45.12   184.75     0.01     0.00    -0.00   0.020  157
   170.99    45.12   183.73     0.01     0.00    -0.00   0.021  158
   171.97    46.10   183.73     0.01     0.00    -0.00   0.020  159
   171.97    44.14   185.77     0.01     0.00    -0.00   0.020  160
   170.99    45.12   184.75     0.01     0.00     0.00   0.021  161
   171.97    44.14   185.77     0.01     0.00    -0.00   0.020  162
   170.99    44.14   183.73     0.01     0.00    -0.00   0.021  163
   170.99    45.12   185.77     0.01     0.00    -0.00   0.020  164
   170.99    44.14   182.71     0.01     0.00    -0.00   0.021  165
   172.95    44.14   185.77     0.01     0.00    -0.00   0.020  166
   171.97    44.14   183.73     0.01     0.00    -0.00   0.021  167
   171.97    47.08   184.75     0.01     0.00    -0.00   0.020  168
   170.99    45.12   184.75     0.01     0.00    -0.00   0.021  169
   173.92    45.12   184.75     0.01     0.00     0.00   0.020  170
   170.99    45.12   184.75     0.01     0.00     0.00   0.021  171
   172.95    45.12   185.77     0.01     0.00     0.00   0.020  172
   171.97    44.14   185.77     0.01     0.00    -0.00   0.021  173
   170.99    46.10   183.73     0.01     0.00    -0.00   0.020  174
   170.99    44.14   182.71     0.01     0.00    -0.00   0.021  175
   170.99    45.12   185.77     0.01     0.00    -0.00   0.020  176
   172.95    45.12   184.75     0.01     0.00     0.00   0.021  177
   171.97    44.14   184.75     0.01     0.00    -0.00   0.020  178
   171.97    42.18   183.73     0.01     0.00    -0.00   0.021  179
   172.95    45.12   184.75     0.01     0.00     0.00   0.020  180
   170.99    45.12   185.77     0.01     0.00    -0.00   0.021  181
   171.97    45.12   185.77     0.01     0.00    -0.00   0.020  182
   172.95    43.16   184.75     0.01     0.00    -0.00   0.021  183
   172.95    45.12   185.77     0.01     0.00    -0.00   0.020  184
   171.97    44.14   184.75     0.01     0.00     0.00   0.020  185
   172.95    45.12   185.77     0.01     0.00    -0.00   0.021  186
   170.99    44.14   183.73     0.01     0.00     0.00   0.020  187
   173.92    46.10   184.75     0.01     0.00    -0.00   0.021  188
   170.99    44.14   184.75     0.01     0.00    -0.00   0.020  189
   171.97    45.12   183.73     0.01     0.00    -0.00   0.021  190
   170.99    44.14   182.71     0.01     0.00    -0.00   0.020  191
   172.95    44.14   183.73     0.01     0.00     0.00   0.021  192
   171.97    44.14   183.73     0.01     0.00    -0.00   0.020  193
   170.99    44.14   184.75     0.01     0.00    -0.00   0.021  194
   171.97    44.14   184.75     0.01     0.00    -0.00   0.020  195
   172.95    45.12   183.73     0.01     0.00    -0.00   0.021  196
   170.99    45.12   184.75     0.01     0.00    -0.00   0.020  197
   171.97    45.12   184.75     0.01    -0.00    -0.00   0.021  198
   171.97    45.12   184.75     0.01    -0.00    -0.00   0.020  199
   170.99    46.10   185.77     0.01     0.00    -0.00   0.021  200
   170.02    45.12   184.75     0.01     0.00    -0.00   0.020  201
   171.97    45.12   185.77     0.01     0.00    -0.00   0.021  202
   170.99    46.10   186.78     0.01     0.00    -0.00   0.020  203
   171.97    45.12   184.75     0.01     0.00    -0.00   0.021  204
   171.97    44.14   182.71     0.01     0.00    -0.00   0.020  205
   170.99    44.14   184.75     0.01     0.00    -0.00   0.021  206
   170.99    45.12   184.75     0.01     0.00    -0.00   0.020  207
   171.97    45.12   183.73     0.01     0.00    -0.00   0.021  208
   170.99    45.12   184.75     0.01     0.00    -0.00   0.020  209
   171.97    44.14   185.77     0.01     0.00    -0.00   0.020  210
   171.97    44.14   183.73     0.01     0.00    -0.00   0.021  211
   171.97    44.14   184.75     0.01     0.00     0.00   0.020  212
   171.97    45.12   184.75     0.01     0.00    -0.00   0.021  213
   171.97    45.12   185.77     0.01     0.00    -0.00   0.020  214
   171.97    45.12   183.73     0.01     0.00    -0.00   0.021  215
   171.97    44.14   185.77     0.01     0.00    -0.00   0.020  216
   170.99    43.16   184.75     0.01     0.00    -0.00   0.021  217
   171.97    45.12   184.75     0.01     0.00    -0.00   0.020  218
   170.99    44.14   183.73     0.01     0.00     0.00   0.021  219
   170.99    45.12   185.77     0.01     0.00    -0.00   0.020  220
   170.99    44.14   184.75     0.01     0.00    -0.00   0.021  221
   171.97    45.12   183.73     0.01     0.00    -0.00   0.020  222
   172.95    45.12   183.73     0.01     0.00    -0.00   0.021  223
   171.97    46.10   183.73     0.01     0.00    -0.00   0.020  224
   172.95    44.14   184.75     0.01     0.00    -0.00   0.021  225
   170.99    45.12   185.77     0.00     0.00     0.00   0.020  226
   172.95    44.14   184.75     0.01     0.00    -0.00   0.021  227
   170.02    45.12   185.77     0.01     0.00    -0.00   0.020  228
   170.99    44.14   184.75     0.01     0.00    -0.00   0.021  229
   171.97    44.14   184.75     0.01     0.00    -0.00   0.020  230
   171.97    43.16   183.73     0.01     0.00     0.00   0.021  231
   171.97    43.16   185.77     0.01     0.00     0.00   0.020  232
   171.97    44.14   184.75     0.01     0.00    -0.00   0.021  233
   170.99    44.14   184.75     0.01     0.00     0.00   0.020  234
   170.99    43.16   183.73     0.01     0.00     0.00   0.020  235
   171.97    44.14   185.77     0.01     0.00    -0.00   0.021  236
   171.97    45.12   183.73     0.01     0.00    -0.00   0.020  237
   172.95    44.14   185.77     0.01     0.00    -0.00   0.021  238
   171.97    44.14   184.75     0.01     0.00     0.00   0.020  239
   171.97    44.14   184.75     0.01     0.00    -0.00   0.021  240
   172.95    44.14   185.77     0.01     0.00    -0.00   0.020  241
   172.95    44.14   184.75     0.01     0.00    -0.00   0.021  242
   170.99    46.10   184.75     0.01     0.00    -0.00   0.020  243
   170.99    45.12   184.75     0.01     0.00    -0.00   0.021  244
   171.97    45.12   184.75     0.01     0.00    -0.00   0.020  245
   171.97    45.12   184.75     0.01     0.00    -0.00   0.021  246
   171.97    45.12   185.77     0.01     0.00    -0.00   0.020  247
   171.97    44.14   183.73     0.01     0.00    -0.00   0.021  248
   171.97    44.14   183.73     0.01     0.00    -0.00   0.020  249
   171.97    45.12   185.77     0.01     0.00    -0.00   0.021  250
   172.95    44.14   185.77     0.01     0.00    -0.00   0.020  251
   171.97    44.14   185.77     0.01     0.00    -0.00   0.021  252
   171.97    44.14   183.73     0.01     0.00    -0.00   0.020  253
   170.99    43.16   183.73     0.01     0.00     0.00   0.021  254
   171.97    45.12   183.73     0.01     0.00    -0.00   0.020  255
   170.99    44.14   183.73     0.01     0.00    -0.00   0.021    0
   171.97    45.12   183.73     0.01     0.00    -0.00   0.020    1
   170.99    45.12   183.73     0.01     0.00    -0.00   0.021    2
   171.97    44.14   183.73     0.01     0.00    -0.00   0.020    3
   170.99    44.14   183.73     0.01     0.00    -0.00   0.020    4
   171.97    45.12   184.75     0.01     0.00    -0.00   0.021    5
   171.97    45.12   185.77     0.01     0.00    -0.00   0.020    6
   170.02    45.12   183.73     0.01     0.00     0.00   0.021    7
   171.97    44.14   184.75     0.00     0.00     0.00   0.020    8
   171.97    45.12   185.77     0.01     0.00     0.00   0.021    9
   171.97    44.14   184.75     0.01     0.00    -0.00   0.020   10
   171.97    44.14   184.75     0.01     0.00    -0.00   0.021   11
   171.97    45.12   184.75     0.01     0.00    -0.00   0.020   12
   171.97    44.14   183.73     0.01     0.00     0.00   0.021   13
   171.97    44.14   183.73     0.01     0.00    -0.00   0.020   14
   172.95    44.14   183.73     0.01     0.00     0.00   0.021   15
   170.99    44.14   184.75     0.01     0.00     0.00   0.020   16
   170.02    45.12   185.77     0.01    -0.00    -0.00   0.021   17
   171.97    44.14   183.73     0.01     0.00     0.00   0.020   18
   171.97    43.16   184.75     0.01     0.00     0.00   0.021   19
   171.97    45.12   183.73     0.01     0.00    -0.00   0.020   20
   170.99    44.14   184.75     0.01     0.00    -0.00   0.021   21
   171.97    46.10   184.75     0.01     0.00    -0.00   0.020   22
   172.95    45.12   184.75     0.01     0.00    -0.00   0.021   23
   171.97    45.12   184.75     0.01     0.00    -0.00   0.020   24
   171.97    44.14   183.73     0.01     0.00    -0.00   0.021   25
   171.97    44.14   185.77     0.01     0.00    -0.00   0.020   26
   170.99    45.12   184.75     0.01     0.00    -0.00   0.021   27
   171.97    44.14   183.73     0.01     0.00    -0.00   0.020   28
   170.02    45.12   183.73     0.01     0.00    -0.00   0.020   29
   170.02    45.12   184.75     0.01     0.00    -0.00   0.021   30
   170.99    45.12   184.75     0.01     0.00     0.00   0.020   31
   170.99    45.12   184.75     0.01     0.00    -0.00   0.021   32
   171.97    45.12   184.75     0.01     0.00    -0.00   0.020   33
   171.97    45.12   183.73     0.01     0.00    -0.00   0.021   34
   172.95    44.14   184.75     0.01     0.00    -0.00   0.020   35
   172.95    46.10   184.75     0.01     0.00     0.00   0.021   36
   171.97    44.14   183.73     0.01     0.00    -0.00   0.020   37
   171.97    45.12   185.77     0.01     0.00    -0.00   0.021   38
   171.97    45.12   185.77     0.01     0.00     0.00   0.020   39
   171.97    45.12   185.77     0.01     0.00    -0.00   0.021   40
   171.97    44.14   183.73     0.01     0.00    -0.00   0.020   41
   171.97    45.12   185.77     0.01     0.00    -0.00   0.021   42
   171.97    44.14   183.73     0.01     0.00    -0.00   0.020   43
   171.97    44.14   184.75     0.01     0.00     0.00   0.021   44
   171.97    44.14   182.71     0.01     0.00     0.00   0.020   45
   172.95    44.14   184.75     0.00     0.00    -0.00   0.021   46
   172.95    43.16   182.71     0.01     0.00    -0.00   0.020   47
   171.97    44.14   185.77     0.01     0.00    -0.00   0.021   48
   170.99    44.14   183.73     0.01     0.00    -0.00   0.020   49
   171.97    46.10   184.75     0.01     0.00    -0.00   0.021   50
   171.97    45.12   183.73     0.01     0.00    -0.00   0.020   51
   171.97    45.12   185.77     0.01     0.00    -0.00   0.021   52
   172.95    44.14   183.73     0.01     0.00    -0.00   0.020   53
   170.99    44.14   185.77     0.01    -0.00    -0.00   0.020   54
   171.97    44.14   185.77     0.01     0.00    -0.00   0.021   55
   171.97    45.12   185.77     0.01     0.00    -0.00   0.020   56
   170.99    44.14   184.75     0.01    -0.00     0.00   0.021   57
   171.97    45.12   184.75     0.01     0.00    -0.00   0.020   58
   172.95    45.12   183.73     0.01     0.00    -0.00   0.021   59
   171.97    45.12   184.75     0.01     0.00    -0.00   0.020   60
   172.95    45.12   183.73     0.01     0.00    -0.00   0.021   61
   171.97    46.10   183.73     0.01     0.00    -0.00   0.020   62
   172.95    45.12   185.77     0.01     0.00    -0.00   0.021   63
   171.97    45.12   185.77     0.01     0.00    -0.00   0.020   64
   171.97    44.14   184.75     0.01     0.00    -0.00   0.021   65
   171.97    44.14   183.73     0.01     0.00    -0.00   0.020   66
   170.99    44.14   184.75     0.01     0.00    -0.00   0.021   67
   170.99    44.14   185.77     0.01     0.00    -0.00   0.020   68
   172.95    44.14   184.75     0.01     0.00     0.00   0.021   69
   172.95    44.14   184.75     0.01     0.00    -0.00   0.020   70
   171.97    45.12   184.75     0.01     0.00    -0.00   0.021   71
   170.99    44.14   182.71     0.01     0.00    -0.00   0.020   72
   170.02    44.14   183.73     0.01     0.00    -0.00   0.021   73
   172.95    45.12   184.75     0.01     0.00    -0.00   0.020   74
   171.97    45.12   183.73     0.01     0.00    -0.00   0.021   75
   170.99    44.14   183.73     0.01     0.00     0.00   0.020   76
   171.97    44.14   183.73     0.01     0.00    -0.00   0.021   77
   170.99    45.12   183.73     0.01     0.00    -0.00   0.020   78
   171.97    44.14   184.75     0.01     0.00    -0.00   0.020   79
   171.97    45.12   184.75     0.01     0.00    -0.00   0.021   80
   170.02    44.14   183.73     0.01     0.00     0.00   0.020   81
   170.99    44.14   184.75     0.01     0.00    -0.00   0.021   82
   170.99    44.14   185.77     0.00     0.00    -0.00   0.020   83
   171.97    43.16   183.73     0.01     0.00    -0.00   0.021   84
   171.97    45.12   185.77     0.01     0.00    -0.00   0.020   85
   170.99    44.14   184.75     0.01     0.00    -0.00   0.021   86
   171.97    44.14   185.77     0.01     0.00    -0.00   0.020   87
   171.97    43.16   183.73     0.01     0.00     0.00   0.021   88
   171.97    45.12   184.75     0.01     0.00    -0.00   0.020   89
   171.97    44.14   183.73     0.01    -0.00    -0.00   0.021   90
   172.95    45.12   184.75     0.01     0.00    -0.00   0.020   91
   171.97    44.14   184.75     0.01     0.00    -0.00   0.021   92
   170.99    44.14   183.73     0.01    -0.00    -0.00   0.020   93
   170.99    44.14   183.73     0.01     0.00     0.00   0.021   94
   170.99    45.12   184.75     0.01     0.00    -0.00   0.020   95
   171.97    44.14   183.73     0.01     0.00     0.00   0.021   96
   171.97    44.14   184.75     0.01     0.00     0.00   0.020   97
   171.97    45.12   184.75     0.01     0.00    -0.00   0.021   98
   172.95    45.12   183.73     0.01     0.00    -0.00   0.020   99
   170.02    45.12   184.75     0.01     0.00    -0.00   0.021  100
   172.95    45.12   184.75     0.01     0.00    -0.00   0.020  101
   170.99    45.12   184.75     0.01     0.00    -0.00   0.021  102
   171.97    45.12   184.75     0.01     0.00     0.00   0.020  103
   171.97    44.14   185.77     0.00     0.00    -0.00   0.020  104
   170.99    46.10   184.75     0.01     0.00    -0.00   0.021  105
   171.97    45.12   184.75     0.01     0.00    -0.00   0.020  106
   171.97    45.12   185.77     0.01     0.00    -0.00   0.021  107
   170.99    46.10   184.75     0.01     0.00     0.00   0.020  108
   171.97    44.14   181.69     0.01     0.00    -0.00   0.021  109
   170.99    44.14   184.75     0.01     0.00    -0.00   0.020  110
   171.97    44.14   184.75     0.01     0.00    -0.00   0.021  111
   171.97    44.14   183.73     0.01     0.00     0.00   0.020  112
   171.97    45.12   184.75     0.01     0.00    -0.00   0.021  113
   171.97    45.12   185.77     0.01     0.00    -0.00   0.020  114
   171.97    45.12   184.75     0.01     0.00    -0.00   0.021  115
   171.97    44.14   184.75     0.01     0.00    -0.00   0.020  116
   171.97    44.14   183.73     0.01     0.00    -0.00   0.021  117
   172.95    45.12   185.77     0.01     0.00    -0.00   0.020  118
   170.99    45.12   183.73     0.01     0.00    -0.00   0.021  119
   171.97    44.14   185.77     0.01     0.00    -0.00   0.020  120
   171.97    45.12   183.73     0.01     0.00    -0.00   0.021  121
   172.95    44.14   184.75     0.01     0.00    -0.00   0.020  122
   170.99    45.12   184.75     0.00     0.00     0.00   0.021  123
   171.97    44.14   183.73     0.01     0.00    -0.00   0.020  124
   170.99    45.12   183.73     0.01     0.00    -0.00   0.021  125
   171.97    44.14   184.75     0.01     0.00    -0.00   0.020  126
   171.97    44.14   184.75     0.01     0.00    -0.00   0.021  127
   170.99    45.12   184.75     0.01     0.00     0.00   0.020  128
   171.97    44.14   184.75     0.01    -0.00     0.00   0.020  129
   171.97    44.14   183.73     0.01    -0.00     0.00   0.021  130
   171.97    44.14   184.75     0.01     0.00    -0.00   0.020  131
   172.95    44.14   183.73     0.01     0.00    -0.00   0.021  132
   170.99    44.14   183.73     0.01     0.00    -0.00   0.020  133
   172.95    45.12   184.75     0.01     0.00    -0.00   0.021  134
   170.99    45.12   182.71     0.01     0.00    -0.00   0.020  135
   171.97    44.14   185.77     0.01     0.00    -0.00   0.021  136
   171.97    45.12   185.77     0.01     0.00    -0.00   0.020  137
   171.97    44.14   183.73     0.01     0.00    -0.00   0.021  138
   171.97    44.14   185.77     0.01     0.00     0.00   0.020  139
   172.95    44.14   185.77     0.01     0.00     0.00   0.021  140
   170.99    44.14   184.75     0.01     0.00    -0.00   0.020  141
   170.99    44.14   185.77     0.01     0.00    -0.00   0.021  142
   171.97    45.12   184.75     0.01     0.00    -0.00   0.020  143
   171.97    44.14   184.75     0.01     0.00    -0.00   0.021  144
   171.97    44.14   184.75     0.01     0.00    -0.00   0.020  145
   170.99    44.14   183.73     0.01     0.00    -0.00   0.021  146
   171.97    43.16   184.75     0.01     0.00     0.00   0.020  147
   171.97    45.12   186.78     0.01     0.00    -0.00   0.021  148
   170.99    45.12   184.75     0.01     0.00    -0.00   0.020  149
   172.95    44.14   184.75     0.01     0.00    -0.00   0.021  150
   172.95    44.14   184.75     0.01     0.00    -0.00   0.020  151
   170.99    46.10   184.75     0.01     0.00    -0.00   0.021  152
   171.97    44.14   184.75     0.01     0.00    -0.00   0.020  153
   171.97    44.14   184.75     0.01     0.00    -0.00   0.020  154
   170.99    45.12   184.75     0.01     0.00    -0.00   0.021  155
   172.95    45.12   184.75     0.01     0.00    -0.00   0.020  156
   171.97    45.12   183.73     0.01     0.00    -0.00   0.021  157
   171.97    44.14   184.75     0.00     0.00     0.00   0.020  158
   170.99    45.12   184.75     0.01     0.00    -0.00   0.021  159
   170.99    45.12   183.73     0.00     0.00    -0.00   0.020  160
   171.97    44.14   185.77     0.01     0.00    -0.00   0.021  161
   171.97    44.14   184.75     0.01     0.00    -0.00   0.020  162
   171.97    43.16   183.73     0.01     0.00     0.00   0.021  163
   170.99    45.12   184.75     0.01     0.00    -0.00   0.020  164
   170.99    45.12   185.77     0.01     0.00    -0.00   0.021  165
   171.97    45.12   184.75     0.01     0.00    -0.00   0.020  166
   171.97    45.12   184.75     0.01     0.00    -0.00   0.021  167
   170.99    44.14   184.75     0.01     0.00    -0.00   0.020  168
   171.97    45.12   184.75     0.01     0.00    -0.00   0.021  169
   170.99    44.14   184.75     0.01     0.00    -0.00   0.020  170
   170.99    44.14   184.75     0.01     0.00    -0.00   0.021  171
   171.97    44.14   182.71     0.01     0.00     0.00   0.020  172
   171.97    45.12   184.75     0.01     0.00    -0.00   0.021  173
   171.97    44.14   184.75     0.01     0.00    -0.00   0.020  174
   171.97    45.12   183.73     0.01     0.00    -0.00   0.021  175
   171.97    44.14   183.73     0.01     0.00    -0.00   0.020  176
   171.97    44.14   183.73     0.01     0.00    -0.00   0.021  177
   170.99    44.14   185.77     0.01     0.00    -0.00   0.020  178
   171.97    45.12   184.75     0.01     0.00     0.00   0.020  179
   171.97    44.14   183.73     0.01     0.00     0.00   0.021  180
   171.97    45.12   183.73     0.01     0.00    -0.00   0.020  181
   170.99    44.14   183.73     0.01    -0.00    -0.00   0.021  182
   171.97    45.12   184.75     0.01     0.00    -0.00   0.020  183
   171.97    44.14   183.73     0.01     0.00     0.00   0.021  184
   170.99    45.12   184.75     0.01     0.00    -0.00   0.020  185
   171.97    43.16   182.71     0.01     0.00     0.00   0.021  186
   172.95    44.14   185.77     0.01     0.00     0.00   0.020  187
   170.99    44.14   184.75     0.00     0.00     0.00   0.021  188
   170.99    43.16   184.75     0.01     0.00    -0.00   0.020  189
   170.99    44.14   184.75     0.01     0.00     0.00   0.021  190
   171.97    46.10   184.75     0.01     0.00    -0.00   0.020  191
   171.97    45.12   183.73     0.01     0.00    -0.00   0.021  192
   171.97    45.12   185.77     0.01     0.00    -0.00   0.020  193
   170.99    45.12   185.77     0.01     0.00    -0.00   0.021  194
   170.99    44.14   184.75     0.01     0.00    -0.00   0.020  195
   171.97    44.14   184.75     0.01     0.00    -0.00   0.021  196
   172.95    45.12   183.73     0.01     0.00     0.00   0.020  197
   170.02    45.12   184.75     0.01     0.00    -0.00   0.021  198
   171.97    44.14   184.75     0.01     0.00    -0.00   0.020  199
   170.02    45.12   183.73     0.01     0.00    -0.00   0.021  200
   170.99    45.12   183.73     0.01     0.00    -0.00   0.020  201
   170.99    44.14   183.73     0.01     0.00    -0.00   0.021  202
   170.99    45.12   185.77     0.01     0.00    -0.00   0.020  203
   171.97    44.14   183.73     0.01    -0.00    -0.00   0.020  204
   170.99    45.12   184.75     0.01    -0.00     0.00   0.021  205
   170.99    45.12   183.73     0.01     0.00    -0.00   0.020  206
   170.99    45.12   183.73     0.01     0.00    -0.00   0.021  207
   170.99    44.14   182.71     0.01    -0.00    -0.00   0.020  208
   170.99    44.14   184.75     0.01     0.00     0.00   0.021  209
   170.99    45.12   183.73     0.01     0.00     0.00   0.020  210
   171.97    45.12   185.77     0.00     0.00    -0.00   0.021  211
   171.97    44.14   184.75     0.01     0.00    -0.00   0.020  212
   170.99    44.14   184.75     0.01     0.00    -0.00   0.021  213
   170.02    44.14   183.73     0.01     0.00    -0.00   0.020  214
   170.99    44.14   184.75     0.01     0.00    -0.00   0.021  215
   171.97    44.14   183.73     0.01     0.00    -0.00   0.020  216
   170.99    45.12   184.75     0.01     0.00    -0.00   0.021  217
   171.97    44.14   184.75     0.01     0.00    -0.00   0.020  218
   172.95    44.14   183.73     0.01     0.00    -0.00   0.021  219
   170.99    44.14   183.73     0.01     0.00    -0.00   0.020  220
   171.97    45.12   184.75     0.01     0.00    -0.00   0.021  221
   171.97    44.14   184.75     0.01     0.00    -0.00   0.020  222
   170.99    45.12   185.77     0.00     0.00    -0.00   0.021  223
   170.99    44.14   184.75     0.01     0.00    -0.00   0.020  224
   172.95    44.14   185.77     0.01     0.00    -0.00   0.021  225
   170.99    45.12   184.75     0.01     0.00    -0.00   0.020  226
   171.97    44.14   185.77     0.01     0.00    -0.00   0.021  227
   170.99    45.12   184.75     0.01     0.00    -0.00   0.020  228
   170.99    45.12   185.77     0.01     0.00    -0.00   0.020  229
   170.99    44.14   184.75     0.01     0.00    -0.00   0.021  230
   170.99    44.14   185.77     0.01     0.00    -0.00   0.020  231
   170.02    44.14   184.75     0.01     0.00    -0.00   0.021  232
   171.97    44.14   184.75     0.01     0.00    -0.00   0.020  233
   171.97    45.12   184.75     0.00     0.00    -0.00   0.021  234
   171.97    44.14   185.77     0.00     0.00    -0.00   0.020  235
   170.99    45.12   184.75     0.01     0.00    -0.00   0.021  236
   170.02    45.12   183.73     0.01     0.00    -0.00   0.020  237
   171.97    45.12   184.75     0.01     0.00    -0.00   0.021  238
   170.99    44.14   185.77     0.01     0.00     0.00   0.020  239
   171.97    45.12   184.75     0.01     0.00    -0.00   0.021  240
   171.97    44.14   186.78     0.01     0.00    -0.00   0.020  241
   171.97    44.14   185.77     0.01     0.00    -0.00   0.021  242
   171.97    44.14   184.75     0.01     0.00    -0.00   0.020  243
   171.97    45.12   183.73     0.01     0.00    -0.00   0.021  244
   171.97    43.16   186.78     0.01     0.00    -0.00   0.020  245
   170.02    45.12   183.73     0.01     0.00    -0.00   0.021  246
   170.99    44.14   183.73     0.01     0.00    -0.00   0.020  247
   171.97    45.12   184.75     0.01     0.00     0.00   0.021  248
   170.02    44.14   184.75     0.01     0.00    -0.00   0.020  249
   170.99    45.12   184.75     0.01     0.00    -0.00   0.021  250
   171.97    45.12   185.77     0.01     0.00    -0.00   0.020  251
   170.99    44.14   184.75     0.01     0.00    -0.00   0.021  252
   171.97    44.14   184.75     0.01     0.00    -0.00   0.020  253
   171.97    44.14   185.77     0.01     0.00    -0.00   0.020  254
   171.97    45.12   183.73     0.01     0.00     0.00   0.021  255
   171.97    45.12   185.77     0.01     0.00    -0.00   0.020    0
   170.99    44.14   184.75     0.01     0.00     0.00   0.021    1
   170.99    45.12   184.75     0.01     0.00    -0.00   0.020    2
   171.97    43.16   184.75     0.00     0.00    -0.00   0.021    3
   172.95    44.14   183.73     0.01     0.00    -0.00   0.020    4
   170.99    45.12   185.77     0.01     0.00    -0.00   0.021    5
   171.97    44.14   184.75     0.01     0.00    -0.00   0.020    6
   170.99    45.12   184.75     0.01     0.00    -0.00   0.021    7
   170.02    45.12   183.73     0.01     0.00    -0.00   0.020    8
   170.99    45.12   184.75     0.01     0.00     0.00   0.021    9
   171.97    45.12   185.77     0.01     0.00    -0.00   0.020   10
   171.97    43.16   184.75     0.01     0.00    -0.00   0.021   11
   171.97    45.12   183.73     0.01     0.00    -0.00   0.020   12
   171.97    45.12   183.73     0.01     0.00    -0.00   0.021   13
   170.99    44.14   184.75     0.01     0.00    -0.00   0.020   14
   170.99    44.14   185.77     0.01     0.00    -0.00   0.021   15
   170.99    44.14   184.75     0.01     0.00    -0.00   0.020   16
   171.97    45.12   185.77     0.01     0.00    -0.00   0.021   17
   170.99    43.16   184.75     0.01     0.00    -0.00   0.020   18
   171.97    44.14   185.77     0.01     0.00    -0.00   0.021   19
   171.97    45.12   184.75     0.01     0.00    -0.00   0.020   20
   171.97    45.12   184.75     0.01     0.00    -0.00   0.021   21
   171.97    44.14   184.75     0.01     0.00    -0.00   0.020   22
   171.97    44.14   183.73     0.01     0.00    -0.00   0.020   23
   171.97    45.12   184.75     0.01    -0.00    -0.00   0.021   24
   171.97    44.14   183.73     0.01     0.00    -0.00   0.020   25
   171.97    45.12   184.75     0.01     0.00    -0.00   0.021   26
   170.99    44.14   183.73     0.01     0.00    -0.00   0.020   27
   171.97    45.12   184.75     0.01     0.00    -0.00   0.021   28
   170.99    44.14   184.75     0.01     0.00    -0.00   0.020   29
   171.97    45.12   185.77     0.01     0.00    -0.00   0.021   30
   170.99    43.16   183.73     0.01     0.00    -0.00   0.020   31
   172.95    44.14   183.73     0.01     0.00     0.00   0.021   32
   170.99    44.14   183.73     0.01     0.00    -0.00   0.020   33
   172.95    45.12   185.77     0.01     0.00    -0.00   0.021   34
   171.97    44.14   184.75     0.01     0.00    -0.00   0.020   35
   171.97    45.12   185.77     0.01     0.00    -0.00   0.021   36
   170.99    46.10   186.78     0.01     0.00    -0.00   0.020   37
   171.97    45.12   184.75     0.01     0.00     0.00   0.021   38
   170.99    43.16   184.75     0.01     0.00    -0.00   0.020   39
   171.97    45.12   185.77     0.01     0.00    -0.00   0.021   40
   171.97    44.14   183.73     0.01     0.00     0.00   0.020   41
   170.99    44.14   186.78     0.01     0.00    -0.00   0.021   42
   170.99    45.12   183.73     0.01     0.00    -0.00   0.020   43
   172.95    45.12   184.75     0.01     0.00    -0.00   0.021   44
   171.97    43.16   184.75     0.01     0.00     0.00   0.020   45
   172.95    43.16   184.75     0.01     0.00    -0.00   0.021   46
   171.97    44.14   182.71     0.01     0.00    -0.00   0.020   47
   172.95    45.12   184.75     0.01     0.00    -0.00   0.020   48
   171.97    45.12   184.75     0.01     0.00    -0.00   0.021   49
   171.97    45.12   185.77     0.01     0.00    -0.00   0.020   50
   171.97    46.10   184.75     0.01     0.00    -0.00   0.021   51
   170.99    45.12   183.73     0.01     0.00    -0.00   0.020   52
   171.97    43.16   184.75     0.00     0.00    -0.00   0.021   53
   171.97    44.14   186.78     0.00     0.00    -0.00   0.020   54
   170.99    44.14   184.75     0.00     0.00    -0.00   0.021   55
   171.97    45.12   185.77     0.01     0.00    -0.00   0.020   56
   171.97    44.14   184.75     0.01     0.00    -0.00   0.021   57
   171.97    43.16   184.75     0.01     0.00    -0.00   0.020   58
   171.97    44.14   184.75     0.01     0.00    -0.00   0.021   59
   171.97    45.12   184.75     0.01     0.00    -0.00   0.020   60
   171.97    44.14   184.75     0.01     0.00    -0.00   0.021   61
   172.95    45.12   184.75     0.01     0.00    -0.00   0.020   62
   171.97    44.14   183.73     0.01    -0.00    -0.00   0.021   63
   171.97    44.14   184.75     0.01     0.00     0.00   0.020   64
   171.97    45.12   184.75     0.01     0.00    -0.00   0.021   65
   171.97    44.14   184.75     0.01     0.00    -0.00   0.020   66
   171.97    43.16   184.75     0.01     0.00    -0.00   0.021   67
   170.99    45.12   185.77     0.01     0.00     0.00   0.020   68
   170.99    44.14   182.71     0.01     0.00    -0.00   0.021   69
   171.97    46.10   184.75     0.01     0.00     0.00   0.020   70
   171.97    44.14   185.77     0.01     0.00    -0.00   0.021   71
   171.97    44.14   184.75     0.01     0.00    -0.00   0.020   72
   171.97    45.12   184.75     0.01     0.00    -0.00   0.020   73
   170.99    45.12   184.75     0.01     0.00     0.00   0.021   74
   170.99    45.12   185.77     0.01     0.00     0.00   0.020   75
   171.97    45.12   183.73     0.01     0.00    -0.00   0.021   76
   171.97    45.12   184.75     0.01     0.00    -0.00   0.020   77
   171.97    45.12   183.73     0.01     0.00     0.00   0.021   78
   171.97    44.14   186.78     0.01     0.00    -0.00   0.020   79
   171.97    44.14   184.75     0.01     0.00     0.00   0.021   80
   170.99    45.12   184.75     0.01     0.00    -0.00   0.020   81
   171.97    45.12   184.75     0.01     0.00     0.00   0.021   82
   170.99    44.14   183.73     0.01     0.00    -0.00   0.020   83
   171.97    44.14   184.75     0.01     0.00    -0.00   0.021   84
   170.99    44.14   183.73     0.01     0.00    -0.00   0.020   85
   171.97    44.14   185.77     0.01     0.00    -0.00   0.021   86
   171.97    43.16   183.73     0.01     0.00    -0.00   0.020   87
   170.99    45.12   184.75     0.01     0.00    -0.00   0.021   88
   171.97    45.12   185.77     0.01     0.00    -0.00   0.020   89
   172.95    45.12   185.77     0.01     0.00    -0.00   0.021   90
   170.99    44.14   183.73     0.00     0.00     0.00   0.020   91
   170.99    45.12   184.75     0.00     0.00    -0.00   0.021   92
   170.99    44.14   184.75     0.01     0.00    -0.00   0.020   93
   172.95    44.14   185.77     0.01     0.00     0.00   0.021   94
   172.95    45.12   185.77     0.01     0.00     0.00   0.020   95
   170.99    44.14   185.77     0.01     0.00    -0.00   0.021   96
   171.97    44.14   182.71     0.01     0.00    -0.00   0.020   97
   171.97    45.12   185.77     0.01     0.00    -0.00   0.020   98
   171.97    45.12   185.77     0.01     0.00    -0.00   0.021   99
   171.97    43.16   185.77     0.01     0.00    -0.00   0.020  100
   170.99    45.12   186.78     0.01     0.00    -0.00   0.021  101
   171.97    44.14   184.75     0.01    -0.00     0.00   0.020  102
   172.95    44.14   184.75     0.01     0.00    -0.00   0.021  103
   170.99    45.12   184.75     0.01     0.00    -0.00   0.020  104
   170.99    45.12   184.75     0.01     0.00    -0.00   0.021  105
   171.97    45.12   183.73     0.01     0.00    -0.00   0.020  106
   171.97    44.14   184.75     0.01     0.00    -0.00   0.021  107
   171.97    45.12   184.75     0.01     0.00    -0.00   0.020  108
   171.97    44.14   184.75     0.01     0.00    -0.00   0.021  109
   171.97    45.12   184.75     0.01     0.00     0.00   0.020  110
   170.99    43.16   184.75     0.01     0.00    -0.00   0.021  111
   170.99    45.12   182.71     0.01     0.00    -0.00   0.020  112
   172.95    44.14   184.75     0.01     0.00    -0.00   0.021  113
   171.97    44.14   184.75     0.01     0.00    -0.00   0.020  114
   170.02    45.12   182.71     0.01     0.00    -0.00   0.021  115
   172.95    44.14   185.77     0.01     0.00    -0.00   0.020  116
   170.99    44.14   184.75     0.01     0.00    -0.00   0.021  117
   171.97    45.12   184.75     0.01     0.00    -0.00   0.020  118
   170.99    45.12   185.77     0.01     0.00     0.00   0.021  119
   171.97    45.12   185.77     0.01    -0.00    -0.00   0.020  120
   171.97    45.12   184.75     0.01     0.00    -0.00   0.021  121
   171.97    45.12   185.77     0.01     0.00    -0.00   0.020  122
   170.99    44.14   185.77     0.01     0.00    -0.00   0.020  123
   170.99    45.12   185.77     0.01     0.00    -0.00   0.021  124
   172.95    43.16   184.75     0.01     0.00    -0.00   0.020  125
   170.99    45.12   185.77     0.01     0.00    -0.00   0.021  126
   170.99    45.12   184.75     0.01     0.00    -0.00   0.020  127
   171.97    44.14   184.75     0.01     0.00    -0.00   0.021  128
   170.99    44.14   184.75     0.01     0.00     0.00   0.020  129
   170.99    45.12   184.75     0.00     0.00     0.00   0.021  130
   171.97    44.14   183.73     0.00     0.00     0.00   0.020  131
   170.99    45.12   183.73     0.01     0.00     0.00   0.021  132
   171.97    44.14   183.73     0.01     0.00    -0.00   0.020  133
   170.99    45.12   184.75     0.01     0.00    -0.00   0.021  134
   170.99    44.14   184.75     0.01     0.00    -0.00   0.020  135
   171.97    45.12   185.77     0.01     0.00    -0.00   0.021  136
   170.99    45.12   184.75     0.01     0.00    -0.00   0.020  137
   170.99    44.14   184.75     0.01     0.00    -0.00   0.021  138
   170.99    45.12   184.75     0.01     0.00     0.00   0.020  139
   170.99    46.10   183.73     0.01     0.00    -0.00   0.021  140
   170.99    44.14   182.71     0.01     0.00     0.00   0.020  141
   170.99    44.14   184.75     0.01     0.00    -0.00   0.021  142
   170.99    45.12   184.75     0.01     0.00    -0.00   0.020  143
   171.97    46.10   184.75     0.01     0.00     0.00   0.021  144
   171.97    45.12   184.75     0.01     0.00    -0.00   0.020  145
   171.97    44.14   183.73     0.01     0.00    -0.00   0.021  146
   170.99    46.10   182.71     0.01     0.00    -0.00   0.020  147
   171.97    45.12   185.77     0.01     0.00     0.00   0.020  148
   170.99    45.12   184.75     0.01     0.00    -0.00   0.021  149
   171.97    44.14   184.75     0.01     0.00    -0.00   0.020  150
   171.97    44.14   184.75     0.01     0.00    -0.00   0.021  151
   171.97    44.14   183.73     0.00     0.00    -0.00   0.020  152
   171.97    44.14   183.73     0.01     0.00    -0.00   0.021  153
   170.99    45.12   182.71     0.01     0.00    -0.00   0.020  154
   170.99    44.14   184.75     0.01     0.00    -0.00   0.021  155
   170.99    45.12   184.75     0.01     0.00    -0.00   0.020  156
   170.99    45.12   182.71     0.01     0.00    -0.00   0.021  157
   170.99    43.16   182.71     0.01     0.00    -0.00   0.020  158
   170.99    45.12   184.75     0.01     0.00    -0.00   0.021  159
   170.99    46.10   183.73     0.01     0.00     0.00   0.020  160
   170.02    45.12   184.75     0.01     0.00     0.00   0.021  161
   170.99    44.14   183.73     0.01     0.00     0.00   0.020  162
   170.99    45.12   184.75     0.01     0.00    -0.00   0.021  163
   170.99    43.16   184.75     0.01     0.00    -0.00   0.020  164
   171.97    44.14   185.77     0.01     0.00    -0.00   0.021  165
   171.97    44.14   184.75     0.01     0.00    -0.00   0.020  166
   170.99    45.12   184.75     0.01     0.00     0.00   0.021  167
   171.97    45.12   183.73     0.01     0.00    -0.00   0.020  168
   170.02    45.12   182.71     0.01     0.00    -0.00   0.021  169
   170.99    44.14   183.73     0.01     0.00    -0.00   0.020  170
   171.97    44.14   184.75     0.01     0.00     0.00   0.021  171
   171.97    44.14   184.75     0.01     0.00    -0.00   0.020  172
   170.99    45.12   185.77     0.00     0.00    -0.00   0.020  173
   171.97    45.12   184.75     0.01     0.00    -0.00   0.021  174
   171.97    44.14   184.75     0.01     0.00    -0.00   0.020  175
   170.99    44.14   183.73     0.01     0.00    -0.00   0.021  176
   172.95    45.12   184.75     0.01    -0.00    -0.00   0.020  177
   171.97    44.14   183.73     0.01    -0.00    -0.00   0.021  178
   172.95    44.14   184.75     0.01    -0.00    -0.00   0.020  179
   170.02    46.10   183.73     0.01     0.00    -0.00   0.021  180
   171.97    45.12   184.75     0.01     0.00    -0.00   0.020  181
   170.99    45.12   183.73     0.01     0.00     0.00   0.021  182
   172.95    45.12   184.75     0.01     0.00     0.00   0.020  183
   170.99    46.10   183.73     0.01     0.00    -0.00   0.021  184
   170.02    46.10   185.77     0.01     0.00    -0.00   0.020  185
   170.99    44.14   183.73     0.01     0.00    -0.00   0.021  186
   170.99    45.12   183.73     0.01     0.00     0.00   0.020  187
   170.99    44.14   184.75     0.01     0.00    -0.00   0.021  188
   171.97    45.12   185.77     0.01     0.00    -0.00   0.020  189
   170.02    45.12   183.73     0.01     0.00    -0.00   0.021  190
   172.95    45.12   183.73     0.01     0.00    -0.00   0.020  191
   171.97    44.14   184.75     0.01     0.00    -0.00   0.021  192
   171.97    44.14   184.75     0.01     0.00    -0.00   0.020  193
   171.97    44.14   184.75     0.01     0.00    -0.00   0.021  194
   170.99    45.12   184.75     0.01     0.00    -0.00   0.020  195
   171.97    44.14   184.75     0.01     0.00    -0.00   0.021  196
   171.97    45.12   185.77     0.01     0.00     0.00   0.020  197
   170.99    45.12   184.75     0.01     0.00    -0.00   0.020  198
   172.95    44.14   183.73     0.01     0.00    -0.00   0.021  199
   170.99    45.12   184.75     0.01     0.00    -0.00   0.020  200
   170.99    45.12   184.75     0.01     0.00    -0.00   0.021  201
   170.99    44.14   183.73     0.01     0.00     0.00   0.020  202
   170.99    43.16   184.75     0.01     0.00     0.00   0.021  203
   171.97    44.14   184.75     0.01     0.00    -0.00   0.020  204
   171.97    44.14   183.73     0.01     0.00    -0.00   0.021  205
   170.99    45.12   183.73     0.01     0.00    -0.00   0.020  206
   170.99    44.14   183.73     0.01     0.00    -0.00   0.021  207
   171.97    44.14   184.75     0.01     0.00    -0.00   0.020  208
   171.97    44.14   184.75     0.00     0.00    -0.00   0.021  209
   170.99    44.14   184.75     0.00     0.00     0.00   0.020  210
   171.97    44.14   183.73     0.01     0.00    -0.00   0.021  211
   171.97    44.14   184.75     0.00     0.00    -0.00   0.020  212
   171.97    45.12   185.77     0.01     0.00    -0.00   0.021  213
   172.95    43.16   183.73     0.01     0.00     0.00   0.020  214
   172.95    45.12   185.77     0.01     0.00    -0.00   0.021  215
   170.99    46.10   184.75     0.01     0.00    -0.00   0.020  216
   171.97    45.12   183.73     0.01    -0.00    -0.00   0.021  217
   171.97    45.12   184.75     0.01    -0.00    -0.00   0.020  218
   171.97    43.16   183.73     0.01    -0.00    -0.00   0.021  219
   171.97    45.12   184.75     0.01    -0.00     0.00   0.020  220
   171.97    43.16   185.77     0.01     0.00    -0.00   0.021  221
   171.97    45.12   184.75     0.01     0.00     0.00   0.020  222
   171.97    44.14   184.75     0.01     0.00    -0.00   0.020  223
   171.97    45.12   185.77     0.01     0.00    -0.00   0.021  224
   170.99    44.14   184.75     0.01     0.00    -0.00   0.020  225
   171.97    44.14   185.77     0.01     0.00    -0.00   0.021  226
   171.97    44.14   184.75     0.01     0.00    -0.00   0.020  227
   171.97    44.14   184.75     0.01     0.00     0.00   0.021  228
   171.97    44.14   183.73     0.01     0.00    -0.00   0.020  229
   171.97    45.12   184.75     0.01     0.00    -0.00   0.021  230
   170.99    44.14   184.75     0.01     0.00    -0.00   0.020  231
   171.97    45.12   185.77     0.01     0.00    -0.00   0.021  232
   170.99    44.14   184.75     0.01     0.00    -0.00   0.020  233
   172.95    45.12   184.75     0.01     0.00    -0.00   0.021  234
   170.99    45.12   183.73     0.01     0.00    -0.00   0.020  235
   170.99    44.14   183.73     0.01     0.00    -0.00   0.021  236
   170.99    44.14   183.73     0.01     0.00    -0.00   0.020  237
   171.97    45.12   185.77     0.01     0.00    -0.00   0.021  238
   171.97    43.16   184.75     0.01     0.00    -0.00   0.020  239
   172.95    44.14   184.75     0.01     0.00    -0.00   0.021  240
   170.02    44.14   183.73     0.01     0.00     0.00   0.020  241
   171.97    44.14   183.73     0.01     0.00    -0.00   0.021  242
   171.97    43.16   184.75     0.01     0.00    -0.00   0.020  243
   170.99    45.12   183.73     0.01     0.00    -0.00   0.021  244
   171.97    45.12   184.75     0.01     0.00    -0.00   0.020  245
   172.95    45.12   185.77     0.01     0.00    -0.00   0.021  246
   171.97    45.12   184.75     0.01     0.00    -0.00   0.020  247
   170.99    46.10   184.75     0.01     0.00    -0.00   0.020  248
   170.02    46.10   185.77     0.00     0.00    -0.00   0.021  249
   170.99    44.14   184.75     0.01     0.00     0.00   0.020  250
   171.97    44.14   184.75     0.01     0.00    -0.00   0.021  251
   171.97    44.14   183.73     0.01     0.00     0.00   0.020  252
   171.97    45.12   182.71     0.01     0.00    -0.00   0.021  253
   171.97    44.14   185.77     0.01     0.00    -0.00   0.020  254
   171.97    44.14   184.75     0.01     0.00    -0.00   0.021  255
   170.02    44.14   184.75     0.01     0.00    -0.00   0.020    0
   170.99    45.12   185.77     0.01     0.00     0.00   0.021    1
   171.97    44.14   184.75     0.01    -0.00    -0.00   0.020    2
   170.99    44.14   184.75     0.01    -0.00    -0.00   0.021    3
   170.02    44.14   183.73     0.01     0.00     0.00   0.020    4
   172.95    45.12   184.75     0.01     0.00    -0.00   0.021    5
   171.97    45.12   185.77     0.01     0.00    -0.00   0.020    6
   170.99    45.12   185.77     0.01     0.00    -0.00   0.021    7
   170.99    45.12   185.77     0.01     0.00    -0.00   0.020    8
   171.97    44.14   184.75     0.01     0.00    -0.00   0.021    9
   171.97    45.12   183.73     0.01     0.00    -0.00   0.020   10
   171.97    45.12   184.75     0.01     0.00     0.00   0.021   11
   170.99    44.14   184.75     0.01     0.00    -0.00   0.020   12
   170.99    45.12   185.77     0.01     0.00    -0.00   0.021   13
   170.99    44.14   184.75     0.01     0.00     0.00   0.020   14
   171.97    45.12   184.75     0.01     0.00    -0.00   0.021   15
   170.99    44.14   184.75     0.01     0.00     0.00   0.020   16
   170.99    44.14   185.77     0.01     0.00    -0.00   0.020   17
   171.97    44.14   186.78     0.01     0.00    -0.00   0.021   18
   171.97    45.12   185.77     0.01     0.00    -0.00   0.020   19
   170.99    45.12   183.73     0.01     0.00    -0.00   0.021   20
   171.97    45.12   185.77     0.01     0.00    -0.00   0.020   21
   170.99    45.12   185.77     0.01     0.00    -0.00   0.021   22
   171.97    44.14   184.75     0.01     0.00    -0.00   0.020   23
   171.97    44.14   184.75     0.01     0.00     0.00   0.021   24
   171.97    45.12   184.75     0.01     0.00    -0.00   0.020   25
   170.99    44.14   184.75     0.01     0.00    -0.00   0.021   26
   171.97    44.14   185.77     0.01     0.00    -0.00   0.020   27
   170.02    44.14   183.73     0.01     0.00    -0.00   0.021   28
   170.99    44.14   185.77     0.01     0.00    -0.00   0.020   29
   170.99    45.12   184.75     0.01     0.00    -0.00   0.021   30
   171.97    44.14   183.73     0.01     0.00    -0.00   0.020   31
   170.99    45.12   183.73     0.01     0.00    -0.00   0.021   32
   170.99    44.14   183.73     0.01     0.00    -0.00   0.020   33
   171.97    44.14   182.71     0.00     0.00     0.00   0.021   34
   170.02    45.12   183.73     0.01     0.00     0.00   0.020   35
   172.95    44.14   184.75     0.01     0.00    -0.00   0.021   36
   171.97    44.14   183.73     0.01     0.00    -0.00   0.020   37
   172.95    44.14   185.77     0.01     0.00    -0.00   0.021   38
   170.99    44.14   183.73     0.01     0.00    -0.00   0.020   39
   171.97    45.12   184.75     0.01     0.00    -0.00   0.021   40
   171.97    44.14   185.77     0.01     0.00     0.00   0.020   41
   170.99    44.14   183.73     0.01     0.00    -0.00   0.020   42
   170.99    44.14   184.75     0.01     0.00    -0.00   0.021   43
   170.99    44.14   184.75     0.01     0.00     0.00   0.020   44
   170.99    44.14   184.75     0.01     0.00    -0.00   0.021   45
   170.99    45.12   183.73     0.01     0.00    -0.00   0.020   46
   171.97    44.14   183.73     0.01     0.00    -0.00   0.021   47
   170.99    43.16   183.73     0.01     0.00    -0.00   0.020   48
   170.99    44.14   183.73     0.01     0.00    -0.00   0.021   49
   171.97    46.10   185.77     0.01     0.00    -0.00   0.020   50
