   178.81    44.14   181.69     0.03     0.00    -0.01   0.021    0
   179.79    45.12   181.69     0.03     0.00    -0.01   0.020    1
   177.83    43.16   182.71     0.03     0.00    -0.01   0.021    2
   178.81    45.12   182.71     0.03     0.00    -0.01   0.020    3
   177.83    45.12   181.69     0.03     0.00    -0.00   0.021    4
   180.76    44.14   181.69     0.03     0.00    -0.01   0.020    5
   177.83    44.14   181.69     0.03     0.00    -0.01   0.021    6
   177.83    44.14   180.68     0.03     0.00    -0.01   0.020    7
   178.81    44.14   180.68     0.03     0.00    -0.01   0.021    8
   179.79    43.16   182.71     0.03     0.00    -0.01   0.020    9
   178.81    44.14   181.69     0.03     0.00    -0.01   0.021   10
   177.83    45.12   181.69     0.03     0.00    -0.01   0.020   11
   179.79    44.14   183.73     0.03     0.00    -0.01   0.021   12
   178.81    45.12   182.71     0.03     0.00    -0.01   0.020   13
   179.79    44.14   181.69     0.03     0.00    -0.01   0.021   14
   178.81    45.12   180.68     0.03     0.00    -0.00   0.020   15
   178.81    45.12   181.69     0.03     0.00    -0.01   0.020   16
   177.83    45.12   181.69     0.03     0.00    -0.01   0.021   17
   178.81    43.16   181.69     0.03     0.00    -0.01   0.020   18
   178.81    45.12   182.71     0.03     0.00    -0.01   0.021   19
   178.81    44.14   182.71     0.03     0.00    -0.01   0.020   20
   177.83    45.12   182.71     0.03     0.00    -0.01   0.021   21
   178.81    44.14   181.69     0.03     0.00    -0.01   0.020   22
   178.81    44.14   182.71     0.03     0.00    -0.01   0.021   23
   178.81    45.12   182.71     0.03     0.00    -0.01   0.020   24
   178.81    44.14   182.71     0.03     0.00    -0.01   0.021   25
   178.81    44.14   181.69     0.03     0.00    -0.01   0.020   26
   177.83    44.14   181.69     0.03     0.00    -0.01   0.021   27
   179.79    45.12   181.69     0.03     0.00    -0.00   0.020   28
   178.81    43.16   180.68     0.03     0.00    -0.01   0.021   29
   179.79    44.14   182.71     0.03     0.00    -0.01   0.020   30
   178.81    45.12   181.69     0.03     0.00    -0.01   0.021   31
   178.81    44.14   180.68     0.03     0.00    -0.00   0.020   32
   178.81    45.12   181.69     0.03     0.00    -0.01   0.021   33
   178.81    45.12   182.71     0.03     0.00    -0.01   0.020   34
   178.81    45.12   182.71     0.03     0.00    -0.01   0.021   35
   178.81    45.12   181.69     0.03     0.00    -0.01   0.020   36
   177.83    44.14   180.68     0.03     0.00    -0.01   0.021   37
   178.81    44.14   180.68     0.03     0.00    -0.01   0.020   38
   178.81    45.12   181.69     0.03     0.00    -0.01   0.021   39
   177.83    46.10   181.69     0.03     0.00    -0.01   0.020   40
   178.81    44.14   182.71     0.03     0.00    -0.01   0.020   41
   178.81    46.10   182.71     0.03     0.00    -0.01   0.021   42
   180.76    44.14   182.71     0.03     0.00    -0.01   0.020   43
   178.81    46.10   181.69     0.03     0.00    -0.01   0.021   44
   178.81    45.12   181.69     0.03     0.00    -0.01   0.020   45
   177.83    44.14   181.69     0.03     0.00    -0.01   0.021   46
   179.79    44.14   181.69     0.03     0.00    -0.01   0.020   47
   179.79    44.14   181.69     0.03     0.00    -0.01   0.021   48
   178.81    44.14   181.69     0.03     0.00    -0.01   0.020   49
   178.81    45.12   180.68     0.03     0.00    -0.01   0.021   50
   177.83    44.14   182.71     0.03     0.00    -0.01   0.020   51
   178.81    45.12   179.66     0.03     0.00    -0.01   0.021   52
   178.81    44.14   181.69     0.03     0.00    -0.01   0.020   53
   177.83    44.14   180.68     0.03     0.00    -0.01   0.021   54
   178.81    45.12   181.69     0.03     0.00    -0.01   0.020   55
   178.81    44.14   180.68     0.03     0.00    -0.01   0.021   56
   178.81    44.14   180.68     0.03     0.00    -0.01   0.020   57
   177.83    44.14   181.69     0.03     0.00    -0.01   0.021   58
   178.81    43.16   180.68     0.03     0.00    -0.01   0.020   59
   178.81    45.12   181.69     0.03     0.00    -0.01   0.021   60
   177.83    45.12   182.71     0.03     0.00    -0.01   0.020   61
   179.79    44.14   180.68     0.03     0.00    -0.01   0.021   62
   177.83    45.12   180.68     0.03     0.00    -0.01   0.020   63
   178.81    46.10   182.71     0.03     0.00    -0.01   0.021   64
   178.81    44.14   182.71     0.03     0.00    -0.01   0.020   65
   177.83    46.10   181.69     0.03     0.00    -0.01   0.020   66
   178.81    43.16   181.69     0.03     0.00    -0.01   0.021   67
   177.83    45.12   180.68     0.03     0.00    -0.01   0.020   68
   177.83    45.12   180.68     0.03     0.00    -0.01   0.021   69
   178.81    45.12   180.68     0.03     0.00    -0.01   0.020   70
   178.81    45.12   181.69     0.03     0.00    -0.01   0.021   71
   178.81    44.14   180.68     0.03     0.00    -0.01   0.020   72
   178.81    45.12   182.71     0.03     0.00    -0.01   0.021   73
   178.81    44.14   182.71     0.03     0.00    -0.01   0.020   74
   178.81    45.12   181.69     0.03     0.00    -0.01   0.021   75
   177.83    45.12   181.69     0.03     0.00    -0.01   0.020   76
   177.83    45.12   180.68     0.03     0.00    -0.01   0.021   77
   178.81    44.14   180.68     0.03     0.00    -0.01   0.020   78
   177.83    45.12   181.69     0.03     0.00    -0.01   0.021   79
   177.83    45.12   181.69     0.03     0.00    -0.01   0.020   80
   178.81    44.14   181.69     0.03     0.00    -0.01   0.021   81
   179.79    45.12   181.69     0.03     0.00    -0.01   0.020   82
   178.81    44.14   181.69     0.03     0.00    -0.01   0.021   83
   178.81    45.12   183.73     0.03     0.00    -0.01   0.020   84
   177.83    44.14   181.69     0.03     0.00    -0.01   0.021   85
   177.83    44.14   180.68     0.03     0.00    -0.01   0.020   86
   178.81    45.12   181.69     0.03     0.00    -0.01   0.021   87
   178.81    44.14   181.69     0.03     0.00    -0.01   0.020   88
   178.81    45.12   181.69     0.03     0.00    -0.01   0.021   89
   180.76    44.14   180.68     0.03     0.00    -0.01   0.020   90
   178.81    44.14   180.68     0.03     0.00    -0.01   0.020   91
   178.81    44.14   181.69     0.03     0.00    -0.01   0.021   92
   179.79    44.14   182.71     0.03     0.00    -0.01   0.020   93
   179.79    45.12   182.71     0.03     0.00    -0.01   0.021   94
   178.81    45.12   181.69     0.03     0.00    -0.01   0.020   95
   178.81    45.12   181.69     0.03     0.00    -0.01   0.021   96
   179.79    44.14   181.69     0.03     0.00    -0.00   0.020   97
   179.79    45.12   181.69     0.03     0.00    -0.01   0.021   98
   179.79    45.12   181.69     0.03     0.00    -0.01   0.020   99
   178.81    45.12   181.69     0.03     0.00    -0.01   0.021  100
   178.81    44.14   181.69     0.03     0.00    -0.01   0.020  101
   178.81    44.14   181.69     0.03    -0.00    -0.01   0.021  102
   178.81    44.14   181.69     0.03     0.00    -0.00   0.020  103
   179.79    45.12   182.71     0.03     0.00    -0.01   0.021  104
   177.83    44.14   182.71     0.03     0.00    -0.01   0.020  105
   178.81    44.14   182.71     0.03     0.00    -0.01   0.021  106
   178.81    44.14   180.68     0.03     0.00    -0.01   0.020  107
   177.83    45.12   180.68     0.03     0.00    -0.01   0.021  108
   177.83    44.14   181.69     0.03    -0.00    -0.01   0.020  109
   177.83    43.16   181.69     0.03     0.00    -0.01   0.021  110
   178.81    44.14   181.69     0.03     0.00    -0.01   0.020  111
   178.81    43.16   182.71     0.03     0.00    -0.01   0.021  112
   178.81    43.16   181.69     0.03     0.00    -0.01   0.020  113
   177.83    45.12   182.71     0.03     0.00    -0.01   0.021  114
   179.79    44.14   180.68     0.03     0.00    -0.01   0.020  115
   179.79    44.14   181.69     0.03     0.00    -0.01   0.020  116
   178.81    45.12   182.71     0.03     0.00    -0.01   0.021  117
   178.81    45.12   180.68     0.03     0.00    -0.01   0.020  118
   177.83    44.14   182.71     0.03     0.00    -0.01   0.021  119
   177.83    44.14   181.69     0.03     0.00    -0.01   0.020  120
   178.81    45.12   181.69     0.03    -0.00    -0.01   0.021  121
   179.79    45.12   181.69     0.03     0.00    -0.01   0.020  122
   178.81    44.14   181.69     0.03     0.00    -0.01   0.021  123
   178.81    45.12   181.69     0.03     0.00    -0.01   0.020  124
   177.83    44.14   181.69     0.03     0.00    -0.01   0.021  125
   177.83    44.14   180.68     0.03     0.00    -0.01   0.020  126
   178.81    45.12   181.69     0.03     0.00    -0.01   0.021  127
   178.81    44.14   182.71     0.03     0.00    -0.01   0.020  128
   179.79    45.12   182.71     0.03     0.00    -0.01   0.021  129
   178.81    45.12   182.71     0.03     0.00    -0.01   0.020  130
   179.79    44.14   182.71     0.03     0.00    -0.01   0.021  131
   177.83    46.10   182.71     0.03     0.00    -0.01   0.020  132
   178.81    43.16   181.69     0.03     0.00    -0.01   0.021  133
   178.81    44.14   181.69     0.03     0.00    -0.01   0.020  134
   177.83    44.14   182.71     0.03     0.00    -0.01   0.021  135
   177.83    45.12   181.69     0.03     0.00    -0.01   0.020  136
   177.83    44.14   182.71     0.03     0.00    -0.01   0.021  137
   178.81    46.10   180.68     0.03     0.00    -0.01   0.020  138
   177.83    45.12   181.69     0.03     0.00    -0.01   0.021  139
   178.81    44.14   181.69     0.03     0.00    -0.00   0.020  140
   178.81    45.12   181.69     0.03     0.00    -0.00   0.020  141
   179.79    44.14   182.71     0.03     0.00    -0.01   0.021  142
   179.79    44.14   180.68     0.03     0.00    -0.01   0.020  143
   178.81    44.14   180.68     0.03     0.00    -0.01   0.021  144
   177.83    46.10   180.68     0.03     0.00    -0.01   0.020  145
   178.81    44.14   181.69     0.03     0.00    -0.01   0.021  146
   176.85    45.12   181.69     0.03     0.00    -0.01   0.020  147
   178.81    45.12   183.73     0.03     0.00    -0.01   0.021  148
   177.83    45.12   181.69     0.03     0.00    -0.01   0.020  149
   178.81    45.12   181.69     0.03     0.00    -0.01   0.021  150
   178.81    45.12   182.71     0.03     0.00    -0.01   0.020  151
   178.81    45.12   183.73     0.03     0.00    -0.01   0.021  152
   178.81    44.14   183.73     0.03     0.00    -0.01   0.020  153
   178.81    45.12   182.71     0.03     0.00    -0.01   0.021  154
   178.81    44.14   180.68     0.03    -0.00    -0.01   0.020  155
   178.81    44.14   181.69     0.03     0.00    -0.01   0.021  156
   178.81    44.14   181.69     0.03     0.00    -0.01   0.020  157
   177.83    44.14   183.73     0.03     0.00    -0.01   0.021  158
   178.81    45.12   181.69     0.03     0.00    -0.01   0.020  159
   178.81    45.12   182.71     0.03     0.00    -0.01   0.021  160
   178.81    44.14   182.71     0.03     0.00    -0.01   0.020  161
   177.83    45.12   181.69     0.03     0.00    -0.01   0.021  162
   178.81    44.14   181.69     0.03     0.00    -0.01   0.020  163
   177.83    44.14   181.69     0.03     0.00    -0.01   0.021  164
   178.81    44.14   181.69     0.03     0.00    -0.01   0.020  165
   177.83    44.14   182.71     0.03     0.00    -0.01   0.020  166
   179.79    44.14   181.69     0.03     0.00    -0.01   0.021  167
   178.81    44.14   182.71     0.03     0.00    -0.01   0.020  168
   178.81    44.14   181.69     0.03     0.00    -0.01   0.021  169
   178.81    44.14   181.69     0.03     0.00    -0.01   0.020  170
   177.83    45.12   181.69     0.03     0.00    -0.01   0.021  171
   178.81    44.14   182.71     0.03     0.00    -0.01   0.020  172
   177.83    44.14   181.69     0.03     0.00    -0.01   0.021  173
   177.83    44.14   180.68     0.03     0.00    -0.00   0.020  174
   177.83    44.14   182.71     0.03     0.00    -0.00   0.021  175
   178.81    45.12   181.69     0.03     0.00    -0.01   0.020  176
   179.79    44.14   180.68     0.03     0.00    -0.01   0.021  177
   177.83    45.12   181.69     0.03     0.00    -0.01   0.020  178
   178.81    44.14   181.69     0.03     0.00    -0.01   0.021  179
   178.81    44.14   182.71     0.03     0.00    -0.01   0.020  180
   178.81    44.14   181.69     0.03    -0.00    -0.01   0.021  181
   177.83    44.14   180.68     0.03     0.00    -0.01   0.020  182
   177.83    45.12   182.71     0.03     0.00    -0.01   0.021  183
   177.83    44.14   180.68     0.03     0.00    -0.01   0.020  184
   178.81    44.14   180.68     0.03     0.00    -0.01   0.021  185
   178.81    45.12   182.71     0.03     0.00    -0.01   0.020  186
   178.81    45.12   182.71     0.03     0.00    -0.01   0.021  187
   178.81    45.12   182.71     0.03     0.00    -0.01   0.020  188
   179.79    44.14   182.71     0.03     0.00    -0.01   0.021  189
   178.81    45.12   181.69     0.03     0.00    -0.01   0.020  190
   178.81    44.14   182.71     0.03     0.00    -0.01   0.020  191
   179.79    45.12   181.69     0.03     0.00    -0.01   0.021  192
   178.81    45.12   181.69     0.03     0.00    -0.01   0.020  193
   179.79    45.12   182.71     0.03     0.00    -0.01   0.021  194
   178.81    44.14   181.69     0.03     0.00    -0.01   0.020  195
   178.81    45.12   181.69     0.03     0.00    -0.01   0.021  196
   178.81    44.14   181.69     0.03     0.00    -0.01   0.020  197
   179.79    44.14   182.71     0.03     0.00    -0.01   0.021  198
   177.83    45.12   182.71     0.03     0.00    -0.01   0.020  199
   178.81    45.12   182.71     0.03     0.00    -0.01   0.021  200
   177.83    45.12   181.69     0.03     0.00    -0.01   0.020  201
   178.81    45.12   182.71     0.03     0.00    -0.00   0.021  202
   178.81    45.12   181.69     0.03     0.00    -0.01   0.020  203
   178.81    44.14   182.71     0.03     0.00    -0.01   0.021  204
   178.81    45.12   183.73     0.03     0.00    -0.01   0.020  205
   176.85    45.12   182.71     0.03     0.00    -0.01   0.021  206
   178.81    44.14   183.73     0.03     0.00    -0.01   0.020  207
   178.81    45.12   181.69     0.03     0.00    -0.01   0.021  208
   178.81    44.14   181.69     0.03     0.00    -0.01   0.020  209
   177.83    45.12   183.73     0.03     0.00    -0.00   0.021  210
   178.81    44.14   181.69     0.03     0.00    -0.01   0.020  211
   178.81    45.12   181.69     0.03     0.00    -0.01   0.021  212
   177.83    45.12   181.69     0.03     0.00    -0.01   0.020  213
   178.81    44.14   181.69     0.03     0.00    -0.01   0.021  214
   178.81    44.14   183.73     0.03     0.00    -0.01   0.020  215
   178.81    44.14   183.73     0.03     0.00    -0.01   0.020  216
   178.81    44.14   181.69     0.03    -0.00    -0.01   0.021  217
   177.83    44.14   182.71     0.03     0.00    -0.01   0.020  218
   178.81    44.14   181.69     0.03     0.00    -0.01   0.021  219
   177.83    45.12   183.73     0.03     0.00    -0.01   0.020  220
   178.81    44.14   182.71     0.03     0.00    -0.01   0.021  221
   177.83    45.12   182.71     0.03     0.00    -0.01   0.020  222
   177.83    45.12   180.68     0.03     0.00    -0.01   0.021  223
   178.81    44.14   181.69     0.03     0.00    -0.01   0.020  224
   178.81    44.14   181.69     0.03     0.00    -0.01   0.021  225
   178.81    45.12   183.73     0.03     0.00    -0.01   0.020  226
   178.81    44.14   182.71     0.03     0.00    -0.01   0.021  227
   178.81    44.14   181.69     0.03     0.00    -0.00   0.020  228
   177.83    45.12   181.69     0.03     0.00    -0.01   0.021  229
   178.81    44.14   182.71     0.03     0.00    -0.01   0.020  230
   178.81    45.12   183.73     0.03     0.00    -0.01   0.021  231
   178.81    44.14   182.71     0.03     0.00    -0.01   0.020  232
   178.81    45.12   181.69     0.03     0.00    -0.01   0.021  233
   178.81    45.12   182.71     0.03     0.00    -0.01   0.020  234
   177.83    45.12   181.69     0.03     0.00    -0.01   0.021  235
   179.79    44.14   181.69     0.03     0.00    -0.01   0.020  236
   178.81    45.12   181.69     0.03     0.00    -0.01   0.021  237
   178.81    45.12   182.71     0.03     0.00    -0.01   0.020  238
   177.83    45.12   182.71     0.03     0.00    -0.01   0.021  239
   179.79    43.16   183.73     0.03     0.00    -0.01   0.020  240
   178.81    45.12   183.73     0.03     0.00    -0.01   0.020  241
   178.81    44.14   182.71     0.03     0.00    -0.01   0.021  242
   178.81    44.14   182.71     0.03     0.00    -0.01   0.020  243
   178.81    44.14   183.73     0.03     0.00    -0.01   0.021  244
   177.83    44.14   182.71     0.03     0.00    -0.01   0.020  245
   178.81    46.10   181.69     0.03     0.00    -0.01   0.021  246
   179.79    45.12   182.71     0.03     0.00    -0.01   0.020  247
   178.81    44.14   181.69     0.03     0.00    -0.01   0.021  248
   179.79    43.16   182.71     0.03     0.00    -0.01   0.020  249
   178.81    44.14   182.71     0.03     0.00    -0.01   0.021  250
   178.81    43.16   182.71     0.03     0.00    -0.01   0.020  251
   178.81    45.12   181.69     0.03     0.00    -0.01   0.021  252
   177.83    45.12   183.73     0.03     0.00    -0.01   0.020  253
   177.83    43.16   182.71     0.03     0.00    -0.01   0.021  254
   178.81    45.12   180.68     0.03     0.00    -0.00   0.020  255
   177.83    46.10   181.69     0.03     0.00    -0.01   0.021    0
   178.81    45.12   182.71     0.03     0.00    -0.01   0.020    1
   178.81    44.14   182.71     0.03     0.00    -0.01   0.021    2
   178.81    45.12   181.69     0.03     0.00    -0.01   0.020    3
   178.81    44.14   182.71     0.03     0.00    -0.01   0.021    4
   178.81    45.12   182.71     0.03     0.00    -0.01   0.020    5
   178.81    44.14   181.69     0.03     0.00    -0.01   0.021    6
   178.81    45.12   182.71     0.03     0.00    -0.01   0.020    7
   178.81    45.12   182.71     0.03     0.00    -0.01   0.021    8
   178.81    44.14   181.69     0.03     0.00    -0.01   0.020    9
   178.81    44.14   182.71     0.03     0.00    -0.01   0.020   10
   178.81    44.14   181.69     0.03     0.00    -0.01   0.021   11
   177.83    45.12   181.69     0.03     0.00    -0.01   0.020   12
   178.81    45.12   182.71     0.03     0.00    -0.01   0.021   13
   178.81    45.12   182.71     0.03     0.00    -0.01   0.020   14
   178.81    44.14   181.69     0.03     0.00    -0.01   0.021   15
   178.81    44.14   181.69     0.03     0.00    -0.01   0.020   16
   179.79    44.14   181.69     0.03     0.00    -0.01   0.021   17
   178.81    44.14   181.69     0.03     0.00    -0.01   0.020   18
   178.81    44.14   182.71     0.03     0.00    -0.01   0.021   19
   177.83    45.12   182.71     0.03     0.00    -0.01   0.020   20
   178.81    45.12   182.71     0.03     0.00    -0.01   0.021   21
   179.79    44.14   182.71     0.03     0.00    -0.01   0.020   22
   178.81    45.12   181.69     0.03     0.00    -0.01   0.021   23
   178.81    43.16   182.71     0.03    -0.00    -0.01   0.020   24
   177.83    45.12   181.69     0.03     0.00    -0.01   0.021   25
   177.83    44.14   182.71     0.03     0.00    -0.01   0.020   26
   178.81    43.16   180.68     0.03     0.00    -0.01   0.021   27
   177.83    45.12   183.73     0.03     0.00    -0.01   0.020   28
   177.83    45.12   181.69     0.03     0.00    -0.01   0.021   29
   177.83    44.14   181.69     0.03     0.00    -0.01   0.020   30
   179.79    44.14   182.71     0.03     0.00    -0.01   0.021   31
   177.83    45.12   181.69     0.03     0.00    -0.01   0.020   32
   178.81    45.12   181.69     0.03     0.00    -0.01   0.021   33
   178.81    44.14   182.71     0.03     0.00    -0.01   0.020   34
   177.83    45.12   181.69     0.03     0.00    -0.01   0.020   35
   178.81    44.14   182.71     0.03     0.00    -0.01   0.021   36
   179.79    44.14   181.69     0.03     0.00    -0.01   0.020   37
   178.81    44.14   180.68     0.03     0.00    -0.01   0.021   38
   177.83    45.12   182.71     0.03     0.00    -0.01   0.020   39
   178.81    45.12   181.69     0.03     0.00    -0.01   0.021   40
   179.79    44.14   182.71     0.03     0.00    -0.01   0.020   41
   178.81    43.16   181.69     0.03     0.00    -0.01   0.021   42
   177.83    44.14   181.69     0.03     0.00    -0.01   0.020   43
   178.81    44.14   181.69     0.03     0.00    -0.01   0.021   44
   178.81    45.12   181.69     0.03    -0.00    -0.01   0.020   45
   178.81    45.12   182.71     0.03     0.00    -0.01   0.021   46
   178.81    44.14   182.71     0.03     0.00    -0.01   0.020   47
   177.83    44.14   182.71     0.03     0.00    -0.01   0.021   48
   179.79    44.14   182.71     0.03     0.00    -0.01   0.020   49
   177.83    45.12   181.69     0.03     0.00    -0.01   0.021   50
   178.81    43.16   181.69     0.03     0.00    -0.01   0.020   51
   177.83    44.14   181.69     0.03     0.00    -0.01   0.021   52
   178.81    45.12   181.69     0.03     0.00    -0.01   0.020   53
   177.83    44.14   181.69     0.03     0.00    -0.01   0.021   54
   179.79    45.12   181.69     0.03     0.00    -0.01   0.020   55
   178.81    43.16   182.71     0.03     0.00    -0.01   0.021   56
   179.79    44.14   182.71     0.03     0.00    -0.01   0.020   57
   178.81    45.12   181.69     0.03     0.00    -0.01   0.021   58
   179.79    44.14   181.69     0.03     0.00    -0.01   0.020   59
   178.81    44.14   183.73     0.03     0.00    -0.01   0.020   60
   178.81    44.14   181.69     0.03     0.00    -0.01   0.021   61
   177.83    44.14   183.73     0.03     0.00    -0.01   0.020   62
   179.79    45.12   182.71     0.03     0.00    -0.01   0.021   63
   178.81    45.12   182.71     0.03     0.00    -0.01   0.020   64
   179.79    45.12   182.71     0.03     0.00    -0.01   0.021   65
   178.81    45.12   183.73     0.03     0.00    -0.01   0.020   66
   177.83    45.12   181.69     0.03    -0.00    -0.01   0.021   67
   178.81    44.14   183.73     0.03     0.00    -0.01   0.020   68
   177.83    45.12   182.71     0.03     0.00    -0.01   0.021   69
   178.81    44.14   181.69     0.03     0.00    -0.01   0.020   70
   178.81    44.14   182.71     0.03     0.00    -0.01   0.021   71
   178.81    44.14   181.69     0.03     0.00    -0.01   0.020   72
   178.81    44.14   182.71     0.03     0.00    -0.01   0.021   73
   178.81    44.14   181.69     0.03     0.00    -0.01   0.020   74
   179.79    44.14   182.71     0.03     0.00    -0.01   0.021   75
   177.83    44.14   181.69     0.03     0.00    -0.01   0.020   76
   177.83    44.14   181.69     0.03     0.00    -0.01   0.021   77
   179.79    44.14   181.69     0.03     0.00    -0.01   0.020   78
   177.83    44.14   181.69     0.03     0.00    -0.01   0.021   79
   178.81    45.12   183.73     0.03     0.00    -0.01   0.020   80
   178.81    44.14   181.69     0.03     0.00    -0.01   0.021   81
   178.81    45.12   182.71     0.03     0.00    -0.01   0.020   82
   177.83    45.12   181.69     0.03     0.00    -0.01   0.021   83
   177.83    45.12   181.69     0.03     0.00    -0.01   0.020   84
   177.83    44.14   182.71     0.03     0.00    -0.01   0.020   85
   178.81    43.16   180.68     0.03     0.00    -0.01   0.021   86
   178.81    45.12   181.69     0.03     0.00    -0.01   0.020   87
   178.81    44.14   181.69     0.03     0.00    -0.01   0.021   88
   177.83    44.14   181.69     0.03     0.00    -0.01   0.020   89
   179.79    45.12   183.73     0.03     0.00    -0.01   0.021   90
   177.83    44.14   183.73     0.03     0.00    -0.01   0.020   91
   177.83    46.10   182.71     0.03     0.00    -0.01   0.021   92
   178.81    45.12   180.68     0.03     0.00    -0.01   0.020   93
   179.79    45.12   181.69     0.03     0.00    -0.01   0.021   94
   177.83    45.12   182.71     0.03     0.00    -0.01   0.020   95
   177.83    44.14   182.71     0.03     0.00    -0.01   0.021   96
   179.79    44.14   182.71     0.03     0.00    -0.00   0.020   97
   178.81    44.14   181.69     0.03     0.00    -0.01   0.021   98
   179.79    44.14   182.71     0.03     0.00    -0.01   0.020   99
   179.79    44.14   182.71     0.03     0.00    -0.01   0.021  100
   178.81    45.12   182.71     0.03     0.00    -0.01   0.020  101
   179.79    45.12   182.71     0.03    -0.00    -0.01   0.021  102
   178.81    45.12   182.71     0.03     0.00    -0.01   0.020  103
   178.81    45.12   182.71     0.03     0.00    -0.01   0.021  104
   178.81    44.14   181.69     0.03     0.00    -0.01   0.020  105
   178.81    45.12   182.71     0.03     0.00    -0.01   0.021  106
   178.81    44.14   182.71     0.03     0.00    -0.01   0.020  107
   179.79    45.12   182.71     0.03     0.00    -0.01   0.021  108
   178.81    45.12   182.71     0.03     0.00    -0.01   0.020  109
   179.79    44.14   182.71     0.03     0.00    -0.01   0.020  110
   177.83    45.12   182.71     0.03     0.00    -0.01   0.021  111
   177.83    45.12   181.69     0.03     0.00    -0.01   0.020  112
   178.81    45.12   181.69     0.03     0.00    -0.01   0.021  113
   179.79    44.14   182.71     0.03     0.00    -0.01   0.020  114
   179.79    45.12   181.69     0.03     0.00    -0.01   0.021  115
   179.79    44.14   181.69     0.03    -0.00    -0.01   0.020  116
   179.79    44.14   181.69     0.03     0.00    -0.01   0.021  117
   176.85    46.10   182.71     0.03    -0.00    -0.01   0.020  118
   178.81    44.14   182.71     0.03     0.00    -0.01   0.021  119
   178.81    45.12   182.71     0.03     0.00    -0.01   0.020  120
   178.81    45.12   182.71     0.03     0.00    -0.01   0.021  121
   178.81    44.14   182.71     0.03     0.00    -0.01   0.020  122
   179.79    45.12   181.69     0.03     0.00    -0.01   0.021  123
   177.83    44.14   181.69     0.03     0.00    -0.01   0.020  124
   178.81    44.14   182.71     0.03     0.00    -0.01   0.021  125
   178.81    44.14   181.69     0.03     0.00    -0.01   0.020  126
   179.79    45.12   182.71     0.03     0.00    -0.01   0.021  127
   178.81    44.14   182.71     0.03     0.00    -0.01   0.020  128
   178.81    44.14   181.69     0.03     0.00    -0.01   0.021  129
   179.79    44.14   181.69     0.03     0.00    -0.01   0.020  130
   179.79    44.14   182.71     0.03     0.00    -0.01   0.021  131
   178.81    44.14   181.69     0.03     0.00    -0.01   0.020  132
   178.81    45.12   181.69     0.03     0.00    -0.01   0.021  133
   177.83    44.14   181.69     0.03     0.00    -0.01   0.020  134
   177.83    44.14   182.71     0.03     0.00    -0.01   0.020  135
   177.83    44.14   182.71     0.03     0.00    -0.01   0.021  136
   176.85    46.10   180.68     0.03     0.00    -0.01   0.020  137
   178.81    44.14   181.69     0.03     0.00    -0.01   0.021  138
   177.83    44.14   182.71     0.03     0.00    -0.01   0.020  139
   176.85    43.16   181.69     0.03     0.00    -0.01   0.021  140
   178.81    44.14   181.69     0.03     0.00    -0.01   0.020  141
   178.81    44.14   181.69     0.03     0.00    -0.01   0.021  142
   178.81    44.14   181.69     0.03     0.00    -0.01   0.020  143
   178.81    44.14   181.69     0.03     0.00    -0.01   0.021  144
   177.83    44.14   182.71     0.03     0.00    -0.01   0.020  145
   178.81    44.14   182.71     0.03     0.00    -0.01   0.021  146
   178.81    45.12   181.69     0.03     0.00    -0.01   0.020  147
   178.81    44.14   180.68     0.03     0.00    -0.01   0.021  148
   178.81    44.14   181.69     0.03     0.00    -0.01   0.020  149
   178.81    45.12   181.69     0.03     0.00    -0.01   0.021  150
   178.81    44.14   182.71     0.03     0.00    -0.01   0.020  151
   177.83    44.14   182.71     0.03     0.00    -0.01   0.021  152
   178.81    44.14   182.71     0.03     0.00    -0.01   0.020  153
   177.83    44.14   182.71     0.03     0.00    -0.01   0.021  154
   177.83    45.12   181.69     0.03     0.00    -0.01   0.020  155
   178.81    44.14   181.69     0.03     0.00    -0.01   0.021  156
   178.81    44.14   181.69     0.03     0.00    -0.01   0.020  157
   177.83    44.14   181.69     0.03     0.00    -0.01   0.021  158
   178.81    44.14   181.69     0.03     0.00    -0.01   0.020  159
   178.81    45.12   181.69     0.03     0.00    -0.01   0.020  160
   178.81    45.12   181.69     0.03     0.00    -0.01   0.021  161
   178.81    45.12   180.68     0.03     0.00    -0.01   0.020  162
   178.81    44.14   181.69     0.03     0.00    -0.01   0.021  163
   179.79    45.12   180.68     0.03     0.00    -0.01   0.020  164
   177.83    45.12   181.69     0.03     0.00    -0.01   0.021  165
   178.81    45.12   181.69     0.03     0.00    -0.01   0.020  166
   179.79    43.16   181.69     0.03     0.00    -0.01   0.021  167
   178.81    44.14   182.71     0.03     0.00    -0.01   0.020  168
   177.83    45.12   180.68     0.03     0.00    -0.01   0.021  169
   178.81    44.14   182.71     0.03     0.00    -0.01   0.020  170
   178.81    44.14   182.71     0.03     0.00    -0.01   0.021  171
   178.81    45.12   181.69     0.03     0.00    -0.01   0.020  172
   178.81    44.14   181.69     0.03    -0.00    -0.01   0.021  173
   177.83    44.14   182.71     0.03     0.00    -0.01   0.020  174
   178.81    44.14   182.71     0.03     0.00    -0.01   0.021  175
   179.79    44.14   182.71     0.03    -0.00    -0.01   0.020  176
   178.81    45.12   183.73     0.03     0.00    -0.01   0.021  177
   177.83    44.14   180.68     0.03     0.00    -0.01   0.020  178
   178.81    44.14   182.71     0.03     0.00    -0.01   0.021  179
   177.83    45.12   181.69     0.03     0.00    -0.01   0.020  180
   178.81    45.12   181.69     0.03    -0.00    -0.01   0.021  181
   177.83    44.14   180.68     0.03     0.00    -0.01   0.020  182
   177.83    44.14   182.71     0.03     0.00    -0.01   0.021  183
   178.81    44.14   181.69     0.03     0.00    -0.01   0.020  184
   178.81    44.14   182.71     0.03     0.00    -0.01   0.020  185
   179.79    44.14   181.69     0.03     0.00    -0.01   0.021  186
   178.81    45.12   182.71     0.03     0.00    -0.01   0.020  187
   178.81    45.12   180.68     0.03     0.00    -0.01   0.021  188
   177.83    45.12   181.69     0.03     0.00    -0.01   0.020  189
   179.79    45.12   182.71     0.03    -0.00    -0.01   0.021  190
   177.83    44.14   181.69     0.03     0.00    -0.00   0.020  191
   177.83    45.12   182.71     0.03     0.00    -0.01   0.021  192
   178.81    44.14   180.68     0.03     0.00    -0.01   0.020  193
   179.79    45.12   181.69     0.03     0.00    -0.01   0.021  194
   177.83    45.12   180.68     0.03     0.00    -0.01   0.020  195
   177.83    45.12   181.69     0.03     0.00    -0.01   0.021  196
   178.81    44.14   182.71     0.03     0.00    -0.01   0.020  197
   177.83    45.12   181.69     0.03     0.00    -0.01   0.021  198
   178.81    45.12   181.69     0.03     0.00    -0.01   0.020  199
   178.81    44.14   181.69     0.03     0.00    -0.01   0.021  200
   178.81    44.14   181.69     0.03     0.00    -0.01   0.020  201
   178.81    44.14   180.68     0.03     0.00    -0.01   0.021  202
   178.81    45.12   181.69     0.03     0.00    -0.01   0.020  203
   178.81    45.12   181.69     0.03     0.00    -0.01   0.021  204
   178.81    44.14   181.69     0.03     0.00    -0.01   0.020  205
   178.81    45.12   182.71     0.03     0.00    -0.01   0.021  206
   178.81    44.14   181.69     0.03     0.00    -0.00   0.020  207
   177.83    45.12   182.71     0.03     0.00    -0.01   0.021  208
   179.79    45.12   182.71     0.03     0.00    -0.01   0.020  209
   178.81    44.14   181.69     0.03     0.00    -0.01   0.020  210
   177.83    45.12   181.69     0.03    -0.00    -0.01   0.021  211
   178.81    44.14   181.69     0.03     0.00    -0.01   0.020  212
   178.81    44.14   180.68     0.03     0.00    -0.01   0.021  213
   178.81    44.14   181.69     0.03     0.00    -0.01   0.020  214
   179.79    44.14   181.69     0.03    -0.00    -0.00   0.021  215
   178.81    45.12   181.69     0.03     0.00    -0.00   0.020  216
   178.81    45.12   182.71     0.03     0.00    -0.01   0.021  217
   178.81    45.12   182.71     0.03     0.00    -0.01   0.020  218
   178.81    45.12   180.68     0.03     0.00    -0.01   0.021  219
   177.83    45.12   182.71     0.03     0.00    -0.01   0.020  220
   177.83    44.14   181.69     0.03     0.00    -0.01   0.021  221
   179.79    44.14   182.71     0.03     0.00    -0.01   0.020  222
   178.81    45.12   180.68     0.03     0.00    -0.01   0.021  223
   178.81    45.12   181.69     0.03     0.00    -0.01   0.020  224
   179.79    45.12   182.71     0.03     0.00    -0.01   0.021  225
   179.79    45.12   182.71     0.03     0.00    -0.01   0.020  226
   179.79    44.14   181.69     0.03     0.00    -0.01   0.021  227
   177.83    45.12   180.68     0.03     0.00    -0.01   0.020  228
   179.79    44.14   182.71     0.03     0.00    -0.01   0.021  229
   178.81    44.14   180.68     0.03     0.00    -0.01   0.020  230
   179.79    44.14   180.68     0.03     0.00    -0.01   0.021  231
   177.83    45.12   182.71     0.03     0.00    -0.01   0.020  232
   178.81    44.14   181.69     0.03     0.00    -0.01   0.021  233
   178.81    44.14   182.71     0.03     0.00    -0.01   0.020  234
   177.83    44.14   180.68     0.03     0.00    -0.01   0.020  235
   178.81    45.12   182.71     0.03     0.00    -0.01   0.021  236
   178.81    45.12   181.69     0.03     0.00    -0.01   0.020  237
   179.79    44.14   181.69     0.03     0.00    -0.01   0.021  238
   178.81    44.14   181.69     0.03     0.00    -0.01   0.020  239
   178.81    44.14   180.68     0.03     0.00    -0.01   0.021  240
   179.79    45.12   182.71     0.03     0.00    -0.01   0.020  241
   178.81    45.12   181.69     0.03     0.00    -0.01   0.021  242
   178.81    44.14   182.71     0.03     0.00    -0.01   0.020  243
   177.83    44.14   180.68     0.03     0.00    -0.01   0.021  244
   178.81    45.12   181.69     0.03     0.00    -0.01   0.020  245
   179.79    45.12   181.69     0.03     0.00    -0.01   0.021  246
   179.79    43.16   180.68     0.03     0.00    -0.01   0.020  247
   178.81    45.12   182.71     0.03     0.00    -0.01   0.021  248
   177.83    43.16   180.68     0.03     0.00    -0.00   0.020  249
   178.81    44.14   180.68     0.03     0.00    -0.01   0.021  250
   178.81    45.12   180.68     0.03     0.00    -0.01   0.020  251
   177.83    45.12   181.69     0.03     0.00    -0.01   0.021  252
   178.81    44.14   180.68     0.03     0.00    -0.01   0.020  253
   179.79    45.12   180.68     0.03     0.00    -0.01   0.021  254
   177.83    45.12   181.69     0.03    -0.00    -0.01   0.020  255
   178.81    45.12   181.69     0.03     0.00    -0.01   0.021    0
   178.81    45.12   180.68     0.03     0.00    -0.01   0.020    1
   178.81    44.14   181.69     0.03     0.00    -0.01   0.021    2
   178.81    44.14   181.69     0.03     0.00    -0.01   0.020    3
   177.83    44.14   180.68     0.03     0.00    -0.01   0.020    4
   178.81    45.12   181.69     0.03     0.00    -0.01   0.021    5
   177.83    44.14   181.69     0.03     0.00    -0.01   0.020    6
   178.81    44.14   181.69     0.03     0.00    -0.01   0.021    7
   179.79    43.16   180.68     0.03     0.00    -0.01   0.020    8
   177.83    44.14   179.66     0.03     0.00    -0.01   0.021    9
   179.79    44.14   181.69     0.03     0.00    -0.01   0.020   10
   177.83    44.14   179.66     0.03     0.00    -0.01   0.021   11
   178.81    45.12   182.71     0.03     0.00    -0.01   0.020   12
   176.85    45.12   181.69     0.03     0.00    -0.01   0.021   13
   178.81    45.12   180.68     0.03     0.00    -0.01   0.020   14
   178.81    45.12   180.68     0.03     0.00    -0.01   0.021   15
   178.81    44.14   181.69     0.03     0.00    -0.01   0.020   16
   178.81    45.12   181.69     0.03    -0.00    -0.01   0.021   17
   178.81    44.14   182.71     0.03     0.00    -0.01   0.020   18
   180.76    44.14   181.69     0.03     0.00    -0.01   0.021   19
   179.79    44.14   182.71     0.03     0.00    -0.01   0.020   20
   178.81    44.14   181.69     0.03     0.00    -0.01   0.021   21
   179.79    45.12   183.73     0.03     0.00    -0.01   0.020   22
   178.81    45.12   181.69     0.03     0.00    -0.01   0.021   23
   178.81    45.12   181.69     0.03     0.00    -0.01   0.020   24
   178.81    44.14   181.69     0.03     0.00    -0.01   0.021   25
   177.83    45.12   179.66     0.03     0.00    -0.01   0.020   26
   178.81    44.14   181.69     0.03     0.00    -0.01   0.021   27
   178.81    44.14   181.69     0.03     0.00    -0.01   0.020   28
   179.79    45.12   180.68     0.03     0.00    -0.01   0.020   29
   178.81    45.12   181.69     0.03     0.00    -0.01   0.021   30
   177.83    44.14   179.66     0.03     0.00    -0.00   0.020   31
   177.83    44.14   182.71     0.03     0.00    -0.01   0.021   32
   178.81    44.14   181.69     0.03     0.00    -0.01   0.020   33
   179.79    45.12   181.69     0.03     0.00    -0.01   0.021   34
   179.79    44.14   181.69     0.03     0.00    -0.01   0.020   35
   178.81    43.16   182.71     0.03     0.00    -0.01   0.021   36
   177.83    45.12   181.69     0.03     0.00    -0.01   0.020   37
   177.83    45.12   180.68     0.03     0.00    -0.01   0.021   38
   177.83    45.12   180.68     0.03     0.00    -0.01   0.020   39
   178.81    46.10   181.69     0.03     0.00    -0.01   0.021   40
   178.81    44.14   182.71     0.03     0.00    -0.01   0.020   41
   178.81    45.12   182.71     0.03    -0.00    -0.01   0.021   42
   177.83    44.14   182.71     0.03     0.00    -0.00   0.020   43
   178.81    45.12   181.69     0.03     0.00    -0.01   0.021   44
   178.81    45.12   181.69     0.03     0.00    -0.01   0.020   45
   178.81    45.12   181.69     0.03     0.00    -0.01   0.021   46
   178.81    45.12   180.68     0.03     0.00    -0.00   0.020   47
   179.79    45.12   180.68     0.03     0.00    -0.01   0.021   48
   178.81    44.14   180.68     0.03     0.00    -0.01   0.020   49
   178.81    44.14   180.68     0.03     0.00    -0.01   0.021   50
   179.79    44.14   181.69     0.03     0.00    -0.01   0.020   51
   179.79    43.16   181.69     0.03     0.00    -0.01   0.021   52
   179.79    44.14   181.69     0.03     0.00    -0.01   0.020   53
   177.83    44.14   181.69     0.03     0.00    -0.01   0.020   54
   179.79    44.14   181.69     0.03     0.00    -0.01   0.021   55
   179.79    44.14   181.69     0.03     0.00    -0.01   0.020   56
   177.83    45.12   180.68     0.03     0.00    -0.01   0.021   57
   178.81    44.14   181.69     0.03     0.00    -0.01   0.020   58
   177.83    44.14   180.68     0.03     0.00    -0.01   0.021   59
   178.81    45.12   181.69     0.03     0.00    -0.01   0.020   60
   178.81    44.14   181.69     0.03     0.00    -0.01   0.021   61
   180.76    43.16   180.68     0.03     0.00    -0.01   0.020   62
   178.81    44.14   179.66     0.03     0.00    -0.01   0.021   63
   178.81    45.12   181.69     0.03     0.00    -0.01   0.020   64
   177.83    45.12   182.71     0.03    -0.00    -0.01   0.021   65
   178.81    44.14   181.69     0.03     0.00    -0.00   0.020   66
   179.79    44.14   180.68     0.03     0.00    -0.01   0.021   67
   178.81    45.12   180.68     0.03     0.00    -0.01   0.020   68
   177.83    45.12   180.68     0.03     0.00    -0.01   0.021   69
   178.81    44.14   181.69     0.03     0.00    -0.01   0.020   70
   178.81    45.12   180.68     0.03     0.00    -0.01   0.021   71
   178.81    44.14   181.69     0.03     0.00    -0.01   0.020   72
   177.83    44.14   181.69     0.03     0.00    -0.01   0.021   73
   177.83    45.12   182.71     0.03     0.00    -0.01   0.020   74
   178.81    44.14   181.69     0.03     0.00    -0.00   0.021   75
   177.83    45.12   181.69     0.03     0.00    -0.01   0.020   76
   178.81    45.12   181.69     0.03     0.00    -0.01   0.021   77
   178.81    43.16   182.71     0.03     0.00    -0.01   0.020   78
   178.81    44.14   180.68     0.03     0.00    -0.01   0.020   79
   178.81    44.14   181.69     0.03     0.00    -0.01   0.021   80
   178.81    45.12   182.71     0.03     0.00    -0.01   0.020   81
   178.81    45.12   181.69     0.03     0.00    -0.01   0.021   82
   180.76    45.12   181.69     0.03     0.00    -0.01   0.020   83
   178.81    45.12   181.69     0.03     0.00    -0.01   0.021   84
   177.83    45.12   181.69     0.03     0.00    -0.00   0.020   85
   177.83    44.14   180.68     0.03     0.00    -0.01   0.021   86
   177.83    45.12   181.69     0.03     0.00    -0.01   0.020   87
   176.85    44.14   180.68     0.03     0.00    -0.01   0.021   88
   178.81    44.14   181.69     0.03     0.00    -0.01   0.020   89
   177.83    45.12   181.69     0.03     0.00    -0.01   0.021   90
   177.83    45.12   181.69     0.03     0.00    -0.01   0.020   91
   176.85    45.12   180.68     0.03     0.00    -0.01   0.021   92
   177.83    44.14   181.69     0.03     0.00    -0.01   0.020   93
   179.79    44.14   180.68     0.03     0.00    -0.01   0.021   94
   177.83    44.14   181.69     0.03     0.00    -0.01   0.020   95
   177.83    45.12   181.69     0.03     0.00    -0.01   0.021   96
   178.81    44.14   182.71     0.03     0.00    -0.01   0.020   97
   177.83    45.12   182.71     0.03     0.00    -0.01   0.021   98
   177.83    44.14   181.69     0.03     0.00    -0.01   0.020   99
   179.79    44.14   181.69     0.03     0.00    -0.01   0.021  100
   178.81    44.14   180.68     0.03     0.00    -0.01   0.020  101
   178.81    43.16   180.68     0.03     0.00    -0.01   0.021  102
   178.81    44.14   181.69     0.03     0.00    -0.01   0.020  103
   178.81    45.12   180.68     0.03     0.00    -0.01   0.020  104
   178.81    44.14   183.73     0.03     0.00    -0.01   0.021  105
   178.81    43.16   180.68     0.03     0.00    -0.01   0.020  106
   178.81    44.14   182.71     0.03     0.00    -0.01   0.021  107
   179.79    44.14   181.69     0.03     0.00    -0.01   0.020  108
   178.81    44.14   182.71     0.03     0.00    -0.01   0.021  109
   177.83    45.12   180.68     0.03     0.00    -0.01   0.020  110
   178.81    44.14   181.69     0.03     0.00    -0.01   0.021  111
   179.79    44.14   182.71     0.03     0.00    -0.01   0.020  112
   179.79    45.12   182.71     0.03     0.00    -0.01   0.021  113
   178.81    44.14   181.69     0.03     0.00    -0.01   0.020  114
   178.81    44.14   182.71     0.03     0.00    -0.01   0.021  115
   178.81    45.12   180.68     0.03     0.00    -0.01   0.020  116
   178.81    44.14   182.71     0.03     0.00    -0.01   0.021  117
   178.81    44.14   181.69     0.03     0.00    -0.01   0.020  118
   179.79    44.14   182.71     0.03     0.00    -0.01   0.021  119
   179.79    44.14   181.69     0.03     0.00    -0.01   0.020  120
   178.81    46.10   180.68     0.03     0.00    -0.01   0.021  121
   179.79    45.12   182.71     0.03     0.00    -0.00   0.020  122
   179.79    43.16   180.68     0.03     0.00    -0.01   0.021  123
   178.81    44.14   182.71     0.03     0.00    -0.01   0.020  124
   177.83    44.14   182.71     0.03     0.00    -0.01   0.021  125
   177.83    45.12   181.69     0.03     0.00    -0.01   0.020  126
   177.83    45.12   180.68     0.03     0.00    -0.01   0.021  127
   178.81    44.14   181.69     0.03     0.00    -0.01   0.020  128
   178.81    45.12   181.69     0.03     0.00    -0.01   0.020  129
   178.81    44.14   182.71     0.03     0.00    -0.01   0.021  130
   178.81    45.12   183.73     0.03     0.00    -0.01   0.020  131
   178.81    45.12   180.68     0.03     0.00    -0.01   0.021  132
   178.81    44.14   181.69     0.03     0.00    -0.01   0.020  133
   178.81    45.12   180.68     0.03     0.00    -0.01   0.021  134
   179.79    45.12   181.69     0.03     0.00    -0.01   0.020  135
   177.83    45.12   182.71     0.03     0.00    -0.01   0.021  136
   178.81    45.12   181.69     0.03     0.00    -0.01   0.020  137
   178.81    45.12   182.71     0.03     0.00    -0.01   0.021  138
   178.81    46.10   180.68     0.03     0.00    -0.01   0.020  139
   180.76    44.14   181.69     0.03     0.00    -0.01   0.021  140
   178.81    44.14   181.69     0.03     0.00    -0.01   0.020  141
   177.83    45.12   181.69     0.03     0.00    -0.01   0.021  142
   177.83    44.14   182.71     0.03     0.00    -0.01   0.020  143
   177.83    44.14   182.71     0.03     0.00    -0.01   0.021  144
   178.81    44.14   181.69     0.03     0.00    -0.01   0.020  145
   178.81    45.12   180.68     0.03     0.00    -0.01   0.021  146
   178.81    45.12   181.69     0.03     0.00    -0.01   0.020  147
   178.81    44.14   180.68     0.03     0.00    -0.01   0.021  148
   178.81    44.14   181.69     0.03     0.00    -0.01   0.020  149
   178.81    44.14   181.69     0.03     0.00    -0.01   0.021  150
   178.81    44.14   181.69     0.03     0.00    -0.01   0.020  151
   178.81    46.10   181.69     0.03     0.00    -0.01   0.021  152
   177.83    45.12   182.71     0.03     0.00    -0.01   0.020  153
   178.81    45.12   182.71     0.03     0.00    -0.01   0.020  154
   178.81    44.14   181.69     0.03     0.00    -0.01   0.021  155
   178.81    44.14   181.69     0.03     0.00    -0.01   0.020  156
   178.81    44.14   181.69     0.03     0.00    -0.01   0.021  157
   178.81    44.14   180.68     0.03     0.00    -0.01   0.020  158
   178.81    44.14   181.69     0.03     0.00    -0.01   0.021  159
   178.81    44.14   181.69     0.03     0.00    -0.01   0.020  160
   178.81    44.14   182.71     0.03     0.00    -0.01   0.021  161
   178.81    44.14   181.69     0.03     0.00    -0.01   0.020  162
   177.83    45.12   182.71     0.03     0.00    -0.01   0.021  163
   177.83    44.14   182.71     0.03     0.00    -0.01   0.020  164
   179.79    44.14   182.71     0.03     0.00    -0.01   0.021  165
   178.81    44.14   181.69     0.03     0.00    -0.01   0.020  166
   178.81    43.16   179.66     0.03     0.00    -0.01   0.021  167
   178.81    43.16   182.71     0.03     0.00    -0.01   0.020  168
   178.81    45.12   182.71     0.03     0.00    -0.01   0.021  169
   178.81    44.14   183.73     0.03     0.00    -0.01   0.020  170
   178.81    45.12   181.69     0.03     0.00    -0.01   0.021  171
   178.81    44.14   181.69     0.03     0.00    -0.01   0.020  172
   179.79    45.12   179.66     0.03     0.00    -0.01   0.021  173
   178.81    44.14   180.68     0.03     0.00    -0.01   0.020  174
   179.79    44.14   181.69     0.03     0.00    -0.01   0.021  175
   178.81    44.14   181.69     0.03     0.00    -0.01   0.020  176
   178.81    44.14   180.68     0.03     0.00    -0.01   0.021  177
   176.85    44.14   179.66     0.03     0.00    -0.01   0.020  178
   178.81    44.14   181.69     0.03     0.00    -0.01   0.020  179
   178.81    44.14   182.71     0.03     0.00    -0.01   0.021  180
   178.81    44.14   180.68     0.03     0.00    -0.01   0.020  181
   179.79    44.14   182.71     0.03     0.00    -0.01   0.021  182
   179.79    43.16   181.69     0.03    -0.00    -0.01   0.020  183
   178.81    44.14   181.69     0.03     0.00    -0.01   0.021  184
   177.83    45.12   182.71     0.03     0.00    -0.01   0.020  185
   178.81    45.12   182.71     0.03     0.00    -0.01   0.021  186
   177.83    44.14   181.69     0.03     0.00    -0.01   0.020  187
   179.79    44.14   181.69     0.03     0.00    -0.01   0.021  188
   178.81    45.12   183.73     0.03     0.00    -0.01   0.020  189
   178.81    44.14   182.71     0.03     0.00    -0.01   0.021  190
   177.83    45.12   182.71     0.03    -0.00    -0.01   0.020  191
   179.79    44.14   182.71     0.03     0.00    -0.01   0.021  192
   179.79    44.14   182.71     0.03     0.00    -0.01   0.020  193
   178.81    44.14   181.69     0.03     0.00    -0.01   0.021  194
