   255.93   0.020  174
   256.00   0.021  175
   254.92   0.020  176
   256.08   0.021  177
   254.05   0.020  178
   257.01   0.020  179
   254.95   0.021  180
   258.07   0.020  181
   255.96   0.021  182
   255.96   0.020  183
   256.00   0.021  184
   254.99   0.020  185
   256.08   0.021  186
   256.00   0.020  187
   256.08   0.021  188
   257.05   0.020  189
   251.91   0.021  190
   256.98   0.020  191
   255.96   0.021  192
   255.96   0.020  193
   257.92   0.021  194
   254.70   0.020  195
   255.96   0.021  196
   257.09   0.020  197
   256.00   0.021  198
   257.06   0.020  199
   256.00   0.021  200
   256.00   0.020  201
   254.99   0.021  202
   254.99   0.020  203
   255.07   0.020  204
   256.04   0.021  205
   256.86   0.020  206
   252.85   0.021  207
   256.00   0.020  208
   256.04   0.021  209
   257.01   0.020  210
   255.96   0.021  211
   254.91   0.020  212
   254.95   0.021  213
   257.01   0.020  214
   254.95   0.021  215
   254.95   0.020  216
   257.01   0.021  217
   254.91   0.020  218
   256.00   0.021  219
   255.96   0.020  220
   254.91   0.021  221
   257.05   0.020  222
   254.99   0.021  223
   257.01   0.020  224
   254.76   0.021  225
   257.01   0.020  226
   256.94   0.021  227
   254.95   0.020  228
   255.89   0.020  229
   256.04   0.021  230
   254.99   0.020  231
   256.00   0.021  232
   256.90   0.020  233
   256.00   0.021  234
   255.96   0.020  235
   255.96   0.021  236
   254.87   0.020  237
   255.03   0.021  238
   253.97   0.020  239
   254.91   0.021  240
   255.81   0.020  241
   254.87   0.021  242
   256.00   0.020  243
   256.00   0.021  244
   255.89   0.020  245
   254.99   0.021  246
   255.03   0.020  247
   254.99   0.021  248
   254.99   0.020  249
   255.96   0.021  250
   256.00   0.020  251
   256.90   0.021  252
   257.14   0.020  253
   255.89   0.020  254
   254.99   0.021  255
   256.94   0.020    0
   255.96   0.021    1
   254.91   0.020    2
   256.00   0.021    3
   255.96   0.020    4
   254.95   0.021    5
   255.96   0.020    6
   254.99   0.021    7
   256.00   0.020    8
   255.89   0.021    9
   253.89   0.020   10
   254.95   0.021   11
   254.91   0.020   12
   256.94   0.021   13
   254.91   0.020   14
   254.99   0.021   15
   254.99   0.020   16
   254.87   0.021   17
   256.08   0.020   18
   254.91   0.021   19
   255.92   0.020   20
   256.00   0.021   21
   254.95   0.020   22
   253.75   0.020   23
   254.97   0.021   24
   254.09   0.020   25
   257.02   0.021   26
   256.00   0.020   27
   258.11   0.021   28
   256.95   0.020   29
   262.99   0.021   30
   265.06   0.020   31
   256.60   0.021   32
   254.32   0.020   33
   250.33   0.021   34
   251.38   0.020   35
   255.15   0.021   36
   266.07   0.020   37
   265.94   0.021   38
   259.29   0.020   39
   250.23   0.021   40
   252.70   0.020   41
   247.70   0.021   42
   252.50   0.020   43
   255.33   0.021   44
   264.42   0.020   45
   267.65   0.021   46
   240.52   0.020   47
   214.57   0.020   48
   237.34   0.021   49
   332.03   0.020   50
   416.89   0.021   51
   505.47   0.020   52
   432.99   0.021   53
   427.91   0.020   54
   457.82   0.021   55
   452.91   0.020   56
   385.79   0.021   57
   340.83   0.020   58
   325.48   0.021   59
   302.73   0.020   60
   232.30   0.021   61
   406.11   0.020   62
   451.88   0.021   63
   287.60   0.020   64
   321.14   0.021   65
   332.47   0.020   66
   342.85   0.021   67
   419.43   0.020   68
   403.86   0.021   69
   435.70   0.020   70
   490.00   0.021   71
   342.95   0.020   72
   522.42   0.020   73
   664.74   0.021   74
   567.95   0.020   75
   558.54   0.021   76
   309.41   0.020   77
   322.71   0.021   78
   459.63   0.020   79
   359.08   0.021   80
   393.09   0.020   81
   296.00   0.021   82
   270.76   0.020   83
   264.38   0.021   84
   258.82   0.020   85
   259.74   0.021   86
   256.66   0.020   87
   256.61   0.021   88
   252.39   0.020   89
   252.53   0.021   90
   256.54   0.020   91
   250.18   0.021   92
   252.24   0.020   93
   251.30   0.021   94
   245.15   0.020   95
   249.20   0.021   96
   255.89   0.020   97
   254.27   0.020   98
   261.12   0.021   99
   251.30   0.020  100
   256.08   0.021  101
   253.15   0.020  102
   271.67   0.021  103
   310.12   0.020  104
   365.26   0.021  105
   550.62   0.020  106
   379.11   0.021  107
   739.48   0.020  108
   591.24   0.021  109
   555.42   0.020  110
   474.83   0.021  111
   448.86   0.020  112
   484.45   0.021  113
   382.78   0.020  114
   301.77   0.021  115
   284.74   0.020  116
   270.03   0.021  117
   264.77   0.020  118
   363.26   0.021  119
   454.25   0.020  120
   432.03   0.021  121
   546.17   0.020  122
   576.08   0.020  123
   635.21   0.021  124
   748.14   0.020  125
   579.04   0.021  126
   694.61   0.020  127
   577.66   0.021  128
   551.20   0.020  129
   749.28   0.021  130
   638.53   0.020  131
   760.88   0.021  132
   856.73   0.020  133
   507.49   0.021  134
   369.34   0.020  135
   313.21   0.021  136
   277.69   0.020  137
   278.38   0.021  138
   263.80   0.020  139
   269.22   0.021  140
   251.89   0.020  141
   247.48   0.021  142
   250.08   0.020  143
   255.66   0.021  144
   257.59   0.020  145
   256.86   0.021  146
   245.47   0.020  147
   250.19   0.020  148
   255.55   0.021  149
   254.00   0.020  150
   248.66   0.021  151
   251.55   0.020  152
   247.51   0.021  153
   256.79   0.020  154
   248.03   0.021  155
   261.20   0.020  156
   264.12   0.021  157
   265.12   0.020  158
   289.97   0.021  159
   374.12   0.020  160
   542.74   0.021  161
   484.19   0.020  162
   695.02   0.021  163
   542.96   0.020  164
   664.98   0.021  165
   553.08   0.020  166
   336.23   0.021  167
   253.28   0.020  168
   238.74   0.021  169
   311.64   0.020  170
   364.56   0.021  171
   345.43   0.020  172
   349.18   0.020  173
   384.75   0.021  174
   426.06   0.020  175
   496.72   0.021  176
   553.08   0.020  177
   581.38   0.021  178
   679.82   0.020  179
   674.00   0.021  180
   577.08   0.020  181
   598.82   0.021  182
   517.64   0.020  183
   467.55   0.021  184
   711.99   0.020  185
   585.63   0.021  186
   678.93   0.020  187
   670.43   0.021  188
   450.32   0.020  189
   434.33   0.021  190
   336.47   0.020  191
   289.42   0.021  192
   268.52   0.020  193
   260.69   0.021  194
   262.43   0.020  195
   258.01   0.021  196
   255.86   0.020  197
   253.00   0.020  198
   256.14   0.021  199
   252.80   0.020  200
   252.57   0.021  201
   254.36   0.020  202
   252.69   0.021  203
   250.02   0.020  204
   254.77   0.021  205
   246.84   0.020  206
   253.59   0.021  207
   248.21   0.020  208
   251.10   0.021  209
   253.05   0.020  210
   263.13   0.021  211
   267.30   0.020  212
   299.85   0.021  213
   391.57   0.020  214
   550.92   0.021  215
   386.70   0.020  216
   723.57   0.021  217
   574.83   0.020  218
   567.72   0.021  219
   677.56   0.020  220
   500.07   0.021  221
   351.05   0.020  222
   361.23   0.020  223
   302.41   0.021  224
   263.59   0.020  225
   287.84   0.021  226
   351.18   0.020  227
   334.21   0.021  228
   405.72   0.020  229
   546.27   0.021  230
   575.36   0.020  231
   621.35   0.021  232
   658.24   0.020  233
   627.76   0.021  234
   603.51   0.020  235
   628.70   0.021  236
   517.56   0.020  237
   397.28   0.021  238
   580.43   0.020  239
   546.09   0.021  240
   628.39   0.020  241
   785.23   0.021  242
   437.72   0.020  243
   442.23   0.021  244
   292.79   0.020  245
   277.24   0.021  246
   264.01   0.020  247
   260.36   0.020  248
   261.94   0.021  249
   256.93   0.020  250
   251.63   0.021  251
   248.74   0.020  252
   253.39   0.021  253
   251.91   0.020  254
   252.85   0.021  255
   253.12   0.020    0
   254.21   0.021    1
   255.19   0.020    2
   245.86   0.021    3
   252.09   0.020    4
   249.52   0.021    5
   253.28   0.020    6
   255.44   0.021    7
   263.32   0.020    8
   266.25   0.021    9
   302.73   0.020   10
   384.36   0.021   11
   553.30   0.020   12
   571.88   0.021   13
   726.90   0.020   14
   592.95   0.021   15
   650.44   0.020   16
   428.30   0.020   17
   303.37   0.021   18
   237.03   0.020   19
   249.20   0.021   20
   274.49   0.020   21
   260.42   0.021   22
   327.36   0.020   23
   397.02   0.021   24
   377.36   0.020   25
   384.81   0.021   26
   333.64   0.020   27
   513.48   0.021   28
   607.36   0.020   29
   662.66   0.021   30
   630.87   0.020   31
   582.76   0.021   32
   613.32   0.020   33
   550.36   0.021   34
   558.16   0.020   35
   553.37   0.021   36
   766.13   0.020   37
   687.11   0.021   38
   480.85   0.021   40
   476.12   0.020   41
   303.00   0.020   42
   275.21   0.021   43
   260.23   0.020   44
   253.10   0.021   45
   260.21   0.020   46
   259.95   0.021   47
   257.98   0.020   48
   252.78   0.021   49
   252.53   0.020   50
   254.35   0.021   51
   254.87   0.020   52
   250.70   0.020   54
   250.71   0.021   55
   246.73   0.020   56
   251.10   0.021   57
   255.33   0.020   58
   252.25   0.021   59
   253.95   0.021   61
   262.38   0.020   62
   273.68   0.021   63
   315.33   0.020   64
   545.49   0.021   65
   625.43   0.020   66
   678.80   0.021   68
   637.89   0.020   69
   620.39   0.021   70
   403.15   0.020   71
   311.37   0.021   72
   276.18   0.020   73
   285.78   0.020   75
   276.98   0.021   76
   302.08   0.020   77
   340.79   0.021   78
   369.43   0.020   79
   463.93   0.021   80
   569.39   0.021   82
   628.60   0.020   83
   711.29   0.021   84
   619.49   0.020   85
   619.47   0.021   86
   555.35   0.020   87
   602.01   0.020   89
   753.68   0.021   90
   747.91   0.020   91
   574.80   0.020   92
   607.78   0.021   93
   416.74   0.020   94
   288.79   0.020   96
   271.06   0.021   97
   265.05   0.020   98
   263.05   0.021   99
   257.97   0.020  100
   247.86   0.021  101
   255.61   0.021  103
   254.36   0.020  104
   257.29   0.021  105
   251.34   0.020  106
   251.48   0.021  107
   256.20   0.020  108
   250.22   0.020  110
   257.33   0.021  111
   250.64   0.020  112
   242.98   0.021  113
   255.28   0.020  114
   263.58   0.021  115
   287.41   0.020  117
   350.11   0.021  118
   577.29   0.020  119
   569.00   0.021  120
   574.10   0.020  121
   550.60   0.021  122
   642.44   0.021  124
   443.26   0.020  125
   355.65   0.021  126
   298.25   0.020  127
   260.62   0.021  128
   289.18   0.020  129
   344.83   0.020  131
   432.04   0.021  132
   465.29   0.020  133
   480.62   0.021  134
   527.82   0.020  135
   584.86   0.021  136
   698.20   0.021  138
   641.49   0.020  139
   651.28   0.021  140
   535.14   0.020  141
   367.15   0.020  142
   842.28   0.021  143
   773.31   0.021  145
   570.51   0.020  146
   505.52   0.021  147
   378.52   0.020  148
   310.64   0.021  149
   291.37   0.020  150
   280.06   0.020  152
   271.32   0.021  153
   266.74   0.020  154
   256.20   0.021  155
   253.45   0.020  156
   257.44   0.021  157
   256.15   0.021  159
   250.68   0.020  160
   251.72   0.021  161
   251.80   0.020  162
   251.97   0.021  163
   248.79   0.020  164
   254.54   0.020  166
   248.32   0.020  167
   247.31   0.021  168
   256.31   0.020  169
   267.10   0.021  170
   289.22   0.020  171
   575.46   0.020  173
   445.44   0.021  174
   641.78   0.020  175
   541.54   0.021  176
   667.44   0.020  177
   608.71   0.021  178
   418.07   0.020  179
   382.34   0.021  180
   376.90   0.020  181
   313.24   0.021  182
   283.56   0.020  183
   315.37   0.021  184
   309.48   0.020  185
   449.09   0.020  187
   450.00   0.021  188
   565.25   0.020  189
   634.05   0.021  190
   676.35   0.020  191
   645.17   0.020  192
   587.97   0.020  194
   525.56   0.021  195
   527.34   0.020  196
   661.05   0.021  197
   740.03   0.020  198
   630.80   0.021  199
   488.03   0.021  201
   393.12   0.020  202
   312.09   0.021  203
   301.50   0.020  204
   272.87   0.021  205
   266.02   0.020  206
   262.20   0.020  208
   260.33   0.021  209
   253.73   0.020  210
   257.10   0.021  211
   256.08   0.020  212
   251.57   0.021  213
   253.56   0.021  215
   250.64   0.020  216
   250.94   0.020  217
   251.99   0.021  218
   253.12   0.020  219
   256.14   0.021  220
   251.61   0.020  221
   249.22   0.021  222
   256.05   0.020  223
   264.44   0.021  224
   284.35   0.020  225
   345.60   0.021  226
   517.60   0.020  227
   689.28   0.020  229
   544.61   0.021  230
   686.43   0.020  231
   592.31   0.021  232
   383.10   0.020  233
   296.12   0.021  234
   246.52   0.020  235
   283.46   0.021  236
   321.71   0.020  237
   345.78   0.021  238
   393.37   0.020  239
   390.55   0.021  240
   426.07   0.020  241
   581.66   0.021  243
   649.66   0.020  244
   615.63   0.021  245
   584.90   0.020  246
   586.56   0.021  247
   529.52   0.020  248
   516.73   0.021  249
   573.16   0.020  250
   710.86   0.021  251
   668.55   0.020  252
   522.55   0.021  253
   555.08   0.020  254
   401.36   0.021  255
   435.50   0.020    0
   314.93   0.021    1
   276.74   0.020    2
   261.14   0.021    3
   258.06   0.020    4
   258.95   0.021    5
   254.74   0.020    6
   251.71   0.021    7
   252.03   0.020    8
   255.44   0.021    9
   255.20   0.020   10
   252.85   0.020   11
   253.83   0.021   12
   254.93   0.020   13
   253.93   0.021   14
   248.83   0.020   15
   248.43   0.021   16
   255.01   0.020   17
   252.35   0.021   18
   245.85   0.020   19
   252.92   0.021   20
   256.99   0.020   21
   266.19   0.021   22
   280.31   0.020   23
   342.98   0.021   24
   562.31   0.020   25
   522.12   0.021   26
   507.84   0.020   27
   542.25   0.021   28
   675.11   0.020   29
   633.07   0.021   30
   380.15   0.020   31
   304.17   0.021   32
   273.25   0.020   33
   289.09   0.021   34
   302.17   0.020   35
   315.67   0.020   36
   307.42   0.021   37
   337.78   0.020   38
   441.46   0.021   39
   433.59   0.020   40
   563.33   0.021   41
   618.10   0.020   42
   571.89   0.021   43
   601.91   0.020   44
   627.77   0.021   45
   566.38   0.020   46
   522.62   0.021   47
   365.72   0.020   48
   593.32   0.021   49
   737.37   0.020   50
   750.04   0.021   51
   422.30   0.020   52
   430.20   0.021   53
   349.11   0.020   54
   520.13   0.021   55
   335.00   0.020   56
   281.42   0.021   57
   267.98   0.020   58
   259.03   0.021   59
   257.52   0.020   60
   254.06   0.020   61
   253.77   0.021   62
   251.07   0.020   63
   255.73   0.021   64
   254.90   0.020   65
   252.73   0.021   66
   252.99   0.020   67
   252.20   0.021   68
   251.90   0.020   69
   253.04   0.021   70
   252.26   0.020   71
   252.07   0.021   72
   253.64   0.020   73
   248.67   0.021   74
   257.94   0.020   75
   266.62   0.021   76
   309.52   0.020   77
   362.56   0.021   78
   564.71   0.020   79
   561.87   0.021   80
   595.88   0.020   81
   563.12   0.021   82
   607.34   0.020   83
   590.88   0.021   84
   374.26   0.020   85
   289.49   0.020   86
   320.04   0.021   87
   304.56   0.020   88
   292.43   0.021   89
   286.19   0.020   90
   332.43   0.021   91
   300.42   0.020   92
   432.91   0.021   93
   552.18   0.020   94
   567.34   0.021   95
   553.73   0.020   96
   539.87   0.021   97
   598.42   0.020   98
   603.62   0.021   99
   599.85   0.020  100
   539.79   0.021  101
   506.10   0.020  102
   133.23   0.021  103
   600.05   0.020  104
   848.98   0.021  105
   568.42   0.020  106
   701.61   0.021  107
   439.96   0.020  108
   415.21   0.021  109
   360.84   0.020  110
   284.91   0.020  111
   270.59   0.021  112
   264.48   0.020  113
   261.46   0.021  114
   255.72   0.020  115
   250.75   0.021  116
   252.15   0.020  117
   254.05   0.021  118
   253.83   0.020  119
   254.84   0.021  120
   254.07   0.020  121
   255.07   0.021  122
   253.88   0.020  123
   253.03   0.021  124
   251.34   0.020  125
   250.45   0.021  126
   250.86   0.020  127
   244.00   0.021  128
   250.60   0.020  129
   253.27   0.021  130
   269.21   0.020  131
   293.98   0.021  132
   414.32   0.020  133
   579.18   0.021  134
   635.23   0.020  135
   569.79   0.020  136
   580.95   0.021  137
   655.63   0.020  138
   577.93   0.021  139
   434.97   0.020  140
   304.91   0.021  141
   289.61   0.020  142
   343.80   0.021  143
   367.05   0.020  144
   338.41   0.021  145
   328.53   0.020  146
   307.79   0.021  147
   384.29   0.020  148
   533.77   0.021  149
   576.03   0.020  150
   601.49   0.021  151
   664.14   0.020  152
   590.19   0.021  153
   596.41   0.020  154
   576.32   0.021  155
   529.89   0.020  156
   483.51   0.021  157
   397.97   0.020  158
   646.72   0.021  159
   564.60   0.020  160
   676.78   0.020  161
   391.91   0.021  162
   389.94   0.020  163
   304.82   0.021  164
   278.91   0.020  165
   264.17   0.021  166
   260.09   0.020  167
   257.74   0.021  168
   260.48   0.020  169
   254.40   0.021  170
   250.24   0.020  171
   256.70   0.021  172
   254.37   0.020  173
   256.48   0.021  174
   256.71   0.020  175
   252.43   0.021  176
   251.96   0.020  177
   252.24   0.021  178
   248.86   0.020  179
   252.52   0.021  180
   248.83   0.020  181
   241.13   0.021  182
   255.08   0.020  183
   256.34   0.021  184
   262.00   0.020  185
   282.55   0.020  186
   322.35   0.021  187
   514.19   0.020  188
   436.59   0.021  189
   535.02   0.020  190
   546.58   0.021  191
   668.52   0.020  192
   568.19   0.021  193
   506.85   0.020  194
   339.44   0.021  195
   300.94   0.020  196
   325.80   0.021  197
   350.04   0.020  198
   366.25   0.021  199
   330.40   0.020  200
   318.00   0.021  201
   398.99   0.020  202
   430.96   0.021  203
   564.92   0.020  204
   594.01   0.021  205
   606.25   0.020  206
   619.62   0.021  207
   627.40   0.020  208
   572.18   0.021  209
   575.56   0.020  210
   521.11   0.020  211
   288.92   0.021  212
   475.13   0.020  213
   790.89   0.021  214
   587.29   0.020  215
   540.88   0.021  216
   407.51   0.020  217
   401.36   0.021  218
   370.62   0.020  219
   291.35   0.021  220
   270.20   0.020  221
   265.05   0.021  222
   259.31   0.020  223
   258.57   0.021  224
   251.97   0.020  225
   250.40   0.021  226
   251.56   0.020  227
   257.57   0.021  228
   254.39   0.020  229
   250.31   0.021  230
   252.94   0.020  231
   254.24   0.021  232
   248.24   0.020  233
   247.56   0.021  234
   253.45   0.020  235
   253.03   0.020  236
   247.79   0.021  237
   255.54   0.020  238
   258.97   0.021  239
   262.78   0.020  240
   277.18   0.021  241
   283.73   0.020  242
   455.71   0.021  243
   550.00   0.020  244
   518.81   0.021  245
   742.33   0.020  246
   594.93   0.021  247
   582.28   0.020  248
   456.59   0.021  249
   338.90   0.020  250
   293.54   0.021  251
   288.94   0.020  252
   318.32   0.021  253
   338.33   0.020  254
   332.61   0.021  255
   368.27   0.020    0
   396.64   0.021    1
   426.93   0.020    2
   507.28   0.021    3
   570.89   0.020    4
   625.67   0.020    5
   643.43   0.021    6
   595.66   0.020    7
   605.36   0.021    8
   550.90   0.020    9
   555.58   0.021   10
   481.14   0.020   11
   597.80   0.021   12
   746.86   0.020   13
   732.92   0.021   14
   520.17   0.020   15
   593.10   0.021   16
   416.73   0.020   17
   432.41   0.021   18
   294.90   0.020   19
   276.82   0.021   20
   256.99   0.020   21
   264.09   0.021   22
   265.64   0.020   23
   263.65   0.021   24
   249.07   0.020   25
   245.42   0.021   26
   248.98   0.020   27
   251.63   0.021   28
   249.36   0.020   29
   250.62   0.020   30
   253.60   0.021   31
   254.52   0.020   32
   251.23   0.021   33
   251.88   0.020   34
   248.44   0.021   35
   254.10   0.020   36
   247.34   0.021   37
   250.34   0.020   38
   262.83   0.021   39
   263.77   0.020   40
   307.43   0.021   41
   331.94   0.020   42
   562.09   0.021   43
   626.21   0.020   44
   408.59   0.021   45
   566.10   0.020   46
   656.30   0.021   47
   398.37   0.020   48
   343.92   0.021   49
   249.59   0.020   50
   240.60   0.021   51
   263.72   0.020   52
   249.04   0.021   53
   279.77   0.020   54
   356.27   0.020   55
   325.43   0.021   56
   288.04   0.020   57
   435.62   0.021   58
   539.00   0.020   59
   567.44   0.021   60
   614.15   0.020   61
   645.01   0.021   62
   588.27   0.020   63
   608.41   0.021   64
   567.02   0.020   65
   535.87   0.021   66
   210.20   0.020   67
   667.87   0.021   68
   722.89   0.020   69
   597.54   0.021   70
   671.25   0.020   71
   413.61   0.021   72
   438.97   0.020   73
   332.06   0.021   74
   272.41   0.020   75
   264.58   0.021   76
   262.06   0.020   77
   262.01   0.021   78
   257.53   0.020   79
   255.44   0.020   80
   252.74   0.021   81
   253.81   0.020   82
   254.66   0.021   83
   252.35   0.020   84
   250.29   0.021   85
   254.66   0.020   86
   251.55   0.021   87
   252.48   0.020   88
   255.95   0.021   89
   250.82   0.020   90
   249.99   0.021   91
   246.31   0.020   92
   251.34   0.021   93
   262.75   0.020   94
   268.81   0.021   95
   311.71   0.020   96
   539.88   0.021   97
   549.90   0.020   98
   553.96   0.021   99
   330.55   0.020  100
   704.99   0.021  101
   585.73   0.020  102
   491.90   0.021  103
   427.39   0.020  104
   285.76   0.020  105
   242.36   0.021  106
   310.09   0.020  107
   359.97   0.021  108
   317.86   0.020  109
   315.25   0.021  110
   343.31   0.020  111
   345.41   0.021  112
   491.69   0.020  113
   576.67   0.021  114
   587.05   0.020  115
   582.82   0.021  116
   625.61   0.020  117
   579.98   0.020  119
   543.04   0.021  120
   515.67   0.020  121
   264.99   0.021  122
   502.35   0.020  123
   787.80   0.021  124
   574.71   0.020  125
   707.02   0.021  126
   401.14   0.020  127
   429.99   0.021  128
   340.74   0.020  129
   272.99   0.020  130
   266.01   0.021  131
   261.66   0.020  132
   255.55   0.021  133
   261.37   0.020  134
   259.33   0.021  135
   254.04   0.020  136
   251.15   0.021  137
   252.01   0.020  138
   251.74   0.020  140
   252.22   0.021  141
   250.24   0.020  142
   253.10   0.021  143
   253.85   0.020  144
   252.61   0.021  145
   255.92   0.021  147
   250.29   0.020  148
   258.80   0.021  149
   268.48   0.020  150
   309.05   0.021  151
   354.74   0.020  152
   508.01   0.020  154
   429.05   0.020  155
   635.19   0.021  156
   635.67   0.020  157
   464.82   0.021  158
   386.71   0.020  159
   266.47   0.020  161
   289.38   0.021  162
   329.84   0.020  163
   343.73   0.021  164
   339.10   0.020  165
   381.86   0.021  166
   473.93   0.021  168
   573.09   0.020  169
   616.68   0.021  170
   681.69   0.020  171
   597.15   0.021  172
   565.33   0.020  173
   526.68   0.020  175
   504.17   0.021  176
   168.22   0.020  177
   597.68   0.021  178
   702.11   0.020  179
   572.03   0.020  180
   424.54   0.020  182
   377.38   0.021  183
   311.95   0.020  184
   323.50   0.021  185
   264.19   0.020  186
   268.17   0.021  187
   261.56   0.021  189
   245.42   0.020  190
   243.31   0.021  191
   247.69   0.020  192
   251.25   0.021  193
   249.56   0.020  194
   256.62   0.020  196
   254.70   0.021  197
   249.91   0.020  198
   242.33   0.021  199
   241.22   0.020  200
   254.23   0.021  201
   253.75   0.021  203
   245.49   0.020  204
   259.00   0.020  205
   264.47   0.021  206
   274.04   0.020  207
   300.53   0.021  208
   561.00   0.021  210
   528.12   0.020  211
   822.27   0.021  212
   606.05   0.020  213
   580.20   0.021  214
   471.08   0.020  215
   288.67   0.021  216
   213.70   0.020  217
   267.71   0.021  218
   340.72   0.020  219
   353.64   0.021  220
   384.28   0.020  221
   374.95   0.021  222
   496.72   0.021  224
   577.08   0.020  225
   601.39   0.021  226
   619.90   0.020  227
   623.47   0.021  228
   529.09   0.020  229
   547.39   0.020  230
   524.64   0.021  231
   566.48   0.020  232
   533.19   0.021  233
   670.16   0.020  234
   647.34   0.021  235
   558.22   0.020  236
   373.27   0.020  238
   396.57   0.021  239
   283.89   0.020  240
   266.78   0.021  241
   259.27   0.020  242
   262.01   0.021  243
   259.51   0.021  245
   254.63   0.020  246
   253.83   0.021  247
   253.23   0.020  248
   254.87   0.021  249
   253.71   0.020  250
   252.82   0.021  251
   250.76   0.020  252
   249.76   0.021  253
   251.89   0.020  254
   250.00   0.020  255
   252.26   0.021    0
   254.26   0.020    1
   255.66   0.021    2
   245.59   0.020    3
   257.45   0.021    4
   271.27   0.020    5
   321.45   0.021    6
   369.72   0.020    7
   565.64   0.021    8
   482.34   0.020    9
   560.30   0.021   10
   585.52   0.020   11
   607.58   0.021   12
   452.11   0.020   13
   348.80   0.021   14
   279.34   0.020   15
   262.90   0.021   16
   306.28   0.020   17
   368.35   0.021   18
   381.58   0.020   19
   357.27   0.021   20
   346.08   0.020   21
   467.88   0.021   22
   518.60   0.020   23
   549.55   0.020   24
   596.25   0.021   25
   578.03   0.020   26
   596.85   0.021   27
   579.82   0.020   28
   529.93   0.021   29
   537.46   0.020   30
   571.11   0.021   31
   711.45   0.020   32
   792.24   0.021   33
   600.45   0.020   34
   569.24   0.021   35
   436.49   0.020   36
   366.11   0.020   38
   283.32   0.021   39
   265.68   0.020   40
   255.19   0.021   41
   257.16   0.020   42
   258.44   0.021   43
   257.17   0.020   44
   255.62   0.021   45
   253.83   0.020   46
   255.40   0.021   47
   255.12   0.020   48
   254.24   0.020   49
   253.23   0.021   50
   253.45   0.020   51
   251.07   0.021   52
   254.20   0.020   53
   250.34   0.021   54
   247.15   0.020   55
   249.92   0.021   56
   249.95   0.020   57
   250.92   0.021   58
   257.43   0.020   59
   263.21   0.021   60
   287.02   0.020   61
   310.18   0.021   62
   463.36   0.020   63
   539.11   0.021   64
   517.67   0.020   65
   665.09   0.021   66
   591.85   0.020   67
   444.83   0.021   68
   407.71   0.020   69
   412.90   0.021   70
   347.51   0.020   71
   327.65   0.021   72
   349.40   0.020   73
   332.42   0.020   74
   323.99   0.021   75
   397.88   0.020   76
   403.26   0.021   77
   420.21   0.020   78
   569.42   0.021   79
   582.88   0.020   80
   633.38   0.021   81
   722.23   0.020   82
   551.86   0.021   83
   583.06   0.020   84
   526.11   0.021   85
   503.24   0.020   86
   119.33   0.021   87
   685.77   0.020   88
   756.42   0.021   89
   707.00   0.020   90
   448.98   0.021   91
   573.93   0.020   92
   359.02   0.021   93
   309.37   0.020   94
   316.51   0.021   95
   298.91   0.020   96
   270.35   0.021   97
   272.92   0.020   98
   263.36   0.020   99
   259.00   0.021  100
   253.82   0.020  101
   256.08   0.021  102
   253.86   0.020  103
   253.03   0.021  104
   252.63   0.020  105
   251.56   0.021  106
   251.56   0.020  107
   250.20   0.021  108
   252.22   0.020  109
   253.33   0.021  110
   253.97   0.020  111
   253.27   0.021  112
   249.08   0.020  113
   250.63   0.021  114
   261.24   0.020  115
   266.90   0.021  116
   309.96   0.020  117
   310.57   0.021  118
   428.62   0.020  119
   618.17   0.021  120
   406.74   0.020  121
   753.08   0.021  122
   615.27   0.020  123
   392.47   0.020  124
   453.26   0.021  125
   348.37   0.020  126
   250.10   0.021  127
   275.87   0.020  128
   342.12   0.021  129
   368.25   0.020  130
   372.16   0.021  131
   414.71   0.020  132
   436.57   0.021  133
   556.41   0.020  134
   588.39   0.021  135
   611.85   0.020  136
   707.85   0.021  137
   556.34   0.020  138
   586.51   0.021  139
   535.29   0.020  140
   515.17   0.021  141
    60.56   0.020  142
   605.16   0.021  143
   730.92   0.020  144
   657.24   0.021  145
   864.51   0.020  146
   484.62   0.021  147
   360.94   0.020  148
   315.00   0.020  149
   275.05   0.021  150
   264.26   0.020  151
   261.88   0.021  152
   270.97   0.020  153
   261.32   0.021  154
   257.08   0.020  155
   243.77   0.021  156
   246.74   0.020  157
   254.42   0.021  158
   254.61   0.020  159
   256.74   0.021  160
   250.39   0.020  161
   251.47   0.021  162
   253.76   0.020  163
   253.36   0.021  164
   250.61   0.020  165
   261.94   0.021  166
   247.06   0.020  167
   248.98   0.021  168
   260.78   0.020  169
   261.23   0.021  170
   262.50   0.020  171
   287.86   0.021  172
   306.41   0.020  173
   441.95   0.020  174
   565.90   0.021  175
   296.18   0.020  176
   737.48   0.021  177
   620.41   0.020  178
   443.00   0.021  179
   388.45   0.020  180
   307.01   0.021  181
   282.70   0.020  182
   289.69   0.021  183
   313.50   0.020  184
   344.88   0.021  185
   372.98   0.020  186
   332.40   0.021  187
   311.09   0.020  188
   438.17   0.021  189
   525.27   0.020  190
   541.57   0.021  191
   612.18   0.020  192
   691.84   0.021  193
   600.28   0.020  194
   577.66   0.021  195
   600.46   0.020  196
   562.65   0.021  197
   561.09   0.020  198
   539.00   0.020  199
   568.42   0.021  200
   589.05   0.020  201
   644.82   0.021  202
   406.08   0.020  203
   451.83   0.021  204
   305.98   0.020  205
   270.90   0.021  206
   259.11   0.020  207
   258.48   0.021  208
   259.53   0.020  209
   257.43   0.021  210
   250.82   0.020  211
   250.51   0.021  212
   248.28   0.020  213
   243.36   0.021  214
   247.70   0.020  215
   251.83   0.021  216
   253.76   0.020  217
   260.63   0.021  218
   255.44   0.020  219
   248.43   0.021  220
   244.32   0.020  221
   252.18   0.021  222
   254.46   0.020  223
   255.01   0.020  224
   253.86   0.021  225
   246.54   0.020  226
   257.07   0.021  227
   262.96   0.020  228
   272.15   0.021  229
   304.82   0.020  230
   491.98   0.021  231
   469.79   0.020  232
   401.87   0.021  233
   689.19   0.020  234
   596.11   0.021  235
   478.53   0.020  236
   520.00   0.021  237
   441.07   0.020  238
   308.28   0.021  239
   293.57   0.020  240
   350.99   0.021  241
   395.87   0.020  242
   410.59   0.021  243
   342.20   0.020  244
   454.84   0.021  245
   585.99   0.020  246
   588.41   0.021  247
   617.89   0.020  248
   681.56   0.020  249
   566.52   0.021  250
   566.81   0.020  251
   532.76   0.021  252
   544.91   0.020  253
   566.77   0.021  254
   443.26   0.020  255
   697.22   0.021    0
   555.00   0.020    1
   653.85   0.021    2
   415.20   0.020    3
   386.99   0.021    4
   327.39   0.020    5
   292.62   0.021    6
   274.66   0.020    7
   264.52   0.021    8
   263.60   0.020    9
   255.01   0.021   10
   254.58   0.020   11
   254.69   0.021   12
   253.97   0.020   13
   253.90   0.021   14
   255.96   0.020   15
   252.79   0.021   16
   251.95   0.020   17
   253.01   0.020   18
   255.71   0.021   19
   252.54   0.020   20
   248.80   0.021   21
   248.43   0.020   22
   249.25   0.021   23
   249.54   0.020   24
   258.17   0.021   25
   261.72   0.020   26
   260.37   0.021   27
   268.62   0.020   28
   272.58   0.021   29
   539.33   0.020   30
   556.27   0.021   31
   560.75   0.020   32
   524.36   0.021   33
   616.24   0.020   34
   599.47   0.021   35
   353.85   0.020   36
   380.74   0.021   37
   303.98   0.020   38
   243.61   0.021   39
   321.53   0.020   40
   391.26   0.021   41
   382.38   0.020   42
   387.65   0.020   43
   410.76   0.021   44
   394.28   0.020   45
   446.16   0.021   46
   496.91   0.020   47
   601.26   0.021   48
   680.51   0.020   49
   670.13   0.021   50
   543.18   0.020   51
   551.82   0.021   52
   557.26   0.020   53
   505.05   0.021   54
   129.91   0.020   55
   546.27   0.021   56
   683.50   0.020   57
   619.28   0.021   58
   543.27   0.020   59
   357.13   0.021   60
   431.59   0.020   61
   299.37   0.021   62
   273.69   0.020   63
   276.36   0.021   64
   278.08   0.020   65
   270.83   0.021   66
   255.66   0.020   67
   245.17   0.020   68
   245.42   0.021   69
   251.22   0.020   70
   249.87   0.021   71
   248.23   0.020   72
   243.24   0.021   73
   256.73   0.020   74
   262.67   0.021   75
   257.21   0.020   76
   250.27   0.021   77
   248.43   0.021   79
   254.13   0.020   80
   245.00   0.021   81
   256.54   0.020   82
   259.93   0.021   83
   263.00   0.020   84
   318.73   0.021   85
   444.61   0.020   86
   538.53   0.021   87
   640.68   0.020   88
   452.20   0.021   89
   689.68   0.020   90
   624.55   0.021   91
   336.32   0.020   93
   253.44   0.021   94
   241.08   0.020   95
   273.57   0.021   96
   284.03   0.020   97
   315.90   0.021   98
   389.62   0.020   99
   388.89   0.021  100
   412.42   0.020  101
   438.13   0.021  102
   436.27   0.020  103
   530.45   0.021  104
   667.53   0.020  105
   578.86   0.020  107
   619.04   0.021  108
   498.51   0.020  109
   210.63   0.021  110
   500.56   0.020  111
   662.90   0.021  112
   614.66   0.021  114
   377.66   0.020  115
   389.92   0.021  116
   353.36   0.020  117
   288.25   0.020  118
   266.46   0.021  119
   260.21   0.020  120
   259.84   0.021  121
   255.14   0.020  122
   256.00   0.021  123
   256.13   0.020  124
   251.25   0.021  125
   250.59   0.020  126
   255.83   0.020  128
   254.85   0.021  129
   249.07   0.020  130
   245.83   0.021  131
   254.50   0.020  132
   252.15   0.021  133
   253.71   0.021  135
   237.59   0.020  136
   248.79   0.021  137
   255.55   0.020  138
   264.66   0.021  139
   333.31   0.020  140
   548.15   0.020  142
   449.81   0.020  143
   687.47   0.021  144
   584.52   0.020  145
   491.79   0.021  146
   420.08   0.020  147
   274.48   0.020  149
   248.08   0.021  150
   290.00   0.020  151
   329.33   0.021  152
   358.53   0.020  153
   404.11   0.021  154
   471.16   0.021  156
   524.82   0.020  157
   583.13   0.021  158
   638.46   0.020  159
   662.82   0.021  160
   570.13   0.020  161
   604.84   0.021  162
   525.36   0.020  163
   520.14   0.021  164
   217.32   0.020  165
   558.25   0.021  166
   750.04   0.020  167
   589.57   0.020  168
   418.63   0.020  170
   422.31   0.021  171
   381.67   0.020  172
   293.87   0.021  173
   266.66   0.020  174
   255.07   0.021  175
   259.28   0.021  177
   255.71   0.020  178
   254.11   0.021  179
   254.04   0.020  180
   254.39   0.021  181
   253.17   0.020  182
   252.78   0.020  184
   252.22   0.021  185
   249.96   0.020  186
   246.03   0.021  187
   251.20   0.020  188
   258.54   0.021  189
   248.51   0.021  191
   248.74   0.020  192
   257.27   0.020  193
   266.72   0.021  194
   304.76   0.020  195
   394.88   0.021  196
   612.78   0.021  198
   593.82   0.020  199
   667.18   0.021  200
   600.69   0.020  201
   476.99   0.021  202
   325.58   0.020  203
   281.38   0.021  204
   239.63   0.020  205
   288.90   0.021  206
   306.90   0.020  207
   276.38   0.021  208
   304.54   0.020  209
   410.50   0.021  210
   459.64   0.021  212
   493.94   0.020  213
   568.25   0.021  214
   598.86   0.020  215
   679.33   0.021  216
   636.07   0.020  217
   538.56   0.020  218
   590.77   0.021  219
   505.87   0.020  220
   330.78   0.021  221
   539.02   0.020  222
   720.71   0.021  223
   563.29   0.020  224
   438.45   0.020  226
   434.14   0.021  227
   331.68   0.020  228
   281.56   0.021  229
   262.78   0.020  230
   253.93   0.021  231
   258.63   0.020  232
   257.65   0.021  233
   248.84   0.020  234
   248.63   0.021  235
   256.08   0.020  236
   249.39   0.021  237
   245.34   0.020  238
   250.30   0.021  239
   255.07   0.020  240
   257.10   0.021  241
   253.86   0.020  242
   253.06   0.020  243
   251.28   0.021  244
   252.04   0.020  245
   251.31   0.021  246
   246.25   0.020  247
   247.70   0.021  248
   261.18   0.020  249
   266.90   0.021  250
   321.75   0.020  251
   309.68   0.021  252
   615.54   0.021  254
   526.90   0.020  255
   657.82   0.021    0
   600.41   0.020    1
   410.06   0.021    2
   351.50   0.020    3
   345.14   0.021    4
   284.88   0.020    5
   261.60   0.021    6
   332.11   0.020    7
   354.45   0.021    8
   327.22   0.020    9
   342.08   0.021   10
   376.98   0.020   11
   502.13   0.020   12
   579.85   0.021   13
   601.13   0.020   14
   651.78   0.021   15
   622.08   0.020   16
   570.70   0.021   17
   572.09   0.020   18
   545.01   0.021   19
   379.01   0.020   20
   533.25   0.021   21
   798.35   0.020   22
   579.75   0.021   23
   519.15   0.020   24
   371.78   0.021   25
   380.90   0.020   26
   380.50   0.021   27
   298.97   0.020   28
   271.70   0.021   29
   258.58   0.020   30
   262.52   0.021   31
   257.21   0.020   32
   258.99   0.021   33
   253.28   0.020   34
   245.83   0.021   35
   248.64   0.020   36
   250.45   0.020   37
   255.26   0.021   38
   251.05   0.020   39
   248.15   0.021   40
   246.61   0.020   41
   245.49   0.021   42
   252.47   0.020   43
   252.29   0.021   44
   262.04   0.020   45
   253.94   0.021   46
   244.22   0.020   47
   254.17   0.021   48
   262.83   0.020   49
   269.27   0.021   50
   297.60   0.020   51
   411.05   0.021   52
   580.04   0.020   53
   629.22   0.021   54
   737.68   0.020   55
   575.17   0.021   56
   502.64   0.020   57
   370.97   0.021   58
   298.08   0.020   59
   276.05   0.021   60
   276.39   0.020   61
   276.98   0.020   62
   297.34   0.021   63
   348.62   0.020   64
   434.05   0.021   65
   409.09   0.020   66
   415.97   0.021   67
   544.37   0.020   68
   590.08   0.021   69
   677.41   0.020   70
   738.93   0.021   71
   561.40   0.020   72
   622.26   0.021   73
   585.48   0.020   74
   532.26   0.021   75
   634.00   0.020   76
   757.53   0.021   77
   694.39   0.020   78
   518.70   0.021   79
   433.01   0.020   80
   430.49   0.021   81
   387.74   0.020   82
   292.45   0.021   83
   266.87   0.020   84
   258.11   0.021   85
   254.94   0.020   86
   259.41   0.020   87
   253.79   0.021   88
   249.69   0.020   89
   251.63   0.021   90
   253.89   0.020   91
   255.40   0.021   92
   251.96   0.020   93
   250.54   0.021   94
   253.93   0.020   95
   252.15   0.021   96
   253.09   0.020   97
   253.30   0.021   98
   252.02   0.020   99
   248.36   0.021  100
   252.31   0.020  101
   249.66   0.021  102
   257.68   0.020  103
   263.25   0.021  104
   317.41   0.020  105
   384.20   0.021  106
   536.32   0.020  107
   516.29   0.021  108
   509.97   0.020  109
   617.98   0.021  110
   625.32   0.020  111
   433.97   0.020  112
   343.94   0.021  113
   243.59   0.020  114
   212.37   0.021  115
   241.22   0.020  116
   383.16   0.021  117
   354.53   0.020  118
   345.81   0.021  119
   402.82   0.020  120
   424.87   0.021  121
   449.82   0.020  122
   564.86   0.021  123
   588.36   0.020  124
   661.01   0.021  125
   683.96   0.020  126
   568.23   0.021  127
   579.45   0.020  128
   554.86   0.021  129
   522.23   0.020  130
   395.50   0.021  131
   706.59   0.020  132
   788.23   0.021  133
   585.39   0.020  134
   466.30   0.021  135
   566.56   0.020  136
   417.21   0.020  137
   382.89   0.021  138
   308.94   0.020  139
   286.80   0.021  140
   259.93   0.020  141
   261.44   0.021  142
   262.15   0.020  143
   257.95   0.021  144
   253.62   0.020  145
   251.56   0.021  146
   253.23   0.020  147
   255.88   0.021  148
   255.50   0.020  149
   251.55   0.021  150
   250.88   0.020  151
   252.38   0.021  152
   251.23   0.020  153
   250.31   0.021  154
   255.48   0.020  155
   254.84   0.021  156
   246.38   0.020  157
   252.91   0.021  158
   263.29   0.020  159
   280.83   0.021  160
   370.65   0.020  161
   558.00   0.020  162
   629.48   0.021  163
   592.93   0.020  164
   552.89   0.021  165
   626.66   0.020  166
   474.18   0.021  167
   336.74   0.020  168
   282.60   0.021  169
   228.81   0.020  170
   239.21   0.021  171
   324.64   0.020  172
   362.48   0.021  173
   369.64   0.020  174
   413.51   0.021  175
   421.87   0.020  176
   422.22   0.021  177
   479.25   0.020  178
   549.12   0.021  179
   572.21   0.020  180
   715.39   0.021  181
   643.06   0.020  182
   585.03   0.021  183
   536.48   0.020  184
   549.77   0.021  185
   353.91   0.020  186
   171.80   0.020  187
   736.87   0.021  188
   561.53   0.020  189
   344.94   0.021  190
   504.55   0.020  191
   420.05   0.021  192
   401.56   0.020  193
   300.42   0.021  194
   272.79   0.020  195
   263.10   0.021  196
   260.01   0.020  197
   254.67   0.021  198
   253.98   0.020  199
   249.73   0.021  200
   249.80   0.020  201
   253.98   0.021  202
   263.60   0.020  203
   250.59   0.021  204
   248.51   0.020  205
   250.79   0.021  206
   252.05   0.020  207
   250.18   0.021  208
   254.43   0.020  209
   257.78   0.021  210
   250.54   0.020  211
   249.53   0.020  212
   256.30   0.021  213
   262.91   0.020  214
   290.00   0.021  215
   401.46   0.020  216
   567.93   0.021  217
   685.11   0.020  218
   548.74   0.021  219
   585.50   0.020  220
   633.52   0.021  221
   398.93   0.020  222
   296.57   0.021  223
   281.20   0.020  224
   251.27   0.021  225
   255.54   0.020  226
   301.56   0.021  227
   339.69   0.020  228
   421.34   0.021  229
   431.35   0.020  230
   426.89   0.021  231
   480.65   0.020  232
   546.18   0.021  233
   585.08   0.020  234
   633.79   0.021  235
   689.07   0.020  236
   565.93   0.020  237
   552.98   0.021  238
   573.12   0.020  239
   470.02   0.021  240
   583.79   0.020  241
   756.86   0.021  242
   646.45   0.020  243
   469.59   0.021  244
   485.19   0.020  245
   553.49   0.021  246
   370.17   0.020  247
   283.72   0.021  248
   266.97   0.020  249
   253.14   0.021  250
   253.30   0.020  251
   255.26   0.021  252
   257.30   0.020  253
   256.07   0.021  254
   251.32   0.020  255
   253.23   0.021    0
   255.00   0.020    1
   256.00   0.021    2
   252.99   0.020    3
   252.28   0.021    4
   253.31   0.020    5
   249.13   0.020    6
   249.29   0.021    7
   255.50   0.020    8
   252.59   0.021    9
   249.93   0.020   10
   249.71   0.021   11
   262.87   0.020   12
   269.33   0.021   13
   287.57   0.020   14
   294.63   0.021   15
   577.71   0.020   16
   663.65   0.021   17
   737.37   0.020   18
   591.94   0.021   19
   510.58   0.020   20
   388.07   0.021   21
   290.15   0.020   22
   253.78   0.021   23
   262.14   0.021   25
   333.74   0.020   26
   371.46   0.021   27
   405.06   0.020   28
   420.11   0.021   29
   419.23   0.020   30
   456.79   0.020   31
   572.49   0.021   32
   653.03   0.020   33
   739.19   0.021   34
   564.98   0.020   35
   684.14   0.021   36
   551.56   0.020   37
   315.04   0.020   39
   716.59   0.021   40
   746.34   0.020   41
   597.85   0.021   42
   348.08   0.020   43
   490.58   0.021   44
   451.81   0.020   45
   378.34   0.021   46
   289.15   0.020   47
   270.52   0.021   48
   267.08   0.020   49
   265.33   0.021   50
   261.44   0.020   51
   258.04   0.021   52
   253.12   0.020   53
   247.65   0.021   54
   249.36   0.020   55
   252.07   0.020   56
   253.04   0.021   57
   253.92   0.020   58
   244.56   0.020   60
   250.40   0.021   61
   251.28   0.020   62
   253.70   0.021   63
   251.66   0.020   64
   248.67   0.021   65
   256.74   0.020   66
   266.38   0.021   67
   297.14   0.020   68
   342.43   0.021   69
   540.45   0.020   70
   569.24   0.021   71
   575.79   0.020   72
   566.67   0.020   74
   419.90   0.021   75
   330.83   0.020   76
   286.81   0.021   77
   281.52   0.020   78
   260.38   0.021   79
   306.16   0.020   81
   296.41   0.021   82
   338.97   0.020   83
   427.30   0.021   84
   446.17   0.020   85
   469.97   0.021   86
   611.56   0.021   88
   686.92   0.020   89
   623.20   0.021   90
   627.83   0.020   91
   563.20   0.021   92
   578.48   0.020   93
   600.73   0.021   94
   542.76   0.020   95
   572.97   0.021   96
   556.22   0.020   97
   625.31   0.021   98
   565.85   0.020   99
   365.16   0.021  100
   268.27   0.021  102
   265.99   0.020  103
   258.18   0.021  104
   256.48   0.020  105
   256.20   0.020  106
   255.24   0.021  107
   252.44   0.021  109
   253.06   0.020  110
   253.97   0.021  111
   252.85   0.020  112
   251.00   0.021  113
   252.08   0.020  114
   252.84   0.020  116
   248.14   0.021  117
   249.29   0.020  118
   242.83   0.021  119
   249.54   0.020  120
   253.60   0.021  121
   328.64   0.021  123
   292.97   0.020  124
   620.66   0.021  125
   739.96   0.020  126
   490.31   0.021  127
   546.10   0.020  128
   439.93   0.020  130
   297.67   0.020  131
   230.84   0.021  132
   203.44   0.020  133
   225.36   0.021  134
   308.68   0.020  135
   363.29   0.020  137
   388.54   0.021  138
   450.62   0.021  140
   493.53   0.020  141
   566.02   0.021  142
   662.94   0.021  144
   561.76   0.020  145
   614.10   0.021  146
   545.41   0.020  147
   564.83   0.021  148
   264.33   0.020  149
   678.92   0.020  151
   593.41   0.021  152
   477.64   0.020  153
   540.77   0.021  154
   378.16   0.020  155
   283.12   0.020  156
   266.29   0.021  157
   255.58   0.020  158
   254.66   0.021  159
   257.95   0.020  160
   257.35   0.021  161
   252.33   0.020  162
   244.05   0.021  163
   250.47   0.020  164
   251.19   0.021  165
   252.07   0.020  166
   256.90   0.021  167
   256.03   0.020  168
   254.01   0.021  169
   248.20   0.020  170
   252.15   0.020  172
   252.00   0.021  173
   253.59   0.020  174
   241.25   0.021  175
   251.67   0.020  176
   252.52   0.021  177
   331.65   0.021  179
   415.28   0.020  180
   584.13   0.020  181
   746.39   0.021  182
   415.05   0.020  183
   546.54   0.021  184
   593.53   0.020  185
   434.10   0.021  186
   319.02   0.020  187
   290.78   0.021  188
   233.60   0.020  189
   236.55   0.021  190
   316.25   0.020  191
   379.59   0.021  192
   377.31   0.020  193
   427.76   0.021  194
   445.09   0.020  195
   464.88   0.021  196
   533.04   0.020  197
   607.78   0.021  198
   708.71   0.020  199
   567.25   0.021  200
   616.20   0.020  201
   560.37   0.021  202
   571.12   0.020  203
   521.12   0.021  204
   322.75   0.020  205
   612.60   0.020  206
   568.99   0.021  207
   645.87   0.020  208
   474.85   0.021  209
   440.85   0.020  210
   335.13   0.021  211
   284.84   0.020  212
   265.07   0.021  213
   258.88   0.020  214
   259.77   0.021  215
   262.41   0.020  216
   259.24   0.021  217
   252.37   0.020  218
   249.34   0.021  219
   250.08   0.020  220
   249.11   0.021  221
   252.77   0.020  222
   256.69   0.021  223
   255.86   0.020  224
   250.35   0.021  225
   245.05   0.020  226
   245.69   0.021  227
   258.32   0.020  228
   255.95   0.021  229
   254.62   0.020  230
   241.52   0.020  231
   248.29   0.021  232
   257.33   0.020  233
   265.97   0.021  234
   351.77   0.020  235
   533.49   0.021  236
   569.17   0.020  237
   605.23   0.021  238
   738.17   0.020  239
   597.32   0.021  240
   537.81   0.020  241
   398.07   0.021  242
   334.36   0.020  243
   295.70   0.021  244
   241.36   0.020  245
   272.46   0.021  246
   355.26   0.020  247
   412.34   0.021  248
   425.68   0.020  249
   413.56   0.021  250
   445.77   0.020  251
   537.63   0.021  252
   613.10   0.020  253
   714.63   0.021  254
   612.63   0.020  255
   589.67   0.020    0
   587.10   0.021    1
   540.03   0.020    2
   524.81   0.021    3
   449.61   0.020    4
   495.86   0.021    5
   616.32   0.020    6
   679.08   0.021    7
   411.34   0.020    8
   400.76   0.021    9
   323.32   0.020   10
   284.05   0.021   11
   263.10   0.020   12
   253.46   0.021   13
   258.89   0.020   14
   260.15   0.021   15
   256.29   0.020   16
   254.10   0.021   17
   253.15   0.020   18
   252.33   0.021   19
   252.43   0.020   20
   253.00   0.021   21
   253.86   0.020   22
   253.83   0.021   23
   254.83   0.020   24
   253.75   0.020   25
   249.26   0.021   26
   249.16   0.020   27
   253.41   0.021   28
   253.69   0.020   29
   252.79   0.021   30
   252.03   0.020   31
   261.39   0.021   32
   314.48   0.020   33
   377.30   0.021   34
   543.67   0.020   35
   741.92   0.021   36
   371.39   0.020   37
   545.92   0.021   38
   627.86   0.020   39
   474.66   0.021   40
   351.87   0.020   41
   293.32   0.021   42
   236.93   0.020   43
   227.80   0.021   44
   283.35   0.020   45
   361.44   0.021   46
   385.88   0.020   47
   377.40   0.021   48
   459.57   0.020   49
   490.63   0.020   50
   501.18   0.021   51
   592.23   0.020   52
   680.41   0.021   53
   604.08   0.020   54
   595.24   0.021   55
   543.95   0.020   56
   556.64   0.021   57
   561.29   0.020   58
   205.33   0.021   59
   418.06   0.020   60
   656.12   0.021   61
   560.90   0.020   62
   663.07   0.021   63
   475.78   0.020   64
   495.61   0.021   65
   313.78   0.020   66
   281.49   0.021   67
   263.49   0.020   68
   253.98   0.021   69
   256.94   0.020   70
   253.10   0.021   71
   256.20   0.020   72
   252.89   0.021   73
   254.92   0.020   74
   251.37   0.020   75
   249.23   0.021   76
   251.98   0.020   77
   253.59   0.021   78
   255.82   0.020   79
   254.36   0.021   80
   244.71   0.020   81
   250.08   0.021   82
   248.63   0.020   83
   258.12   0.021   84
   249.78   0.020   85
   252.16   0.021   86
   252.52   0.020   87
   264.82   0.021   88
   311.94   0.020   89
   381.05   0.021   90
   576.82   0.020   91
   663.61   0.021   92
   654.49   0.020   93
   608.59   0.021   94
   530.63   0.020   95
   424.14   0.021   96
   317.35   0.020   97
   301.93   0.021   98
   283.45   0.020   99
   274.92   0.020  100
   279.19   0.021  101
   290.25   0.020  102
   322.54   0.021  103
   428.50   0.020  104
   441.50   0.021  105
   458.27   0.020  106
   486.53   0.021  107
   561.06   0.020  108
   610.00   0.021  109
   710.11   0.020  110
   646.88   0.021  111
   591.34   0.020  112
   588.93   0.021  113
   523.67   0.020  114
   183.20   0.021  115
   645.09   0.020  116
   699.78   0.021  117
   565.41   0.020  118
   606.95   0.021  119
   402.63   0.020  120
   442.48   0.021  121
   325.74   0.020  122
   285.09   0.021  123
   263.66   0.020  124
   264.15   0.020  125
   260.53   0.021  126
   258.67   0.020  127
   251.97   0.021  128
   250.07   0.020  129
   249.72   0.021  130
   246.90   0.020  131
   250.50   0.021  132
   255.44   0.020  133
   255.08   0.021  134
   252.78   0.020  135
   247.67   0.021  136
   249.75   0.020  137
   262.12   0.021  138
   255.40   0.020  139
   246.48   0.021  140
   242.10   0.020  141
   251.52   0.021  142
   254.20   0.020  143
   262.37   0.021  144
   266.39   0.020  145
   280.61   0.021  146
   351.69   0.020  147
   557.19   0.021  148
   669.25   0.020  149
   740.83   0.020  150
   605.31   0.021  151
   481.50   0.020  152
   370.55   0.021  153
   273.06   0.020  154
   226.08   0.021  155
   233.42   0.020  156
   263.01   0.021  157
   327.44   0.020  158
   359.94   0.021  159
   356.61   0.020  160
   340.00   0.021  161
   398.78   0.020  162
   554.58   0.021  163
   563.69   0.020  164
   588.62   0.021  165
   602.82   0.020  166
   591.97   0.021  167
   557.39   0.020  168
   541.04   0.021  169
   505.70   0.020  170
   428.78   0.021  171
   405.60   0.020  172
   753.45   0.021  173
   617.78   0.020  174
   460.50   0.020  175
   653.35   0.021  176
   550.82   0.020  177
   531.64   0.021  178
   312.54   0.020  179
   275.70   0.021  180
   259.11   0.020  181
   251.90   0.021  182
   256.12   0.020  183
   259.68   0.021  184
   249.92   0.020  185
   252.13   0.021  186
   254.94   0.020  187
   252.15   0.021  188
   253.12   0.020  189
   255.20   0.021  190
   256.18   0.020  191
   251.52   0.021  192
   248.10   0.020  193
   248.52   0.021  194
   248.49   0.020  195
   255.11   0.021  196
   252.52   0.020  197
   255.91   0.021  198
   240.90   0.020  199
   254.18   0.020  200
   256.14   0.021  201
   265.94   0.020  202
   334.43   0.021  203
   284.39   0.020  204
   748.93   0.021  205
   379.47   0.020  206
   548.72   0.021  207
   555.59   0.020  208
   367.58   0.021  209
   276.17   0.020  210
   301.74   0.021  211
   273.74   0.020  212
   264.99   0.021  213
   331.43   0.020  214
   358.44   0.021  215
   309.45   0.020  216
   328.15   0.021  217
   478.59   0.020  218
   538.50   0.021  219
   517.81   0.020  220
   622.64   0.021  221
   692.17   0.020  222
   552.05   0.021  223
   595.36   0.020  224
   515.57   0.020  225
   595.32   0.021  226
   254.47   0.020  227
   633.54   0.021  228
   629.62   0.020  229
   586.97   0.021  230
   471.38   0.020  231
   488.05   0.021  232
   289.60   0.021  234
   268.49   0.020  235
   255.24   0.021  236
   258.22   0.020  237
   261.39   0.021  238
   257.08   0.020  239
   254.27   0.021  240
   253.26   0.020  241
   250.71   0.021  242
   251.01   0.020  243
   253.30   0.021  244
   252.16   0.020  245
   252.49   0.021  246
   251.38   0.020  247
   257.10   0.021  248
   253.17   0.020  249
   253.09   0.020  250
   250.77   0.021  251
   252.03   0.020  252
   251.23   0.021  253
   256.31   0.021  255
   256.23   0.020    0
   252.46   0.021    1
   250.27   0.020    2
   246.57   0.021    3
   259.35   0.020    4
   268.53   0.021    5
   329.61   0.020    6
   410.20   0.021    7
   561.61   0.020    8
   371.37   0.021    9
   648.60   0.020   10
   422.29   0.021   11
   229.25   0.021   13
   178.64   0.020   14
   190.53   0.021   15
   169.65   0.020   16
   185.59   0.021   17
   207.11   0.020   18
   320.01   0.021   20
   443.12   0.020   21
   473.92   0.021   22
   480.01   0.020   23
   454.48   0.021   24
   515.63   0.020   25
   549.46   0.020   27
   470.39   0.021   28
   520.02   0.020   29
   363.71   0.021   30
   516.28   0.020   31
   336.08   0.021   32
   262.90   0.021   34
   256.92   0.020   35
   252.37   0.021   36
   253.35   0.020   37
   253.90   0.021   38
   257.75   0.020   39
   255.92   0.020   41
   255.92   0.021   42
   256.01   0.020   43
   254.05   0.020   44
   255.85   0.021   45
   255.00   0.020   46
   253.90   0.020   48
   254.81   0.021   49
   253.94   0.020   50
   252.74   0.021   51
   252.67   0.020   52
   254.80   0.021   53
   254.73   0.021   55
   256.86   0.020   56
   256.94   0.021   57
   253.65   0.020   58
   252.86   0.021   59
   254.84   0.020   60
   252.78   0.020   62
   254.81   0.021   63
   255.83   0.020   64
