   260.85   0.021   26
   258.82   0.020   27
   259.78   0.021   28
   256.21   0.020   29
   258.72   0.021   30
   255.37   0.020   31
   260.85   0.021   32
   257.81   0.020   33
   260.07   0.021   34
   259.73   0.020   35
   267.05   0.021   36
   259.68   0.020   37
   261.86   0.020   38
   260.96   0.021   39
   258.82   0.020   40
   259.89   0.021   41
   257.75   0.020   42
   256.79   0.021   43
   257.75   0.020   44
   258.76   0.021   45
   258.82   0.020   46
   258.77   0.021   47
   260.96   0.020   48
   259.83   0.021   49
   258.82   0.020   50
   257.86   0.021   51
   258.82   0.020   52
   260.85   0.021   53
   259.83   0.020   54
   257.86   0.021   55
   259.83   0.020   56
   259.78   0.021   57
   257.65   0.020   58
   258.87   0.021   59
   260.90   0.020   60
   257.60   0.021   61
   258.77   0.020   62
   257.81   0.020   63
   259.81   0.021   64
   261.05   0.020   65
   258.74   0.021   66
   259.90   0.020   67
   256.81   0.021   68
   260.90   0.020   69
   260.85   0.021   70
   259.84   0.020   71
   259.79   0.021   72
   258.74   0.020   73
   258.57   0.021   74
   258.76   0.020   75
   257.80   0.021   76
   260.90   0.020   77
   258.78   0.021   78
   255.63   0.020   79
   259.83   0.021   80
   258.72   0.020   81
   259.78   0.021   82
   257.86   0.020   83
   258.66   0.021   84
   256.54   0.020   85
   258.82   0.021   86
   258.03   0.020   87
   258.76   0.020   88
   260.91   0.021   89
   256.69   0.020   90
   260.90   0.021   91
   264.00   0.020   92
   258.87   0.021   93
   262.99   0.020   94
   258.76   0.021   95
   259.78   0.020   96
   258.82   0.021   97
   259.78   0.020   98
   260.90   0.021   99
   260.85   0.020  100
   263.04   0.021  101
   258.82   0.020  102
   259.83   0.021  103
   260.85   0.020  104
   258.87   0.021  105
   255.42   0.020  106
   259.88   0.021  107
   256.73   0.020  108
   260.00   0.021  109
   256.73   0.020  110
   262.21   0.021  111
   257.91   0.020  112
   260.90   0.020  113
   260.00   0.021  114
   255.83   0.020  115
   258.93   0.021  116
   258.87   0.020  117
   258.82   0.021  118
   256.79   0.020  119
   257.86   0.021  120
   259.73   0.020  121
   259.89   0.021  122
   258.93   0.020  123
   254.24   0.021  124
   257.75   0.020  125
   257.80   0.021  126
   257.86   0.020  127
   257.86   0.021  128
   256.73   0.020  129
   258.87   0.021  130
   258.76   0.020  131
   257.80   0.021  132
   258.93   0.020  133
   258.93   0.021  134
   258.87   0.020  135
   258.93   0.021  136
   257.86   0.020  137
   257.86   0.020  138
   256.86   0.021  139
   256.84   0.020  140
   260.03   0.021  141
   258.88   0.020  142
   254.80   0.021  143
   257.70   0.020  144
   259.73   0.021  145
   259.83   0.020  146
   257.65   0.021  147
   259.83   0.020  148
   258.68   0.021  149
   258.78   0.020  150
   251.99   0.020  152
   257.95   0.021  153
   256.73   0.020  154
   258.72   0.021  155
   257.74   0.020  156
   261.91   0.021  157
   262.09   0.020  158
   261.88   0.021  159
   261.63   0.020  160
   242.25   0.021  161
   263.55   0.020  162
   337.03   0.020  163
   614.80   0.021  164
   440.44   0.020  165
   483.24   0.021  166
   533.95   0.020  167
   507.94   0.021  168
   478.43   0.020  169
   407.92   0.021  170
   327.45   0.020  171
   295.08   0.021  172
   290.91   0.020  173
   244.08   0.021  174
   251.20   0.020  175
   299.85   0.021  176
   349.08   0.020  177
   323.05   0.021  178
   299.23   0.020  179
   319.92   0.021  180
   368.17   0.020  181
   435.80   0.021  182
   400.96   0.020  183
   406.90   0.021  184
   443.36   0.020  185
   188.55   0.021  186
   540.09   0.020  187
  1028.64   0.020  188
   757.42   0.021  189
   352.31   0.020  190
   709.59   0.021  191
   448.52   0.020  192
   350.25   0.021  193
   363.43   0.020  194
   289.19   0.021  195
   272.88   0.020  196
   273.07   0.021  197
   258.54   0.020  198
   254.30   0.021  199
   253.38   0.020  200
   258.31   0.021  201
   257.56   0.020  202
   243.14   0.021  203
   240.67   0.020  204
   244.36   0.021  205
   256.33   0.020  206
   249.39   0.021  207
   233.72   0.020  208
   242.84   0.021  209
   258.47   0.020  210
   252.28   0.021  211
   264.19   0.020  212
   257.29   0.020  213
   248.36   0.021  214
   257.93   0.020  215
   263.06   0.021  216
   258.04   0.020  217
   247.48   0.021  218
   257.35   0.020  219
   278.22   0.021  220
   322.76   0.020  221
   396.82   0.021  222
   645.71   0.020  223
  1245.25   0.021  224
   654.63   0.020  225
   654.55   0.021  226
   553.54   0.020  227
   497.30   0.021  228
   433.83   0.020  229
   369.49   0.021  230
   341.42   0.020  231
   303.71   0.021  232
   386.44   0.020  233
   415.28   0.021  234
   354.68   0.020  235
   397.12   0.021  236
   426.94   0.020  237
   458.95   0.020  238
   674.73   0.021  239
   879.43   0.020  240
   779.74   0.021  241
   668.34   0.020  242
   816.65   0.021  243
   843.88   0.020  244
   710.24   0.021  245
   483.14   0.020  246
   365.09   0.021  247
  1458.34   0.020  248
  1186.09   0.021  249
   607.63   0.020  250
   669.60   0.021  251
   450.46   0.020  252
   382.88   0.021  253
   298.99   0.020  254
   333.76   0.021  255
   282.74   0.020    0
   269.41   0.021    1
   263.24   0.020    2
   261.11   0.021    3
   253.20   0.020    4
   243.58   0.021    5
   252.13   0.020    6
   247.74   0.020    7
   246.14   0.021    8
   254.05   0.020    9
   263.25   0.021   10
   252.17   0.020   11
   250.73   0.021   12
   264.68   0.020   13
   254.07   0.021   14
   253.36   0.020   15
   257.04   0.021   16
   251.77   0.020   17
   251.36   0.021   18
   264.09   0.020   19
   267.95   0.021   20
   353.57   0.020   21
   493.90   0.021   22
   870.77   0.020   23
  1269.14   0.021   24
   781.75   0.020   25
   681.39   0.021   26
   576.35   0.020   27
   437.44   0.021   28
   364.11   0.020   29
   306.45   0.021   30
   270.42   0.020   31
   262.40   0.020   32
   324.09   0.021   33
   417.97   0.020   34
   451.17   0.021   35
   441.38   0.020   36
   443.36   0.021   37
   418.57   0.020   38
   582.74   0.021   39
   770.72   0.020   40
   756.47   0.021   41
   691.42   0.020   42
   821.31   0.021   43
   920.95   0.020   44
   723.14   0.021   45
   659.93   0.020   46
   325.52   0.021   47
   569.36   0.020   48
  1309.47   0.021   49
   875.85   0.020   50
   479.73   0.021   51
   312.10   0.020   52
   283.09   0.021   53
   334.65   0.020   54
   292.29   0.021   55
   280.57   0.020   56
   270.16   0.020   57
   264.39   0.021   58
   256.66   0.020   59
   258.57   0.021   60
   255.28   0.020   61
   261.40   0.021   62
   251.30   0.020   63
   251.69   0.021   64
   255.72   0.020   65
   258.69   0.021   66
   256.28   0.020   67
   246.48   0.021   68
   252.91   0.020   69
   255.21   0.021   70
   256.10   0.020   71
   252.11   0.021   72
   252.31   0.020   73
   259.50   0.021   74
   266.54   0.020   75
   298.43   0.021   76
   625.81   0.020   77
   703.34   0.021   78
  1304.46   0.020   79
   667.97   0.021   80
   580.64   0.020   81
   587.26   0.020   82
   465.42   0.021   83
   418.39   0.020   84
   360.61   0.021   85
   319.33   0.020   86
   310.28   0.021   87
   331.92   0.020   88
   359.94   0.021   89
   394.37   0.020   90
   429.17   0.021   91
   490.76   0.020   92
   504.00   0.021   93
   647.80   0.020   94
   723.99   0.021   95
   684.32   0.020   96
   696.28   0.021   97
   830.70   0.020   98
   791.96   0.021   99
   682.19   0.020  100
   524.03   0.021  101
   439.05   0.020  102
  1249.72   0.021  103
   805.53   0.020  104
   760.99   0.021  105
   535.84   0.020  106
   483.29   0.020  107
   310.68   0.021  108
   292.76   0.020  109
   277.63   0.021  110
   263.41   0.020  111
   268.23   0.021  112
   267.31   0.020  113
   260.75   0.021  114
   256.97   0.020  115
   257.91   0.021  116
   235.13   0.020  117
   250.74   0.021  118
   254.31   0.020  119
   260.43   0.021  120
   238.49   0.020  121
   248.12   0.021  122
   249.37   0.020  123
   263.94   0.021  124
   260.58   0.020  125
   247.90   0.021  126
   252.70   0.020  127
   261.28   0.021  128
   266.83   0.020  129
   333.04   0.021  130
   449.21   0.020  131
   752.86   0.020  132
   870.34   0.021  133
   646.33   0.020  134
   531.26   0.021  135
   509.06   0.020  136
   497.78   0.021  137
   494.89   0.020  138
   439.00   0.021  139
   334.76   0.020  140
   281.60   0.021  141
   314.30   0.020  142
   325.92   0.021  143
   330.46   0.020  144
   366.05   0.021  145
   394.42   0.020  146
   425.30   0.021  147
   600.20   0.020  148
   722.93   0.021  149
   695.20   0.020  150
   708.49   0.021  151
   744.06   0.020  152
   838.08   0.021  153
   789.67   0.020  154
   686.27   0.021  155
   227.11   0.020  156
   758.09   0.020  157
  1203.85   0.021  158
   804.54   0.020  159
   520.89   0.021  160
   446.13   0.020  161
   475.62   0.021  162
   385.92   0.020  163
   291.48   0.021  164
   273.98   0.020  165
   261.49   0.021  166
   258.54   0.020  167
   257.75   0.021  168
   251.82   0.020  169
   255.44   0.021  170
   255.59   0.020  171
   248.97   0.021  172
   248.06   0.020  173
   251.26   0.021  174
   251.13   0.020  175
   250.34   0.021  176
   253.07   0.020  177
   251.62   0.021  178
   251.51   0.020  179
   254.81   0.021  180
   254.47   0.020  181
   249.02   0.020  182
   257.13   0.021  183
   252.37   0.020  184
   273.67   0.021  185
   345.91   0.020  186
   425.26   0.021  187
   725.35   0.020  188
  1128.70   0.021  189
   622.15   0.020  190
   536.07   0.021  191
   416.48   0.020  192
   380.59   0.021  193
   350.49   0.020  194
   325.47   0.021  195
   334.18   0.020  196
   383.63   0.021  197
   376.44   0.020  198
   354.41   0.021  199
   440.20   0.020  200
   491.58   0.021  201
   444.35   0.020  202
   489.58   0.021  203
   637.93   0.020  204
   709.45   0.021  205
   724.74   0.020  206
   728.28   0.020  207
   851.54   0.021  208
   814.97   0.020  209
   626.36   0.021  210
   733.64   0.020  211
  1537.71   0.021  212
  1058.03   0.020  213
   487.27   0.021  214
   582.23   0.020  215
   448.87   0.021  216
   371.33   0.020  217
   419.86   0.021  218
   292.69   0.020  219
   269.25   0.021  220
   273.43   0.020  221
   263.24   0.021  222
   256.22   0.020  223
   250.52   0.021  224
   249.96   0.020  225
   251.12   0.021  226
   242.12   0.020  227
   234.32   0.021  228
   247.42   0.020  229
   254.40   0.021  230
   254.18   0.020  231
   262.13   0.020  232
   254.41   0.021  233
   251.40   0.020  234
   253.50   0.021  235
   260.34   0.020  236
   253.04   0.021  237
   257.04   0.020  238
   257.08   0.021  239
   270.07   0.020  240
   298.62   0.021  241
   374.63   0.020  242
   710.51   0.021  243
   793.43   0.020  244
   608.78   0.021  245
   533.45   0.020  246
   476.04   0.021  247
   424.87   0.020  248
   450.14   0.021  249
   398.75   0.020  250
   347.76   0.021  251
   330.93   0.020  252
   340.64   0.021  253
   367.69   0.020  254
   389.37   0.021  255
   346.98   0.020    0
   343.31   0.020    1
   444.85   0.021    2
   469.29   0.020    3
   586.95   0.021    4
   691.52   0.020    5
   724.16   0.021    6
   796.59   0.020    7
   879.31   0.021    8
   773.96   0.020    9
   433.13   0.021   10
   631.55   0.020   11
  1048.47   0.021   12
   789.70   0.020   13
   443.88   0.021   14
   485.70   0.020   15
   451.48   0.021   16
   286.60   0.020   17
   398.05   0.021   18
   299.25   0.020   19
   286.30   0.021   20
   265.63   0.020   21
   271.72   0.021   22
   260.20   0.020   23
   248.02   0.021   24
   248.15   0.020   25
   244.81   0.020   26
   250.17   0.021   27
   245.51   0.020   28
   256.31   0.021   29
   258.16   0.020   30
   261.36   0.021   31
   261.33   0.020   32
   255.15   0.021   33
   249.83   0.020   34
   246.50   0.021   35
   255.82   0.020   36
   256.24   0.021   37
   244.42   0.020   38
   246.18   0.021   39
   263.80   0.020   40
   280.63   0.021   41
   330.81   0.020   42
   538.75   0.021   43
   656.34   0.020   44
  1434.87   0.021   45
   551.94   0.020   46
   548.77   0.021   47
   495.92   0.020   48
   472.01   0.021   49
   431.44   0.020   50
   349.98   0.020   51
   305.60   0.021   52
   291.26   0.020   53
   273.00   0.021   54
   274.89   0.020   55
   337.59   0.021   56
   427.37   0.020   57
   398.61   0.021   58
   380.37   0.020   59
   529.82   0.021   60
   723.76   0.020   61
   692.53   0.021   62
   774.40   0.020   63
   748.04   0.021   64
   891.39   0.020   65
   884.55   0.021   66
   625.99   0.020   67
  1034.00   0.021   68
  1356.93   0.020   69
  1050.54   0.021   70
   779.25   0.020   71
   292.83   0.021   72
   517.20   0.020   73
   325.86   0.021   74
   290.07   0.020   75
   259.42   0.020   76
   271.07   0.021   77
   258.43   0.020   78
   253.19   0.021   79
   247.54   0.020   80
   252.55   0.021   81
   253.88   0.020   82
   259.89   0.021   83
   252.55   0.020   84
   253.18   0.021   85
   255.69   0.020   86
   254.56   0.021   87
   251.16   0.020   88
   245.84   0.021   89
   255.57   0.020   90
   252.14   0.021   91
   253.11   0.020   92
   249.08   0.021   93
   253.29   0.020   94
   270.00   0.021   95
   295.55   0.020   96
   360.59   0.021   97
   810.96   0.020   98
   604.78   0.021   99
  1144.07   0.020  100
   605.70   0.020  101
   627.86   0.021  102
   531.91   0.020  103
   430.50   0.021  104
   358.52   0.020  105
   263.65   0.021  106
   236.87   0.020  107
   277.02   0.021  108
   364.20   0.020  109
   391.90   0.021  110
   372.05   0.020  111
   406.23   0.021  112
   457.04   0.020  113
   500.05   0.021  114
   610.22   0.020  115
   694.36   0.021  116
   682.36   0.020  117
   662.56   0.021  118
   732.76   0.020  119
   745.13   0.021  120
   663.55   0.020  121
   461.05   0.021  122
   659.81   0.020  123
  1074.60   0.021  124
  1190.99   0.020  125
   631.71   0.020  126
   306.74   0.021  127
   428.02   0.020  128
   389.69   0.021  129
   288.32   0.020  130
   300.49   0.021  131
   265.31   0.020  132
   263.06   0.021  133
   261.56   0.020  134
   257.38   0.021  135
   251.24   0.020  136
   254.92   0.021  137
   255.26   0.020  138
   257.53   0.021  139
   253.52   0.020  140
   252.81   0.021  141
   251.83   0.020  142
   252.71   0.021  143
   252.25   0.020  144
   253.71   0.021  145
   247.14   0.020  146
   249.08   0.021  147
   251.16   0.020  148
   258.50   0.021  149
   262.84   0.020  150
   276.50   0.020  151
   336.36   0.021  152
   376.66   0.020  153
   695.46   0.021  154
  1130.49   0.020  155
   621.40   0.021  156
   547.85   0.020  157
   445.07   0.021  158
   377.08   0.020  159
   454.17   0.021  160
   399.08   0.020  161
   344.46   0.021  162
   354.30   0.020  163
   376.56   0.021  164
   351.39   0.020  165
   357.27   0.021  166
   381.01   0.020  167
   344.63   0.021  168
   379.46   0.020  169
   622.06   0.021  170
   614.05   0.020  171
   540.80   0.021  172
   671.48   0.020  173
   689.48   0.021  174
   867.15   0.020  175
   817.38   0.020  176
   678.19   0.021  177
   406.29   0.020  178
   620.14   0.021  179
  1216.18   0.020  180
  1038.86   0.021  181
   702.19   0.020  182
   716.03   0.021  183
   376.59   0.020  184
   320.39   0.021  185
   268.60   0.020  186
   306.94   0.021  187
   300.21   0.020  188
   285.12   0.021  189
   255.57   0.020  190
   268.31   0.021  191
   255.62   0.020  192
   249.13   0.021  193
   255.60   0.020  194
   249.46   0.021  195
   250.17   0.020  196
   252.08   0.021  197
   255.00   0.020  198
   252.95   0.021  199
   247.22   0.020  200
   234.92   0.020  201
   244.55   0.021  202
   257.65   0.020  203
   262.15   0.021  204
   260.62   0.020  205
   248.02   0.021  206
   258.39   0.020  207
   269.53   0.021  208
   313.73   0.020  209
   385.72   0.021  210
   755.53   0.020  211
   794.35   0.021  212
   541.92   0.020  213
   585.48   0.021  214
   469.08   0.020  215
   378.88   0.021  216
   345.58   0.020  217
   327.54   0.021  218
   307.97   0.020  219
   320.13   0.021  220
   370.75   0.020  221
   333.46   0.021  222
   353.44   0.020  223
   433.30   0.021  224
   446.63   0.020  225
   477.52   0.020  226
   567.98   0.021  227
   618.85   0.020  228
   608.04   0.021  229
   654.47   0.020  230
   763.92   0.021  231
   836.10   0.020  232
   713.28   0.021  233
   412.95   0.020  234
  1164.20   0.021  235
  1292.70   0.020  236
  1171.04   0.021  237
   420.49   0.020  238
   512.29   0.021  239
   434.33   0.020  240
   424.04   0.021  241
   344.34   0.020  242
   275.60   0.021  243
   259.42   0.020  244
   263.40   0.021  245
   259.26   0.020  246
   254.24   0.021  247
   255.35   0.020  248
   256.91   0.021  249
   257.89   0.020  250
   249.90   0.020  251
   248.71   0.021  252
   250.28   0.020  253
   250.13   0.021  254
   252.23   0.020  255
   253.59   0.021    0
   254.54   0.020    1
   248.72   0.021    2
   260.23   0.020    3
   246.05   0.021    4
   255.08   0.020    5
   248.12   0.021    6
   265.22   0.020    7
   288.43   0.021    8
   317.77   0.020    9
   671.94   0.021   10
   901.93   0.020   11
   967.90   0.021   12
   627.22   0.020   13
   652.53   0.021   14
   496.80   0.020   15
   384.52   0.021   16
   321.55   0.020   17
   282.52   0.021   18
   272.81   0.020   19
   255.68   0.020   20
   279.02   0.021   21
   380.72   0.020   22
   361.66   0.021   23
   405.24   0.020   24
   428.83   0.021   25
   624.85   0.020   26
   688.28   0.021   27
   593.63   0.020   28
   599.37   0.021   29
   723.16   0.020   30
   773.80   0.021   31
   718.80   0.020   32
   647.74   0.021   33
   428.55   0.020   34
   984.60   0.021   35
  1298.55   0.020   36
   896.73   0.021   37
   912.81   0.020   38
   471.90   0.021   39
   331.27   0.020   40
   335.95   0.021   41
   326.32   0.020   42
   262.50   0.021   43
   264.33   0.020   44
   269.67   0.020   45
   264.36   0.021   46
   253.54   0.020   47
   251.46   0.021   48
   248.30   0.020   49
   251.23   0.021   50
   253.84   0.020   51
   254.89   0.021   52
   257.61   0.020   53
   262.99   0.021   54
   263.66   0.020   55
   255.77   0.021   56
   246.12   0.020   57
   246.57   0.021   58
   256.38   0.020   59
   257.56   0.021   60
   252.12   0.020   61
   252.31   0.021   62
   254.30   0.020   63
   253.56   0.021   64
   254.43   0.020   65
   263.24   0.021   66
   316.84   0.020   67
   615.83   0.021   68
   604.70   0.020   69
  1244.90   0.020   70
   579.27   0.021   71
   574.11   0.020   72
   515.34   0.021   73
   379.54   0.020   74
   322.19   0.021   75
   250.75   0.020   76
   239.20   0.021   77
   286.60   0.020   78
   335.21   0.021   79
   403.68   0.020   80
   392.72   0.021   81
   357.00   0.020   82
   366.50   0.021   83
   431.03   0.020   84
   532.08   0.021   85
   566.15   0.020   86
   552.10   0.021   87
   635.36   0.020   88
   678.65   0.021   89
   867.28   0.020   90
   815.10   0.021   91
   629.13   0.020   92
   390.00   0.021   93
   707.91   0.020   94
  1031.20   0.020   95
   817.01   0.021   96
   828.34   0.020   97
   465.84   0.021   98
   371.60   0.020   99
   391.16   0.021  100
   316.59   0.020  101
   282.08   0.021  102
   271.61   0.020  103
   256.10   0.021  104
   260.56   0.020  105
   252.55   0.021  106
   251.05   0.020  107
   255.35   0.021  108
   257.08   0.020  109
   263.81   0.021  110
   247.85   0.020  111
   247.35   0.021  112
   249.32   0.020  113
   257.25   0.021  114
   256.46   0.020  115
   253.72   0.021  116
   249.83   0.020  117
   252.45   0.021  118
   251.84   0.020  119
   252.80   0.020  120
   250.97   0.021  121
   247.29   0.020  122
   248.32   0.021  123
   258.07   0.020  124
   275.89   0.021  125
   268.48   0.020  126
   376.03   0.021  127
   704.76   0.020  128
   636.08   0.021  129
  1157.81   0.020  130
   587.60   0.021  131
   565.37   0.020  132
   435.92   0.021  133
   336.75   0.020  134
   291.87   0.021  135
   278.96   0.020  136
   280.89   0.021  137
   303.73   0.020  138
   364.76   0.021  139
   379.84   0.020  140
   442.12   0.021  141
   452.22   0.020  142
   423.10   0.021  143
   466.37   0.020  144
   466.42   0.020  145
   446.07   0.021  146
   416.37   0.020  147
   483.41   0.021  148
   519.06   0.020  149
   477.13   0.021  150
   412.51   0.020  151
   445.95   0.021  152
   533.86   0.020  153
   424.73   0.021  154
   562.44   0.020  155
   713.48   0.021  156
   573.13   0.020  157
  1049.32   0.021  158
  1146.22   0.020  159
   391.52   0.021  160
   331.48   0.020  161
   330.26   0.021  162
   269.76   0.020  163
   274.95   0.021  164
   273.15   0.020  165
   267.27   0.021  166
   261.73   0.020  167
   263.36   0.021  168
   257.73   0.020  169
   245.56   0.020  170
   261.62   0.021  171
   262.19   0.020  172
   255.22   0.021  173
   253.16   0.020  174
   260.00   0.021  175
   263.97   0.020  176
   258.74   0.021  177
   257.21   0.020  178
   263.30   0.021  179
   258.99   0.020  180
   259.08   0.021  181
   256.76   0.020  182
   257.73   0.021  183
   262.54   0.020  184
   259.91   0.021  185
   253.90   0.020  186
   254.81   0.021  187
   258.74   0.020  188
   257.73   0.021  189
   260.54   0.020  190
   258.44   0.021  191
   252.89   0.020  192
   249.99   0.021  193
   254.15   0.020  194
   256.08   0.020  195
   254.92   0.021  196
   258.04   0.020  197
   256.03   0.021  198
   254.18   0.020  199
   257.18   0.021  200
   256.08   0.020  201
   258.08   0.021  202
