     0.97     0.02   0.021  156
     0.98     0.01   0.020  157
     0.97     0.02   0.021  158
     0.97     0.02   0.020  159
     0.98     0.02   0.020  160
     0.98     0.02   0.021  161
     0.97     0.02   0.020  162
     0.97     0.02   0.020  164
     0.97     0.02   0.021  165
     0.97     0.01   0.020  166
     0.98     0.01   0.021  167
     0.98     0.01   0.020  168
     0.98     0.02   0.021  169
     0.98     0.02   0.020  170
     0.98     0.02   0.021  171
     0.98     0.02   0.020  172
     0.98     0.02   0.021  173
     0.98     0.02   0.020  174
     0.98     0.02   0.021  175
     0.97     0.02   0.020  176
     0.98     0.02   0.021  177
     0.98     0.03   0.020  178
     0.98     0.03   0.021  179
     0.98     0.03   0.020  180
     0.98     0.04   0.021  181
     0.98     0.04   0.020  182
     0.98     0.04   0.021  183
     0.98     0.04   0.020  184
     0.98     0.05   0.020  185
     0.97     0.04   0.021  186
     0.98     0.02   0.020  187
     0.98     0.03   0.021  188
     0.98     0.03   0.020  189
     0.98     0.04   0.021  190
     0.98     0.03   0.020  191
     0.98     0.04   0.021  192
     0.97     0.05   0.020  193
     0.98     0.03   0.021  194
     0.98     0.02   0.020  195
     0.98     0.03   0.021  196
     0.98     0.03   0.020  197
     0.98     0.03   0.021  198
     0.98     0.04   0.020  199
     0.99     0.05   0.021  200
     0.99     0.11   0.020  201
     0.99     0.18   0.021  202
     0.99     0.16   0.020  203
     0.99     0.16   0.021  204
     0.98     0.21   0.020  205
     0.92     0.17   0.021  206
     0.92     0.82   0.020  207
     1.13     2.39   0.021  208
     1.77     3.21   0.020  209
     2.78     1.54   0.020  210
     1.77     1.62   0.021  211
     1.80     0.50   0.020  212
     1.70     0.75   0.021  213
     1.47     1.34   0.020  214
     1.21     1.44   0.021  215
     1.13     1.40   0.020  216
     1.18     1.64   0.021  217
     1.12     1.83   0.020  218
     1.27     2.19   0.021  219
     1.26     2.71   0.020  220
     1.11     2.85   0.021  221
     1.13     2.82   0.020  222
     1.17     2.79   0.021  223
     1.16     2.69   0.020  224
     1.15     2.64   0.021  225
     1.39     2.49   0.020  226
     1.33     2.15   0.021  227
     1.20     1.72   0.020  228
     1.43     1.11   0.021  229
     1.58     1.22   0.020  230
     1.66     1.57   0.021  231
     1.97     1.61   0.020  232
     1.48    10.17   0.021  233
     3.98     3.91   0.020  234
     2.47     3.36   0.020  235
     1.39     2.95   0.021  236
     2.57     2.77   0.020  237
     1.57     1.80   0.021  238
     1.54     1.03   0.020  239
     1.16     0.33   0.021  240
     1.07     0.15   0.020  241
     1.02     0.09   0.021  242
     0.98     0.06   0.020  243
     1.00     0.09   0.021  244
     0.98     0.11   0.020  245
     0.98     0.18   0.021  246
     0.97     0.21   0.020  247
     0.98     0.19   0.021  248
     0.98     0.18   0.020  249
     0.96     0.12   0.021  250
     0.97     0.06   0.020  251
     0.96     0.07   0.021  252
     0.97     0.08   0.020  253
     0.97     0.15   0.021  254
     0.98     0.20   0.020  255
     0.98     0.24   0.021    0
     0.97     0.19   0.020    1
     0.96     0.11   0.021    2
     0.97     0.10   0.020    3
     0.96     0.21   0.020    4
     0.95     0.31   0.021    5
     0.96     0.50   0.020    6
     1.00     0.63   0.021    7
     1.02     0.94   0.020    8
     1.22     1.23   0.021    9
     1.86     2.86   0.020   10
     2.54     7.10   0.021   11
     1.50    12.36   0.020   12
     4.19     8.40   0.021   13
     2.34     3.38   0.020   14
     2.35     3.18   0.021   15
     1.66     2.93   0.020   16
     1.31     2.25   0.021   17
     1.15     2.20   0.020   18
     1.09     2.90   0.021   19
     1.04     3.63   0.020   20
     1.06     4.16   0.021   21
     1.12     4.39   0.020   22
     1.31     4.72   0.021   23
     1.42     4.95   0.020   24
     1.62     5.13   0.021   25
     1.91     5.27   0.020   26
     1.88     5.53   0.021   27
     2.14     5.43   0.020   28
     2.70     5.39   0.020   29
     2.79     5.53   0.021   30
     2.65     5.15   0.020   31
     3.16     4.12   0.021   32
     3.54     3.61   0.020   33
     2.97     1.45   0.021   34
     2.13     3.76   0.020   35
     1.85     4.60   0.021   36
     5.52    11.69   0.020   37
     4.16     6.37   0.021   38
     2.96     4.67   0.020   39
     1.85     3.56   0.021   40
     1.70     1.64   0.020   41
     1.31     0.60   0.021   42
     1.07     0.43   0.020   43
     1.05     0.20   0.021   44
     0.99     0.08   0.020   45
     0.99     0.22   0.021   46
     0.98     0.47   0.020   47
     0.95     0.50   0.021   48
     0.93     0.30   0.020   49
     0.94     0.10   0.021   50
     0.97     0.06   0.020   51
     0.99     0.01   0.021   52
     0.98     0.07   0.020   53
     0.99     0.13   0.020   54
     0.98     0.18   0.021   55
     0.97     0.17   0.020   56
     0.97     0.18   0.021   57
     0.94     0.17   0.020   58
     0.92     0.14   0.021   59
     0.98     0.40   0.020   60
     0.98     0.35   0.021   61
     0.95     0.32   0.020   62
     0.98     0.46   0.021   63
     0.99     0.49   0.020   64
     1.00     0.53   0.021   65
     1.06     1.08   0.020   66
     1.66     3.37   0.021   67
     2.86     8.42   0.020   68
     1.86    12.42   0.021   69
     6.06    10.47   0.020   70
     2.66     3.00   0.021   71
     2.18     2.02   0.020   72
     1.91     0.63   0.021   73
     1.58     1.27   0.020   74
     1.40     2.22   0.021   75
     1.29     2.69   0.020   76
     1.10     3.67   0.021   77
     1.00     4.31   0.020   78
     1.18     4.62   0.020   79
     1.30     5.05   0.021   80
     1.27     5.22   0.020   81
     1.57     4.97   0.020   83
     1.70     4.91   0.021   84
     2.39     4.63   0.020   85
     2.71     5.07   0.021   86
     2.84     5.03   0.020   87
     3.31     4.86   0.021   88
     3.01     4.68   0.020   89
     3.59     3.86   0.021   90
     3.18     2.06   0.020   91
     2.50     4.21   0.021   92
     1.03     5.40   0.020   93
     4.76     9.99   0.021   94
     3.96     4.82   0.020   95
     3.48     5.43   0.021   96
     1.25     4.15   0.020   97
     1.62     1.64   0.021   98
     1.49     0.38   0.020   99
     1.05     0.19   0.021  100
     1.01     0.10   0.020  101
     1.00     0.19   0.021  102
     0.97     0.30   0.020  103
     0.98     0.56   0.020  104
     0.98     0.42   0.021  105
     0.97     0.20   0.020  106
     0.96     0.15   0.021  107
     0.97     0.16   0.020  108
     0.98     0.21   0.021  109
     0.98     0.21   0.020  110
     0.97     0.17   0.021  111
     0.96     0.20   0.020  112
     0.96     0.18   0.021  113
     0.94     0.08   0.020  114
     0.94     0.12   0.021  115
     0.94     0.20   0.020  116
     0.95     0.42   0.021  117
     0.96     0.52   0.020  118
     1.00     0.53   0.021  119
     1.00     0.67   0.020  120
     1.13     1.58   0.021  121
     1.21     3.82   0.020  122
     2.58     6.78   0.021  123
     3.24    13.73   0.020  124
     0.93    14.91   0.021  125
     4.17     3.22   0.020  126
     2.38     2.56   0.021  127
     2.31     1.90   0.020  128
     1.59     2.52   0.020  129
     1.03     3.08   0.021  130
     0.88     3.65   0.020  131
     0.88     4.14   0.021  132
     1.03     4.57   0.020  133
     1.41     5.10   0.021  134
     1.37     5.54   0.020  135
     1.19     5.54   0.021  136
     1.31     5.39   0.020  137
     1.61     5.32   0.021  138
     2.15     5.53   0.020  139
     2.20     5.71   0.021  140
     2.56     5.88   0.020  141
     2.77     5.70   0.021  142
     2.68     4.99   0.020  143
     3.02     3.86   0.021  144
     3.62     3.82   0.020  145
     3.44     2.22   0.021  146
     3.01     6.04   0.020  147
     2.17    11.25   0.021  148
     5.56    12.49   0.020  149
     5.26     6.08   0.021  150
     3.13     3.53   0.020  151
     2.04     1.56   0.021  152
     1.70     0.24   0.020  153
     1.11     0.26   0.020  154
     1.11     0.18   0.021  155
     1.01     0.18   0.020  156
     1.03     0.35   0.021  157
     0.97     0.48   0.020  158
     0.93     0.55   0.021  159
     0.91     0.33   0.020  160
     0.92     0.03   0.021  161
     0.94     0.14   0.020  162
     0.95     0.21   0.021  163
     0.99     0.36   0.020  164
     0.98     0.27   0.021  165
     1.01     0.12   0.020  166
     0.97     0.09   0.021  167
     0.94     0.12   0.020  168
     0.97     0.05   0.021  169
     0.95     0.23   0.020  170
     0.95     0.39   0.021  171
     0.95     0.47   0.020  172
     1.00     0.62   0.021  173
     1.04     0.68   0.020  174
     1.05     1.00   0.021  175
     1.39     1.49   0.020  176
     1.88     4.28   0.021  177
     2.91     9.14   0.020  178
     6.03     9.82   0.020  179
     2.51     3.95   0.021  180
     2.20     2.76   0.020  181
     1.90     1.59   0.021  182
     1.74     1.19   0.020  183
     1.69     0.81   0.021  184
     1.40     1.93   0.020  185
     1.29     3.04   0.021  186
     1.23     3.96   0.020  187
     1.20     4.63   0.021  188
     1.26     4.88   0.020  189
     1.32     5.20   0.021  190
     1.41     5.33   0.020  191
     1.42     5.41   0.021  192
     1.55     5.18   0.020  193
     1.98     4.89   0.021  194
     2.97     5.14   0.020  195
     2.92     5.54   0.021  196
     2.77     5.55   0.020  197
     2.88     4.14   0.021  198
     3.40     3.33   0.020  199
     3.29     2.24   0.021  200
     3.18     7.27   0.020  201
     3.42     8.30   0.021  202
     5.03    13.46   0.020  203
     3.66     4.90   0.020  204
     2.07     2.76   0.021  205
     2.02     2.04   0.020  206
     1.48     0.70   0.021  207
     1.01     0.47   0.020  208
     1.19     0.43   0.021  209
     0.97     0.21   0.020  210
     1.07     0.11   0.021  211
     1.04     0.37   0.020  212
     0.99     0.59   0.021  213
     0.96     0.37   0.020  214
     0.98     0.27   0.021  215
     0.95     0.23   0.020  216
     0.97     0.13   0.021  217
     0.96     0.10   0.020  218
     0.98     0.15   0.021  219
     0.90     0.24   0.020  220
     0.94     0.38   0.021  221
     1.00     0.22   0.020  222
     0.96     0.28   0.021  223
     0.90     0.23   0.020  224
     0.92     0.34   0.021  225
     0.95     0.54   0.020  226
     0.99     0.56   0.021  227
     0.98     0.49   0.020  228
     0.97     0.61   0.020  229
     1.01     0.97   0.021  230
     1.06     1.93   0.020  231
     1.27     3.89   0.021  232
     1.90     6.44   0.020  233
     1.89    10.31   0.021  234
     5.99     5.69   0.020  235
     2.51     3.97   0.021  236
     2.35     2.31   0.020  237
     1.99     1.79   0.021  238
     1.70     1.97   0.020  239
     1.60     2.13   0.021  240
     1.32     2.82   0.020  241
     1.15     3.23   0.021  242
     1.10     4.03   0.020  243
     1.10     4.63   0.021  244
     1.17     5.01   0.020  245
     1.38     5.24   0.021  246
     1.46     5.30   0.020  247
     1.53     5.25   0.021  248
     1.40     5.17   0.020  249
     2.00     4.78   0.021  250
     2.88     5.13   0.020  251
     3.06     5.58   0.021  252
     2.85     5.17   0.020  253
     2.88     3.61   0.020  254
     3.71     4.31   0.021  255
     3.32     1.76   0.020    0
     2.30     6.24   0.021    1
     2.59     6.52   0.020    2
     4.62     8.12   0.021    3
     4.52     4.98   0.020    4
     4.19     2.17   0.021    5
     1.52     3.01   0.020    6
     1.52     2.09   0.021    7
     1.49     1.57   0.020    8
     1.23     0.90   0.021    9
     1.16     0.47   0.020   10
     1.01     0.16   0.021   11
     0.99     0.04   0.020   12
     0.97     0.02   0.021   13
     0.97     0.16   0.020   14
     0.95     0.18   0.021   15
     0.96     0.09   0.020   16
     0.96     0.08   0.021   17
     0.98     0.05   0.020   18
     0.97     0.07   0.021   19
     0.98     0.19   0.020   20
     0.96     0.26   0.021   21
     0.95     0.23   0.020   22
     0.94     0.18   0.020   23
     0.94     0.17   0.021   24
     0.96     0.30   0.020   25
     0.93     0.34   0.021   26
     0.99     0.48   0.020   27
     0.98     0.72   0.021   28
     1.04     1.38   0.020   29
     1.26     3.67   0.021   30
     1.35     8.19   0.020   31
     3.21    10.59   0.021   32
     5.08     6.86   0.020   33
     2.71     3.53   0.021   34
     2.09     2.30   0.020   35
     1.73     1.48   0.021   36
     1.51     1.06   0.020   37
     1.92     1.82   0.021   38
     1.44     2.47   0.020   39
     1.34     3.46   0.021   40
     1.49     4.46   0.020   41
     1.29     5.17   0.021   42
     1.24     5.48   0.020   43
     1.37     5.68   0.021   44
     1.19     5.46   0.020   45
     1.59     5.16   0.021   46
     2.23     4.66   0.020   47
     2.47     4.98   0.020   48
     2.36     5.27   0.021   49
     2.34     5.01   0.020   50
     2.60     3.99   0.021   51
     3.02     3.74   0.020   52
     3.08     3.48   0.021   53
     2.60     0.89   0.020   54
     2.89     7.83   0.021   55
     7.18    11.80   0.020   56
     3.92     4.71   0.021   57
     3.77     4.66   0.020   58
     1.82     2.85   0.021   59
     1.46     1.85   0.020   60
     1.60     1.20   0.021   61
     1.04     0.36   0.020   62
     1.03     0.29   0.021   63
     1.01     0.24   0.020   64
     1.02     0.21   0.021   65
     0.98     0.25   0.020   66
     0.97     0.35   0.021   67
     0.95     0.33   0.020   68
     0.92     0.22   0.021   69
     0.94     0.07   0.020   70
     0.94     0.15   0.021   71
     0.96     0.25   0.020   72
     1.00     0.29   0.020   73
     1.00     0.13   0.021   74
     0.98     0.11   0.020   75
     0.97     0.20   0.021   76
     0.94     0.19   0.020   77
     0.95     0.24   0.021   78
     1.00     0.33   0.020   79
     1.00     0.36   0.021   80
     0.95     0.28   0.020   81
     1.02     0.41   0.021   82
     1.01     0.45   0.020   83
     1.00     0.75   0.021   84
     1.34     1.47   0.020   85
     2.38     4.27   0.021   86
     2.22    11.97   0.020   87
     6.23     9.47   0.021   88
     2.64     3.47   0.020   89
     2.34     2.69   0.021   90
     2.29     1.23   0.020   91
     1.82     0.97   0.021   92
     1.76     1.93   0.020   93
     1.45     3.30   0.021   94
     1.34     4.23   0.020   95
     1.25     4.93   0.021   96
     1.15     5.31   0.020   97
     1.21     5.37   0.020   98
     1.09     5.43   0.021   99
     1.13     5.13   0.020  100
     1.53     4.65   0.021  101
     2.07     4.45   0.020  102
     2.63     5.03   0.021  103
     2.78     5.51   0.020  104
     2.66     5.49   0.021  105
     2.56     4.49   0.020  106
     3.17     2.89   0.021  107
     3.07     1.70   0.020  108
     2.32     3.95   0.021  109
     2.52     4.99   0.020  110
     5.14    11.16   0.021  111
     4.96     4.87   0.020  112
     5.17     4.72   0.021  113
     1.74     2.19   0.020  114
     1.70     1.65   0.021  115
     1.13     0.57   0.020  116
     1.13     0.51   0.021  117
     1.10     0.29   0.020  118
     1.02     0.05   0.021  119
     0.99     0.19   0.020  120
     1.00     0.38   0.021  121
     0.97     0.46   0.020  122
     0.95     0.25   0.020  123
     0.98     0.11   0.021  124
     0.98     0.07   0.020  125
     0.97     0.01   0.021  126
     0.98     0.08   0.020  127
     0.98     0.14   0.021  128
     0.95     0.14   0.020  129
     0.96     0.15   0.021  130
     0.95     0.20   0.020  131
     0.95     0.15   0.021  132
     0.95     0.12   0.020  133
     0.97     0.22   0.021  134
     0.99     0.22   0.020  135
     0.94     0.43   0.021  136
     0.99     0.78   0.020  137
     1.08     1.09   0.021  138
     1.32     3.15   0.020  139
     1.49     5.73   0.021  140
     2.14    10.26   0.020  141
     4.22     6.71   0.021  142
     2.51     3.33   0.020  143
     2.31     2.04   0.021  144
     2.06     1.74   0.020  145
     2.09     1.04   0.021  146
     1.70     1.97   0.020  147
     1.51     3.11   0.020  148
     1.34     4.09   0.021  149
     1.21     4.65   0.020  150
     1.29     4.87   0.021  151
     1.32     5.22   0.020  152
     1.27     5.33   0.021  153
     1.31     5.13   0.020  154
     1.84     5.06   0.021  155
     1.97     5.29   0.020  156
     2.14     5.29   0.021  157
     2.45     5.32   0.020  158
     2.32     5.18   0.021  159
     2.25     3.97   0.020  160
     2.68     3.50   0.021  161
     3.10     2.06   0.020  162
     2.75     2.54   0.021  163
     2.35     3.82   0.020  164
     2.85     4.31   0.021  165
     2.60    11.72   0.020  166
     5.58     5.14   0.021  167
     2.68     3.88   0.020  168
     3.13     3.69   0.021  169
     1.53     1.82   0.020  170
     1.78     0.91   0.021  171
     1.14     0.20   0.020  172
     1.12     0.13   0.020  173
     1.01     0.29   0.021  174
     0.99     0.35   0.020  175
     0.99     0.38   0.021  176
     0.99     0.43   0.020  177
     0.99     0.48   0.021  178
     0.95     0.36   0.020  179
     0.92     0.19   0.021  180
     0.95     0.14   0.020  181
     0.98     0.12   0.021  182
     1.00     0.28   0.020  183
     0.97     0.41   0.021  184
     0.92     0.66   0.020  185
     0.89     0.55   0.021  186
     0.91     0.14   0.020  187
     0.93     0.46   0.021  188
     0.99     0.47   0.020  189
     0.97     0.38   0.021  190
     0.94     0.41   0.020  191
     0.98     0.53   0.021  192
     1.05     0.84   0.020  193
     1.20     1.81   0.021  194
     1.48     4.09   0.020  195
     2.88     7.72   0.021  196
     5.12     9.91   0.020  197
     2.65     5.32   0.020  198
     2.33     3.19   0.021  199
     1.99     1.81   0.020  200
     1.72     1.42   0.021  201
     1.54     1.78   0.020  202
     1.34     2.45   0.021  203
     1.25     2.87   0.020  204
     1.16     3.67   0.021  205
     1.19     4.22   0.020  206
     1.19     4.61   0.021  207
     1.16     4.77   0.020  208
     1.15     4.69   0.021  209
     1.02     4.59   0.020  210
     1.30     3.98   0.021  211
     2.50     3.53   0.020  212
     3.15     4.62   0.021  213
     2.72     5.44   0.020  214
     2.31     5.44   0.021  215
     2.41     4.18   0.020  216
     3.01     3.51   0.021  217
     3.07     3.61   0.020  218
     2.72     1.02   0.021  219
     1.10     5.04   0.020  220
     4.39     6.92   0.021  221
     5.66     7.83   0.020  222
     3.47     4.63   0.020  223
     2.35     3.69   0.021  224
     1.50     2.35   0.020  225
     1.40     1.77   0.021  226
     0.95     1.50   0.020  227
     1.32     1.23   0.021  228
     1.16     0.11   0.020  229
     1.03     0.13   0.021  230
     0.99     0.20   0.020  231
     0.98     0.24   0.021  232
     0.95     0.14   0.020  233
     0.97     0.10   0.021  234
     0.97     0.12   0.020  235
     0.97     0.12   0.021  236
     0.97     0.08   0.020  237
     0.96     0.04   0.021  238
     0.97     0.10   0.020  239
     0.96     0.26   0.021  240
     0.92     0.28   0.020  241
     0.91     0.20   0.021  242
     0.93     0.32   0.020  243
     0.98     0.52   0.021  244
     1.03     0.46   0.020  245
     0.96     0.31   0.021  246
     0.98     0.46   0.020  247
     0.99     0.53   0.020  248
     1.08     0.66   0.021  249
     1.23     1.57   0.020  250
     1.37     4.35   0.021  251
     2.44     8.60   0.020  252
     3.33     8.98   0.021  253
     2.97     3.21   0.020  254
     2.41     2.43   0.021  255
     2.10     2.21   0.020    0
     1.75     1.88   0.021    1
     1.49     2.10   0.020    2
     1.26     2.79   0.021    3
     1.13     3.33   0.020    4
     1.18     3.80   0.021    5
     1.27     4.39   0.020    6
     1.18     4.60   0.021    7
     1.16     4.72   0.020    8
     1.23     4.64   0.021    9
     1.21     4.38   0.020   10
     1.76     4.12   0.021   11
     2.65     5.06   0.020   12
     2.38     5.42   0.021   13
     2.27     5.38   0.020   14
     2.20     3.95   0.021   15
     2.58     3.36   0.020   16
     3.22     2.91   0.020   17
     3.33     4.44   0.021   18
     4.39     6.20   0.020   19
     3.46     8.94   0.021   20
     4.41     5.58   0.020   21
     3.92     5.40   0.021   22
     1.46     3.36   0.020   23
     1.76     1.18   0.021   24
     1.33     0.09   0.020   25
     1.06     0.11   0.021   26
     1.01     0.12   0.020   27
     0.98     0.11   0.021   28
     0.98     0.11   0.020   29
     0.99     0.20   0.021   30
     0.98     0.27   0.020   31
     0.96     0.25   0.021   32
     0.96     0.23   0.020   33
     0.97     0.16   0.021   34
     0.97     0.10   0.021   36
     0.97     0.10   0.020   37
     0.97     0.21   0.021   38
     0.97     0.26   0.020   39
     0.97     0.25   0.021   40
     0.95     0.17   0.020   41
     0.95     0.36   0.021   43
     1.01     0.31   0.020   44
     0.95     0.30   0.021   45
     0.91     0.50   0.020   46
     0.96     0.61   0.021   47
     1.02     0.69   0.020   48
     1.30     3.44   0.020   50
     1.89     9.33   0.021   51
     2.66    12.70   0.020   52
     2.91     9.39   0.021   53
     2.46     3.15   0.020   54
     2.54     2.41   0.021   55
     1.35     2.04   0.021   57
     1.15     3.09   0.020   58
     1.16     3.43   0.021   59
     1.31     3.91   0.020   60
     1.28     4.49   0.021   61
     1.19     4.82   0.020   62
     1.42     4.63   0.020   64
     1.36     4.65   0.021   65
     1.96     4.65   0.020   66
     2.53     4.71   0.020   67
     2.28     5.40   0.021   68
     2.56     5.42   0.020   69
     2.97     3.74   0.020   71
     3.27     2.98   0.021   72
     3.17     2.45   0.020   73
     2.68     1.74   0.021   74
     0.73     4.76   0.020   75
     4.54    11.75   0.021   76
     5.28     4.70   0.020   77
     3.21     5.30   0.021   78
     1.02     3.10   0.020   79
     1.89     1.84   0.021   80
     1.30     1.13   0.020   81
     1.11     0.60   0.021   82
     1.13     0.40   0.020   83
     1.02     0.18   0.020   85
     1.01     0.23   0.021   86
     0.93     0.33   0.020   87
     0.96     0.34   0.021   88
     0.95     0.24   0.020   89
     0.95     0.05   0.021   90
     0.96     0.11   0.020   92
     0.97     0.17   0.021   93
     0.96     0.17   0.020   94
     1.00     0.08   0.021   95
     1.00     0.27   0.020   96
     0.94     0.26   0.021   97
     0.97     0.38   0.021   99
     1.01     0.43   0.020  100
     0.99     0.30   0.021  101
     0.91     0.33   0.020  102
     0.97     0.51   0.021  103
     1.02     0.55   0.020  104
     1.29     2.41   0.020  106
     1.63     5.33   0.021  107
     2.62    10.80   0.020  108
     4.82     5.48   0.021  109
     2.44     3.58   0.020  110
     1.95     3.15   0.021  111
     1.81     1.19   0.021  113
     1.89     1.36   0.020  114
     1.49     2.67   0.021  115
     1.38     3.75   0.020  116
     1.37     4.20   0.020  117
     1.39     4.93   0.021  118
     1.53     5.76   0.021  120
     1.44     5.90   0.020  121
     1.50     5.53   0.021  122
     2.22     5.46   0.020  123
     2.38     5.69   0.021  124
     2.63     5.81   0.020  125
     2.66     4.45   0.020  127
     3.19     3.54   0.021  128
     3.30     1.37   0.020  129
     2.74     3.10   0.021  130
     2.01     3.66   0.020  131
     2.32     3.84   0.021  132
     6.42     2.20   0.021  134
     1.77     2.74   0.020  135
     3.46     3.24   0.021  136
     1.54     1.49   0.020  137
     1.19     1.26   0.021  138
     1.27     0.67   0.020  139
     1.11     0.44   0.021  140
     1.09     0.25   0.020  141
     1.01     0.29   0.020  142
     0.98     0.28   0.021  143
     0.97     0.22   0.020  144
     0.94     0.19   0.021  145
     0.95     0.31   0.020  146
     0.98     0.32   0.020  148
     0.97     0.32   0.021  149
     0.97     0.33   0.020  150
     0.99     0.29   0.021  151
     1.00     0.13   0.020  152
     0.98     0.03   0.021  153
     0.96     0.13   0.021  155
     0.95     0.21   0.020  156
     0.94     0.41   0.021  157
     0.97     0.45   0.020  158
     0.98     0.46   0.021  159
     0.99     0.49   0.020  160
     1.07     2.44   0.020  162
     1.50     3.77   0.021  163
     2.20     8.61   0.020  164
     2.32    12.01   0.021  165
     5.29     4.16   0.020  166
     1.96     1.98   0.020  167
     1.85     1.17   0.020  169
     1.30     1.92   0.021  170
     1.10     2.79   0.020  171
     0.86     3.24   0.021  172
     0.76     3.45   0.020  173
     0.96     3.85   0.021  174
     1.33     4.05   0.021  176
     1.50     3.95   0.020  177
     1.45     3.91   0.021  178
     1.87     3.74   0.020  179
     3.14     3.70   0.021  180
     2.54     5.18   0.020  181
     1.87     4.81   0.020  183
     1.86     3.43   0.021  184
     1.77     2.50   0.020  185
     1.48     1.74   0.021  186
     1.24     0.98   0.020  187
     2.39     3.75   0.021  188
     3.13     5.89   0.021  190
     3.88     5.78   0.020  191
     2.03     3.45   0.020  192
     1.34     0.70   0.021  193
     1.17     0.19   0.020  194
     1.01     0.28   0.021  195
     0.96     0.18   0.021  197
     1.01     0.15   0.020  198
     0.92     0.18   0.021  199
     0.97     0.09   0.020  200
     0.99     0.06   0.021  201
     0.94     0.08   0.020  202
     0.98     0.02   0.020  204
     0.99     0.02   0.021  205
     0.95     0.03   0.020  206
     0.97     0.03   0.021  207
     0.99     0.03   0.020  208
     0.94     0.03   0.021  209
     0.99     0.07   0.021  211
     0.99     0.09   0.020  212
     0.94     0.10   0.021  213
     0.98     0.12   0.020  214
     0.99     0.13   0.021  215
     0.97     0.12   0.020  216
     0.97     0.08   0.021  218
     0.98     0.09   0.020  219
     0.97     0.09   0.021  220
     0.97     0.10   0.020  221
     0.98     0.09   0.021  222
     0.97     0.10   0.020  223
     0.97     0.07   0.020  225
     0.97     0.05   0.021  226
     0.97     0.04   0.020  227
     0.98     0.04   0.021  228
     0.98     0.05   0.020  229
     0.98     0.04   0.021  230
     0.97     0.05   0.021  232
     0.98     0.06   0.020  233
     0.97     0.08   0.021  234
     0.97     0.08   0.020  235
     0.97     0.06   0.021  236
     0.96     0.05   0.020  237
     0.97     0.04   0.020  239
     0.97     0.04   0.021  240
