   270.26   0.021  156
   269.34   0.020  157
   267.40   0.021  158
   264.37   0.020  159
   270.53   0.020  160
   270.84   0.021  161
   274.60   0.020  162
   269.42   0.021  163
   268.41   0.020  164
   268.32   0.021  165
   269.34   0.020  166
   269.34   0.021  167
   270.86   0.020  168
   270.44   0.021  169
   272.56   0.020  170
   275.11   0.021  171
   267.40   0.020  172
   262.33   0.021  173
   264.87   0.020  174
   269.43   0.021  175
   270.35   0.020  176
   270.35   0.021  177
   267.31   0.020  178
   269.43   0.021  179
   272.66   0.020  180
   270.44   0.021  181
   271.46   0.020  182
   270.44   0.021  183
   271.36   0.020  184
   269.42   0.020  185
   270.44   0.021  186
   272.47   0.020  187
   273.40   0.021  188
   274.32   0.020  189
   268.51   0.021  190
   267.40   0.020  191
   269.43   0.021  192
   269.62   0.020  193
   277.53   0.021  194
   269.75   0.020  195
   265.90   0.021  196
   265.17   0.020  197
   267.83   0.021  198
   266.59   0.020  199
   268.51   0.021  200
   273.48   0.020  201
   271.54   0.021  202
   270.44   0.020  203
   269.62   0.021  204
   271.54   0.020  205
   269.43   0.021  206
   269.53   0.020  207
   269.47   0.021  208
   270.72   0.020  209
   272.64   0.020  210
   279.87   0.021  211
   275.33   0.020  212
   323.95   0.021  213
   555.75   0.020  214
   594.40   0.021  215
   497.35   0.020  216
   516.33   0.021  217
   463.62   0.020  218
   421.50   0.021  219
   375.37   0.020  220
   310.08   0.021  221
   240.97   0.020  222
   197.57   0.021  223
   228.11   0.020  224
   334.28   0.021  225
   418.49   0.020  226
   379.69   0.021  227
   343.57   0.020  228
   292.49   0.021  229
   255.88   0.020  230
   266.76   0.021  231
   267.18   0.020  232
   301.08   0.021  233
   220.45   0.020  234
   211.93   0.020  235
   266.26   0.021  236
   296.40   0.020  237
   301.42   0.021  238
   459.22   0.020  239
   813.92   0.021  240
   557.37   0.020  241
   327.78   0.021  242
   545.41   0.020  243
   416.70   0.021  244
   363.03   0.020  245
   310.41   0.021  246
   277.42   0.021  248
   271.78   0.020  249
   268.40   0.021  250
   268.51   0.020  251
   274.70   0.021  252
   271.59   0.020  253
   272.64   0.020  255
   274.89   0.021    0
   270.18   0.020    1
   267.04   0.021    2
   262.31   0.020    3
   261.63   0.020    4
   269.40   0.020    6
   266.00   0.021    7
   259.61   0.020    8
   259.41   0.021    9
   267.81   0.020   10
   268.86   0.021   11
   273.77   0.020   12
   297.89   0.021   13
   359.82   0.020   14
   473.48   0.021   15
   556.24   0.020   16
   529.95   0.021   17
   665.73   0.020   18
   503.79   0.020   20
   524.19   0.021   21
   475.85   0.020   22
   422.79   0.021   23
   364.82   0.020   24
   326.23   0.021   25
   326.61   0.021   27
   316.98   0.020   28
   277.31   0.020   29
   329.61   0.021   30
   403.99   0.020   31
   388.04   0.021   32
   571.68   0.021   34
   648.10   0.020   35
   702.59   0.021   36
   578.43   0.020   37
   611.59   0.021   38
   647.26   0.020   39
   495.43   0.020   41
   646.26   0.021   42
   951.32   0.020   43
  1021.73   0.021   44
   652.14   0.020   45
   462.43   0.021   46
   345.46   0.021   48
   331.61   0.020   49
   309.14   0.021   50
   288.27   0.020   51
   280.95   0.021   52
   274.89   0.020   53
   273.39   0.021   55
   266.16   0.020   56
   264.27   0.021   57
   268.65   0.020   58
   270.06   0.021   59
   265.22   0.020   60
   265.22   0.021   61
   265.96   0.020   62
   263.94   0.021   63
   260.15   0.020   64
   259.63   0.021   65
   261.96   0.020   66
   261.90   0.021   67
   266.32   0.021   69
   272.08   0.020   70
   277.44   0.021   71
   292.50   0.020   72
   337.51   0.021   73
   367.40   0.020   74
   703.51   0.021   75
   845.45   0.020   76
   612.46   0.021   77
   461.76   0.020   78
   473.59   0.020   79
   436.44   0.021   80
   506.32   0.020   81
   433.48   0.021   82
   370.26   0.020   83
   374.41   0.021   84
   352.47   0.020   85
   336.09   0.021   86
   353.51   0.020   87
   355.46   0.021   88
   358.66   0.020   89
   446.68   0.021   90
   536.44   0.020   91
   598.15   0.021   92
   546.09   0.020   93
   527.95   0.021   94
   611.52   0.020   95
   666.08   0.021   96
   695.14   0.020   97
   647.32   0.021   98
   277.42   0.020   99
   604.77   0.021  100
  1400.97   0.020  101
   977.13   0.021  102
   547.87   0.020  103
   301.22   0.020  104
   436.26   0.021  105
   415.49   0.020  106
   383.91   0.021  107
   311.34   0.020  108
   297.01   0.021  109
   293.74   0.020  110
   278.90   0.021  111
   269.22   0.020  112
   274.79   0.021  113
   273.70   0.020  114
   267.87   0.021  115
   262.83   0.020  116
   261.91   0.021  117
   268.45   0.020  118
   277.14   0.021  119
   261.55   0.020  120
   260.30   0.021  121
   265.85   0.020  122
   260.12   0.021  123
   258.23   0.020  124
   254.72   0.021  125
   273.99   0.020  126
   269.15   0.021  127
   269.64   0.020  128
   279.32   0.020  129
   285.33   0.021  130
   317.83   0.020  131
   363.27   0.021  132
   596.34   0.020  133
   672.32   0.021  134
   991.18   0.020  135
   601.63   0.021  136
   528.88   0.020  137
   499.16   0.021  138
   491.36   0.020  139
   386.62   0.021  140
   321.01   0.020  141
   313.98   0.021  142
   325.31   0.020  143
   326.88   0.021  144
   288.42   0.020  145
   298.10   0.021  146
   437.52   0.020  147
   415.54   0.021  148
   409.29   0.020  149
   366.57   0.021  150
   562.16   0.020  151
   659.33   0.021  152
   598.44   0.020  153
   520.82   0.020  154
   536.65   0.021  155
   555.26   0.020  156
   542.03   0.021  157
   346.09   0.020  158
   728.36   0.021  159
  1123.67   0.020  160
  1054.92   0.021  161
   594.87   0.020  162
   561.03   0.021  163
   432.18   0.020  164
   416.74   0.021  165
   334.77   0.020  166
   306.49   0.021  167
   290.27   0.020  168
   276.92   0.021  169
   272.88   0.020  170
   270.32   0.021  171
   264.70   0.020  172
   261.96   0.021  173
   270.81   0.020  174
   269.48   0.021  175
   269.39   0.020  176
   270.43   0.021  177
   269.77   0.020  178
   269.68   0.020  179
   261.97   0.021  180
   261.00   0.020  181
   257.78   0.021  182
   256.36   0.020  183
   255.99   0.021  184
   261.77   0.020  185
   267.87   0.021  186
   273.93   0.020  187
   279.52   0.021  188
   297.93   0.020  189
   365.75   0.021  190
   554.37   0.020  191
   743.13   0.021  192
   974.92   0.020  193
   552.88   0.021  194
   394.25   0.020  195
   478.51   0.021  196
   452.32   0.020  197
   383.57   0.021  198
   384.51   0.020  199
   392.09   0.021  200
   370.83   0.020  201
   354.07   0.021  202
   324.99   0.020  203
   318.12   0.020  204
   438.79   0.021  205
   485.87   0.020  206
   448.88   0.021  207
   449.94   0.020  208
   497.39   0.021  209
   489.09   0.020  210
   477.01   0.021  211
   518.81   0.020  212
   583.50   0.021  213
   587.14   0.020  214
   544.87   0.021  215
   536.07   0.020  216
   545.62   0.021  217
   962.23   0.020  218
   531.32   0.021  219
   368.57   0.020  220
   589.78   0.021  221
   326.10   0.020  222
   379.33   0.021  223
   354.81   0.020  224
   313.93   0.021  225
   289.23   0.020  226
   283.69   0.021  227
   270.26   0.020  228
   273.73   0.020  229
   270.14   0.021  230
   263.30   0.020  231
   269.87   0.021  232
   272.00   0.020  233
   263.41   0.021  234
   264.36   0.020  235
   267.44   0.021  236
   265.20   0.020  237
   262.20   0.021  238
   255.82   0.021  240
   256.59   0.020  241
   258.85   0.021  242
   265.68   0.020  243
   262.58   0.021  244
   267.19   0.020  245
   274.11   0.021  246
   285.54   0.020  247
   332.61   0.021  248
   461.96   0.020  249
   578.13   0.021  250
   565.85   0.020  251
   686.15   0.021  252
   481.89   0.020  254
   521.34   0.021  255
   454.68   0.020    0
   397.42   0.021    1
   376.58   0.020    2
   349.06   0.021    3
   329.06   0.021    5
   325.53   0.020    6
   316.29   0.021    7
   360.09   0.020    8
   517.90   0.021    9
   551.08   0.020   10
   479.83   0.020   12
   492.80   0.021   13
   537.37   0.020   14
   583.36   0.021   15
   630.46   0.020   16
   636.48   0.021   17
   636.46   0.021   19
   719.41   0.020   20
  1139.67   0.021   21
   699.97   0.020   22
   387.00   0.020   23
   564.01   0.021   24
   383.03   0.021   26
   322.75   0.020   27
   295.28   0.021   28
   278.74   0.020   29
   274.00   0.021   30
   269.70   0.020   31
   261.13   0.020   33
   254.82   0.021   34
   253.53   0.020   35
   261.91   0.021   36
   262.62   0.020   37
   258.97   0.021   38
   258.21   0.021   40
   260.95   0.020   41
   257.28   0.021   42
   254.01   0.020   43
   259.66   0.021   44
   255.24   0.020   45
   264.67   0.020   47
   266.55   0.020   48
   283.80   0.021   49
   301.33   0.020   50
   347.45   0.021   51
   583.09   0.020   52
   608.18   0.021   53
   699.99   0.020   54
   423.47   0.021   55
   371.28   0.020   56
   434.32   0.021   57
   421.86   0.020   58
   380.56   0.021   59
   414.96   0.020   60
   374.13   0.021   61
   345.12   0.020   62
   343.71   0.021   63
   350.54   0.020   64
   344.98   0.021   65
   325.38   0.020   66
   285.12   0.021   67
   400.12   0.020   68
   480.11   0.021   69
   457.46   0.020   70
   468.97   0.021   71
   590.88   0.020   72
   644.72   0.020   73
   530.93   0.021   74
   635.43   0.020   75
   660.48   0.021   76
   568.23   0.020   77
   556.75   0.021   78
   842.21   0.020   79
  1155.55   0.021   80
   614.04   0.020   81
   432.94   0.021   82
   544.35   0.020   83
   326.58   0.021   84
   261.63   0.020   85
   300.76   0.021   86
   381.40   0.020   87
   317.63   0.021   88
   288.22   0.020   89
   275.82   0.021   90
   265.46   0.020   91
   260.88   0.021   92
   258.71   0.020   93
   260.62   0.021   94
   261.51   0.020   95
   258.31   0.021   96
   262.30   0.020   97
   259.38   0.020   98
   260.07   0.021   99
   261.94   0.020  100
   259.98   0.021  101
   254.09   0.020  102
   256.01   0.021  103
   255.88   0.020  104
   256.49   0.021  105
   256.34   0.020  106
   257.48   0.021  107
   259.59   0.020  108
   273.46   0.021  109
   290.45   0.020  110
   394.29   0.021  111
   503.65   0.020  112
   518.51   0.021  113
  1082.80   0.020  114
   527.63   0.021  115
   406.85   0.020  116
   388.33   0.021  117
   370.53   0.020  118
   405.86   0.021  119
   367.58   0.020  120
   308.55   0.021  121
   332.13   0.020  122
   336.96   0.020  123
   321.64   0.021  124
   343.44   0.020  125
   340.34   0.021  126
   324.66   0.020  127
   342.73   0.021  128
   419.99   0.020  129
   415.38   0.021  130
   411.83   0.020  131
   491.10   0.021  132
   604.28   0.020  133
   540.10   0.021  134
   520.57   0.020  135
   618.13   0.021  136
   661.95   0.020  137
   622.69   0.021  138
   527.63   0.020  139
   582.20   0.021  140
   974.76   0.020  141
   666.21   0.021  142
   357.11   0.020  143
   458.02   0.021  144
   383.00   0.020  145
   321.24   0.021  146
   292.24   0.020  147
   279.99   0.020  148
   283.69   0.021  149
   270.89   0.020  150
   268.21   0.021  151
   266.90   0.020  152
   256.72   0.021  153
   264.03   0.020  154
   266.67   0.021  155
   261.74   0.020  156
   262.87   0.021  157
   263.18   0.020  158
   269.31   0.021  159
   261.75   0.020  160
   259.19   0.021  161
   258.38   0.020  162
   257.49   0.021  163
   256.16   0.020  164
   253.21   0.021  165
   257.93   0.020  166
   269.91   0.021  167
   276.95   0.020  168
   263.36   0.021  169
   274.96   0.020  170
   277.98   0.021  171
   339.49   0.020  172
   414.59   0.020  173
   532.06   0.021  174
   521.95   0.020  175
   648.65   0.021  176
   475.93   0.020  177
   507.36   0.021  178
   459.60   0.020  179
   469.89   0.021  180
   425.20   0.020  181
   407.32   0.021  182
   390.54   0.020  183
   345.50   0.021  184
   340.84   0.020  185
   345.38   0.021  186
   329.80   0.020  187
   317.26   0.021  188
   425.69   0.020  189
   513.03   0.021  190
   512.02   0.020  191
   507.70   0.021  192
   515.32   0.020  193
   589.15   0.021  194
   585.04   0.020  195
   683.72   0.021  196
   717.92   0.020  197
   660.02   0.020  198
   424.27   0.021  199
  1030.24   0.020  200
  1026.04   0.021  201
   782.66   0.020  202
   476.16   0.021  203
   581.17   0.020  204
   435.05   0.021  205
   315.05   0.020  206
   353.89   0.021  207
   322.02   0.020  208
   294.92   0.021  209
   283.15   0.020  210
   276.44   0.021  211
   271.96   0.020  212
   262.85   0.021  213
   266.30   0.020  214
   263.31   0.021  215
   263.74   0.020  216
   259.52   0.021  217
   254.34   0.020  218
   258.91   0.021  219
   266.12   0.020  220
   266.52   0.021  221
   261.15   0.020  222
   254.14   0.020  223
   248.94   0.021  224
   255.53   0.020  225
   266.58   0.021  226
   270.29   0.020  227
   264.70   0.021  228
   264.57   0.020  229
   266.76   0.021  230
   297.31   0.021  232
   339.66   0.020  233
   559.29   0.021  234
   561.66   0.020  235
  1140.56   0.021  236
   609.80   0.020  237
   528.09   0.020  239
   423.86   0.021  240
   369.72   0.020  241
   346.14   0.021  242
   333.41   0.020  243
   338.32   0.021  244
   344.65   0.020  245
   390.60   0.021  246
   389.34   0.020  247
   477.08   0.020  248
   591.10   0.021  249
   626.29   0.020  250
   661.35   0.021  251
   742.53   0.021  253
   845.15   0.020  254
   761.14   0.021  255
   489.19   0.020    0
  1183.51   0.021    1
  1185.28   0.020    2
   705.51   0.020    4
   284.90   0.021    5
   433.66   0.020    6
   366.76   0.021    7
   323.36   0.020    8
   278.11   0.021    9
   276.00   0.021   11
   279.86   0.020   12
   270.09   0.021   13
   261.76   0.020   14
   269.51   0.021   15
   264.89   0.020   16
   248.78   0.021   18
   253.23   0.020   19
   256.45   0.021   20
   257.33   0.020   21
   256.69   0.021   22
   258.81   0.020   23
   249.18   0.020   25
   258.96   0.021   26
   257.35   0.020   27
   247.78   0.021   28
   251.65   0.020   29
   265.89   0.021   30
   265.78   0.021   32
   264.56   0.020   33
   273.19   0.021   34
   303.14   0.020   35
   384.08   0.021   36
   668.22   0.020   37
  1111.14   0.020   39
   559.33   0.021   40
   459.96   0.020   41
   421.19   0.020   42
   356.14   0.021   43
   361.64   0.020   44
   321.77   0.021   45
   304.54   0.020   46
   304.10   0.021   47
   326.12   0.020   48
   389.37   0.021   49
   405.17   0.020   50
   389.81   0.021   51
   399.27   0.020   52
   452.17   0.021   53
   541.20   0.020   54
   612.26   0.021   55
   656.61   0.020   56
   639.71   0.021   57
   677.19   0.020   58
   736.70   0.021   59
   701.35   0.020   60
   488.71   0.021   61
   886.29   0.020   62
  1208.65   0.021   63
   796.84   0.020   64
   372.60   0.021   65
   619.40   0.020   66
   423.50   0.020   67
   400.87   0.021   68
   313.44   0.020   69
   291.51   0.021   70
   274.14   0.020   71
   267.98   0.021   72
   264.67   0.020   73
   268.06   0.021   74
   259.40   0.020   75
   254.40   0.021   76
   255.46   0.020   77
   257.41   0.021   78
   254.07   0.020   79
   257.35   0.021   80
   257.59   0.020   81
   254.48   0.021   82
   254.06   0.020   83
   257.47   0.021   84
   260.43   0.020   85
   256.26   0.021   86
   252.64   0.020   87
   257.04   0.021   88
   258.01   0.020   89
   251.22   0.021   90
   256.87   0.020   91
   269.45   0.020   92
   266.91   0.021   93
   263.65   0.020   94
   464.48   0.021   95
   614.28   0.020   96
   604.12   0.021   97
  1191.91   0.020   98
   740.75   0.021   99
   441.78   0.020  100
   420.10   0.021  101
   366.08   0.020  102
   351.85   0.021  103
   282.70   0.020  104
   250.33   0.021  105
   310.56   0.020  106
   316.17   0.021  107
   298.08   0.020  108
   329.25   0.021  109
   461.43   0.020  110
   498.13   0.021  111
   592.05   0.020  112
   663.82   0.021  113
   565.51   0.020  114
   502.98   0.021  115
   525.74   0.020  116
   538.88   0.020  117
   514.14   0.021  118
   432.89   0.020  119
   373.92   0.021  120
   663.86   0.020  121
   832.63   0.021  122
   607.41   0.020  123
  1044.24   0.021  124
   648.75   0.020  125
   395.24   0.021  126
   331.06   0.020  127
   290.25   0.021  128
   268.00   0.020  129
   265.56   0.021  130
   264.60   0.020  131
   264.47   0.021  132
   259.54   0.020  133
   258.07   0.021  134
   256.81   0.020  135
   257.04   0.021  136
   256.81   0.020  137
   259.97   0.021  138
   258.74   0.020  139
   258.07   0.021  140
   260.79   0.020  141
   262.48   0.020  142
   263.26   0.021  143
   262.20   0.020  144
   261.27   0.021  145
   261.45   0.020  146
   262.42   0.021  147
   262.50   0.020  148
   259.58   0.021  149
   262.13   0.020  150
   261.27   0.021  151
   262.11   0.020  152
   262.33   0.021  153
   260.49   0.020  154
   259.20   0.021  155
   259.17   0.020  156
   259.20   0.021  157
   261.19   0.020  158
   260.24   0.021  159
   258.40   0.020  160
   260.33   0.021  161
   260.18   0.020  162
   259.12   0.021  163
   259.12   0.020  164
   259.29   0.021  165
   260.26   0.020  166
   260.22   0.020  167
   259.09   0.021  168
   260.18   0.020  169
   260.13   0.021  170
   260.36   0.020  171
   259.24   0.021  172
   258.16   0.020  173
