   254.67   0.020  140
   257.75   0.021  141
   254.47   0.020  142
   254.35   0.021  143
   254.47   0.020  144
   256.65   0.021  145
   255.40   0.020  146
   249.26   0.021  147
   253.40   0.020  148
   261.94   0.021  149
   252.94   0.020  150
   251.07   0.021  151
   254.63   0.020  152
   257.58   0.021  153
   255.49   0.020  154
   247.46   0.021  155
   257.58   0.020  156
   253.24   0.021  157
   256.74   0.020  158
   258.76   0.021  159
   256.65   0.020  160
   256.83   0.020  161
   254.41   0.021  162
   254.41   0.020  163
   252.38   0.021  164
   253.40   0.020  165
   254.41   0.021  166
   254.39   0.020  167
   253.40   0.021  168
   253.55   0.020  169
   253.46   0.021  170
   253.46   0.020  171
   252.35   0.021  172
   252.32   0.020  173
   254.35   0.021  174
   253.33   0.020  175
   254.35   0.021  176
   253.25   0.020  177
   254.41   0.021  178
   253.40   0.020  179
   253.33   0.021  180
   252.45   0.020  181
   254.35   0.021  182
   254.41   0.020  183
   253.40   0.021  184
   253.22   0.020  185
   254.43   0.020  186
   253.42   0.021  187
   253.25   0.020  188
   253.48   0.021  189
   254.41   0.020  190
   253.57   0.021  191
   255.57   0.020  192
   251.31   0.021  193
   254.47   0.020  194
   254.47   0.021  195
   254.33   0.020  196
   253.40   0.021  197
   255.50   0.020  198
   253.38   0.021  199
   254.47   0.020  200
   252.32   0.021  201
   253.48   0.020  202
   252.38   0.021  203
   254.56   0.020  204
   255.50   0.021  205
   254.47   0.020  206
   252.47   0.021  207
   254.41   0.020  208
   254.58   0.021  209
   254.47   0.020  210
   254.41   0.020  211
   253.40   0.021  212
   254.47   0.020  213
   251.46   0.021  214
   254.41   0.020  215
   253.33   0.021  216
   253.55   0.020  217
   254.41   0.021  218
   250.36   0.020  219
   254.43   0.021  220
   253.86   0.020  221
   250.18   0.021  222
   255.57   0.020  223
   251.11   0.021  224
   254.56   0.020  225
   254.41   0.021  226
   256.81   0.020  227
   249.09   0.021  228
   250.14   0.020  229
   252.05   0.021  230
   254.65   0.020  231
   257.84   0.021  232
   254.56   0.020  233
   254.41   0.021  234
   260.93   0.020  235
   247.53   0.020  236
   251.21   0.021  237
   252.24   0.020  238
   254.47   0.021  239
   259.00   0.020  240
   255.66   0.021  241
   254.41   0.020  242
   258.66   0.021  243
   256.65   0.020  244
   253.55   0.021  245
   250.51   0.020  246
   257.75   0.021  247
   254.47   0.020  248
   255.47   0.021  249
   254.39   0.020  250
   254.41   0.021  251
   253.55   0.020  252
   255.50   0.021  253
   253.40   0.020  254
   255.55   0.021  255
   256.48   0.020    0
   256.56   0.021    1
   254.39   0.020    2
   255.53   0.021    3
   252.52   0.020    4
   254.46   0.020    5
   255.41   0.021    6
   252.44   0.020    7
   253.59   0.021    8
   253.40   0.020    9
   254.41   0.021   10
   254.50   0.020   11
   254.45   0.021   12
   252.48   0.020   13
   253.34   0.021   14
   257.36   0.020   15
   258.42   0.021   16
   253.54   0.020   17
   256.95   0.021   18
   255.26   0.020   19
   244.50   0.021   20
   260.39   0.020   21
   453.19   0.021   22
   559.31   0.020   23
   387.76   0.021   24
   428.41   0.020   25
   428.44   0.021   26
   408.87   0.020   27
   389.10   0.021   28
   351.81   0.020   29
   315.57   0.020   30
   324.62   0.021   31
   354.62   0.020   32
   342.86   0.021   33
   272.74   0.020   34
   238.99   0.021   35
   233.78   0.020   36
   352.61   0.021   37
   453.42   0.020   38
   413.48   0.021   39
   324.26   0.020   40
   333.77   0.021   41
   392.18   0.020   42
   402.79   0.021   43
   398.71   0.020   44
   407.03   0.021   45
   596.74   0.020   46
   455.61   0.021   47
   691.18   0.020   48
   702.84   0.021   49
   490.75   0.021   51
   367.62   0.020   52
   285.95   0.021   53
   303.54   0.020   54
   310.09   0.020   55
   277.82   0.021   56
   273.16   0.021   58
   255.67   0.020   59
   263.43   0.021   60
   263.28   0.020   61
   255.60   0.021   62
   248.00   0.020   63
   254.26   0.020   65
   251.30   0.021   66
   256.80   0.020   67
   260.89   0.021   68
   260.82   0.020   69
   254.44   0.021   70
   240.78   0.021   72
   254.60   0.020   73
   254.13   0.021   74
   257.87   0.020   75
   254.77   0.021   76
   249.61   0.020   77
   291.49   0.020   79
   353.09   0.020   80
   406.46   0.021   81
   639.38   0.020   82
   639.42   0.021   83
   642.87   0.020   84
   508.33   0.020   86
   424.74   0.021   87
   363.53   0.020   88
   319.15   0.021   89
   299.87   0.020   90
   284.74   0.021   91
   319.94   0.021   93
   325.18   0.020   94
   325.61   0.021   95
   361.38   0.020   96
   378.77   0.021   97
   424.23   0.020   98
   593.52   0.020  100
   738.65   0.021  101
   577.94   0.020  102
   719.78   0.021  103
   591.76   0.020  104
   575.54   0.020  105
   787.54   0.020  107
   766.46   0.021  108
   633.97   0.020  109
   602.24   0.021  110
   551.49   0.020  111
   358.18   0.021  112
   280.76   0.021  114
   261.66   0.020  115
   263.50   0.021  116
   264.05   0.020  117
   257.36   0.021  118
   249.00   0.020  119
   250.46   0.020  121
   259.16   0.021  122
   249.65   0.020  123
   248.94   0.021  124
   257.50   0.020  125
   261.57   0.021  126
   249.53   0.021  128
   241.87   0.020  129
   257.17   0.020  130
   260.18   0.021  131
   237.93   0.020  132
   257.43   0.021  133
   287.35   0.021  135
   305.93   0.020  136
   547.48   0.021  137
   655.26   0.020  138
   661.63   0.021  139
   696.97   0.020  140
   572.01   0.020  142
   427.96   0.021  143
   386.45   0.020  144
   326.23   0.021  145
   308.00   0.020  146
   293.10   0.021  147
   292.18   0.020  148
   285.44   0.021  149
   338.49   0.020  150
   415.45   0.021  151
   414.06   0.020  152
   459.94   0.021  153
   487.00   0.020  154
   594.32   0.021  156
   686.16   0.020  157
   615.33   0.021  158
   676.90   0.020  159
   547.04   0.021  160
   531.63   0.020  161
   711.94   0.020  163
   897.69   0.021  164
   603.77   0.020  165
   740.46   0.021  166
   477.41   0.020  167
   297.61   0.021  168
   293.14   0.020  169
   320.88   0.021  170
   283.21   0.020  171
   265.41   0.021  172
   259.37   0.020  173
   258.52   0.021  174
   253.68   0.020  175
   251.93   0.020  177
   252.44   0.021  178
   253.01   0.020  179
   250.45   0.020  180
   253.31   0.021  181
   255.53   0.020  182
   255.70   0.021  183
   255.33   0.020  184
   251.67   0.021  185
   253.31   0.020  186
   250.12   0.021  187
   250.00   0.020  188
   244.45   0.021  189
   257.59   0.020  190
   261.48   0.021  191
   287.94   0.020  192
   286.69   0.021  193
   469.25   0.020  194
   637.40   0.021  195
   627.59   0.020  196
   632.99   0.021  197
   550.54   0.020  198
   596.84   0.021  199
   472.92   0.020  200
   375.69   0.021  201
   363.36   0.020  202
   332.01   0.021  203
   332.78   0.020  204
   321.66   0.020  205
   294.75   0.021  206
   273.13   0.020  207
   348.07   0.021  208
   465.37   0.020  209
   433.84   0.021  210
   513.54   0.020  211
   591.84   0.021  212
   635.27   0.020  213
   711.92   0.021  214
   616.62   0.020  215
   719.58   0.021  216
   521.85   0.020  217
   626.24   0.021  218
   843.21   0.020  219
   773.85   0.021  220
   583.12   0.020  221
   690.30   0.021  222
   476.15   0.020  223
   277.91   0.021  224
   331.15   0.020  225
   303.58   0.021  226
   273.81   0.020  227
   268.52   0.021  228
   261.49   0.020  229
   253.49   0.020  230
   257.22   0.021  231
   253.52   0.020  232
   251.65   0.021  233
   251.99   0.020  234
   254.60   0.021  235
   251.95   0.020  236
   252.65   0.021  237
   265.06   0.020  238
   263.39   0.021  239
   255.82   0.020  240
   247.57   0.021  241
   249.80   0.020  242
   243.13   0.021  243
   249.08   0.020  244
   254.66   0.021  245
   248.87   0.020  246
   254.67   0.021  247
   262.51   0.020  248
   278.11   0.021  249
   302.72   0.020  250
   384.54   0.021  251
   653.13   0.020  252
   613.82   0.021  253
   679.90   0.020  254
   646.73   0.020  255
   611.40   0.021    0
   535.22   0.020    1
   451.34   0.021    2
   370.96   0.020    3
   359.22   0.021    4
   372.60   0.020    5
   360.82   0.021    6
   346.20   0.020    7
   363.42   0.021    8
   406.77   0.020    9
   414.47   0.021   10
   450.28   0.020   11
   554.73   0.021   12
   612.87   0.020   13
   680.84   0.021   14
   701.38   0.020   15
   566.84   0.021   16
   646.48   0.020   17
   516.02   0.021   18
   519.43   0.020   19
   758.43   0.021   20
   798.72   0.020   21
   654.05   0.021   22
   573.17   0.020   23
   560.73   0.020   24
   383.97   0.021   25
   287.86   0.020   26
   282.04   0.021   27
   265.57   0.020   28
   259.62   0.021   29
   257.91   0.020   30
   258.28   0.021   31
   254.48   0.020   32
   249.94   0.021   33
   249.27   0.020   34
   250.94   0.021   35
   257.86   0.020   36
   256.76   0.021   37
   250.82   0.020   38
   253.56   0.021   39
   250.36   0.020   40
   251.57   0.021   41
   248.07   0.020   42
   253.67   0.021   43
   253.08   0.020   44
   246.18   0.021   45
   246.27   0.020   46
   261.52   0.021   47
   288.70   0.020   48
   334.63   0.020   49
   560.54   0.021   50
   615.86   0.020   51
   594.83   0.021   52
   687.81   0.020   53
   613.30   0.021   54
   530.51   0.020   55
   400.67   0.021   56
   335.60   0.020   57
   322.72   0.021   58
   312.62   0.020   59
   329.43   0.021   60
   363.87   0.020   61
   382.40   0.021   62
   376.27   0.020   63
   433.40   0.021   64
   440.31   0.020   65
   493.80   0.021   66
   555.48   0.020   67
   628.82   0.021   68
   738.98   0.020   69
   555.94   0.021   70
   657.73   0.020   71
   572.63   0.021   72
   545.35   0.020   73
   719.42   0.020   74
   751.52   0.021   75
   725.49   0.020   76
   815.79   0.021   77
   432.76   0.020   78
   497.34   0.021   79
   314.46   0.020   80
   280.62   0.021   81
   264.00   0.020   82
   262.32   0.021   83
   261.17   0.020   84
   260.46   0.021   85
   256.48   0.020   86
   254.35   0.021   87
   249.99   0.020   88
   250.85   0.021   89
   252.04   0.020   90
   254.21   0.021   91
   254.18   0.020   92
   256.31   0.021   93
   260.39   0.020   94
   253.24   0.021   95
   247.83   0.020   96
   249.26   0.021   97
   248.94   0.020   98
   251.49   0.020   99
   236.84   0.021  100
   254.81   0.020  101
   254.29   0.021  102
   261.02   0.020  103
   293.42   0.021  104
   344.54   0.020  105
   555.76   0.021  106
   639.84   0.020  107
   575.62   0.021  108
   672.93   0.020  109
   645.66   0.021  110
   509.62   0.020  111
   377.00   0.021  112
   311.50   0.020  113
   270.23   0.021  114
   292.67   0.020  115
   326.90   0.021  116
   353.80   0.020  117
   335.01   0.021  118
   341.06   0.020  119
   373.35   0.021  120
   409.92   0.020  121
   420.03   0.021  122
   546.22   0.020  123
   575.47   0.020  124
   648.38   0.021  125
   679.62   0.020  126
   563.67   0.021  127
   652.45   0.020  128
   544.44   0.021  129
   380.68   0.020  130
   713.53   0.021  131
   753.27   0.020  132
   630.50   0.021  133
   758.67   0.020  134
   585.70   0.021  135
   290.62   0.020  136
   272.77   0.021  137
   259.59   0.020  138
   261.24   0.021  139
   264.56   0.020  140
   264.30   0.021  141
   254.05   0.020  142
   244.07   0.021  143
   250.21   0.020  144
   250.92   0.021  145
   251.93   0.020  146
   252.58   0.021  147
   253.90   0.020  148
   260.15   0.020  149
   258.78   0.021  150
   253.04   0.020  151
   256.43   0.021  152
   252.11   0.020  153
   248.22   0.021  154
   248.35   0.020  155
   240.43   0.021  156
   239.11   0.020  157
   259.89   0.021  158
   264.59   0.020  159
   279.84   0.021  160
   336.59   0.020  161
   552.42   0.021  162
   624.28   0.020  163
   565.66   0.021  164
   578.28   0.020  165
   655.47   0.021  166
   587.49   0.020  167
   431.51   0.021  168
   330.94   0.020  169
   296.97   0.021  170
   288.30   0.020  171
   307.45   0.021  172
   363.89   0.020  173
   372.43   0.020  174
   335.89   0.021  175
   351.37   0.020  176
   407.85   0.021  177
   497.55   0.020  178
   493.71   0.021  179
   442.66   0.020  180
   486.23   0.021  181
   593.17   0.020  182
   556.28   0.021  183
   515.37   0.020  184
   528.79   0.021  185
   530.72   0.020  186
   518.60   0.021  187
   506.04   0.020  188
   265.64   0.021  189
   572.08   0.020  190
   748.31   0.021  191
   886.11   0.020  192
   595.08   0.021  193
   323.61   0.020  194
   332.49   0.021  195
   261.49   0.020  196
   259.81   0.021  197
   264.12   0.020  198
   258.16   0.020  199
   258.05   0.021  200
   255.16   0.020  201
   257.61   0.021  202
   258.14   0.020  203
   253.11   0.021  204
   253.13   0.020  205
   254.67   0.021  206
   255.33   0.020  207
   254.21   0.021  208
   256.34   0.020  209
   254.16   0.021  210
   255.26   0.020  211
   255.39   0.021  212
   254.33   0.020  213
   257.03   0.021  214
   256.52   0.020  215
   254.41   0.021  216
   255.45   0.020  217
   254.33   0.021  218
   256.05   0.020  219
   254.32   0.021  220
   258.58   0.020  221
   252.91   0.021  222
   254.80   0.020  223
   256.08   0.020  224
   252.47   0.021  225
   251.68   0.020  226
   253.58   0.021  227
   250.09   0.020  228
   252.71   0.021  229
   253.60   0.020  230
   257.12   0.021  231
   253.90   0.020  232
   251.39   0.021  233
   251.67   0.020  234
   256.80   0.021  235
   253.58   0.020  236
   256.01   0.021  237
   254.90   0.020  238
   250.56   0.021  239
   254.69   0.020  240
   253.48   0.021  241
   247.97   0.020  242
   254.69   0.021  243
   256.50   0.020  244
