   255.73   0.020   30
   258.28   0.021   31
   256.80   0.020   32
   254.41   0.021   33
   256.86   0.020   34
   256.55   0.021   35
   258.88   0.020   36
   254.47   0.021   37
   253.53   0.020   38
   253.59   0.021   39
   255.67   0.020   40
   254.47   0.021   41
   253.65   0.020   42
   253.53   0.021   43
   254.53   0.020   44
   254.72   0.021   45
   254.53   0.020   46
   255.48   0.021   47
   252.52   0.020   48
   253.59   0.021   49
   254.66   0.020   50
   253.66   0.021   51
   253.46   0.020   52
   255.54   0.021   53
   252.45   0.020   54
   254.59   0.020   55
   254.86   0.021   56
   257.82   0.020   57
   254.59   0.021   58
   254.66   0.020   59
   253.42   0.021   60
   255.80   0.020   61
   253.66   0.021   62
   253.85   0.020   63
   255.67   0.021   64
   251.39   0.020   65
   254.66   0.021   66
   254.72   0.020   67
   253.66   0.021   68
   252.77   0.020   69
   252.45   0.021   70
   253.22   0.020   71
   254.79   0.021   72
   254.66   0.020   73
   252.52   0.021   74
   253.53   0.020   75
   256.67   0.021   76
   255.79   0.020   77
   255.73   0.021   78
   254.66   0.020   79
   253.66   0.020   80
   255.54   0.021   81
   254.53   0.020   82
   250.40   0.021   83
   249.43   0.020   84
   251.46   0.021   85
   248.36   0.020   86
   252.71   0.021   87
   255.92   0.020   88
   249.85   0.021   89
   246.41   0.020   90
   249.31   0.021   91
   255.86   0.020   92
   258.96   0.021   93
   257.81   0.020   94
   254.56   0.021   95
   256.67   0.020   96
   253.72   0.021   97
   257.81   0.020   98
   254.59   0.021   99
   255.66   0.020  100
   253.59   0.021  101
   252.46   0.020  102
   252.71   0.021  103
   253.65   0.020  104
   253.66   0.020  105
   253.34   0.021  106
   253.47   0.020  107
   254.53   0.021  108
   254.53   0.020  109
   255.42   0.021  110
   254.72   0.020  111
   255.60   0.021  112
   254.59   0.020  113
   254.66   0.021  114
   252.84   0.020  115
   254.53   0.021  116
   254.59   0.020  117
   254.66   0.021  118
   254.72   0.020  119
   254.72   0.021  120
   253.79   0.020  121
   252.39   0.021  122
   255.54   0.020  123
   254.72   0.021  124
   255.79   0.020  125
   253.72   0.021  126
   254.66   0.020  127
   253.20   0.021  128
   256.74   0.020  129
   254.72   0.020  130
   255.66   0.021  131
   254.66   0.020  132
   254.79   0.021  133
   255.67   0.020  134
   255.75   0.021  135
   255.67   0.021  137
   254.43   0.020  138
   255.92   0.021  139
   251.31   0.020  140
   256.81   0.021  141
   253.42   0.020  142
   258.85   0.020  144
   259.78   0.021  145
   264.11   0.020  146
   257.04   0.021  147
   249.35   0.020  148
   261.87   0.021  149
   275.01   0.021  151
   264.17   0.020  152
   256.79   0.021  153
   234.35   0.020  154
   231.05   0.020  155
   238.37   0.021  156
   240.59   0.021  158
   271.58   0.020  159
   263.21   0.021  160
   250.94   0.020  161
   236.19   0.021  162
   257.00   0.020  163
   405.56   0.020  165
   339.24   0.021  166
   325.25   0.020  167
   385.12   0.021  168
   410.79   0.020  169
   415.92   0.021  170
   391.91   0.020  171
   359.03   0.021  172
   306.95   0.020  173
   300.59   0.021  174
   319.09   0.020  175
   317.36   0.021  176
   275.84   0.020  177
   233.73   0.020  179
   334.07   0.020  180
   387.15   0.021  181
   350.22   0.020  182
   289.18   0.021  183
   201.64   0.020  184
   283.45   0.020  186
   255.92   0.021  187
   279.91   0.020  188
   332.04   0.021  189
   364.68   0.020  190
   364.05   0.021  191
   545.58   0.020  192
   589.59   0.021  193
   567.82   0.020  194
   333.00   0.021  195
   276.34   0.020  196
   363.42   0.021  197
   278.76   0.020  198
   322.92   0.020  200
   292.24   0.021  201
   280.12   0.020  202
   267.89   0.021  203
   258.36   0.020  204
   260.10   0.020  205
   256.34   0.021  206
   248.76   0.020  207
   256.89   0.021  208
   253.00   0.020  209
   262.93   0.021  210
   258.40   0.020  211
   253.17   0.021  212
   250.60   0.020  213
   251.95   0.021  214
   249.68   0.020  215
   238.75   0.021  216
   247.70   0.020  217
   248.02   0.021  218
   263.18   0.020  219
   263.07   0.021  220
   263.75   0.020  221
   258.90   0.021  222
   274.09   0.020  223
   277.08   0.021  224
   331.39   0.020  225
   518.77   0.021  226
   535.68   0.020  227
   361.04   0.021  228
   756.86   0.020  229
   588.22   0.020  230
   628.51   0.021  231
   390.62   0.020  232
   198.08   0.021  233
   207.02   0.020  234
   394.63   0.021  235
   404.30   0.020  236
   239.33   0.021  237
   376.90   0.020  238
   444.00   0.021  239
   412.92   0.020  240
   386.97   0.021  241
   411.15   0.020  242
   439.03   0.021  243
   434.04   0.020  244
   515.24   0.021  245
   605.69   0.020  246
   507.41   0.021  247
   550.95   0.020  248
   599.96   0.021  249
   597.68   0.020  250
   517.94   0.021  251
   541.79   0.020  252
   593.67   0.021  253
   562.31   0.020  254
   551.54   0.020  255
   753.84   0.021    0
   468.33   0.020    1
   505.02   0.021    2
   446.58   0.020    3
   283.04   0.021    4
   344.85   0.020    5
   327.35   0.021    6
   286.85   0.020    7
   275.67   0.021    8
   257.49   0.020    9
   259.18   0.021   10
   255.29   0.020   11
   254.85   0.021   12
   259.23   0.020   13
   253.43   0.021   14
   252.67   0.020   15
   250.42   0.021   16
   249.76   0.020   17
   252.48   0.021   18
   251.38   0.020   19
   247.48   0.021   20
   252.07   0.020   21
   258.59   0.021   22
   267.96   0.020   23
   281.56   0.020   24
   260.83   0.021   25
   300.66   0.020   26
   499.05   0.021   27
   570.28   0.020   28
   686.65   0.021   29
   773.73   0.020   30
   589.41   0.021   31
   649.59   0.020   32
   453.42   0.021   33
   349.15   0.020   34
   174.53   0.021   35
   236.44   0.020   36
   308.65   0.021   37
   343.96   0.020   38
   319.31   0.021   39
   405.27   0.020   40
   395.88   0.021   41
   348.76   0.020   42
   352.03   0.021   43
   451.04   0.020   44
   564.30   0.021   45
   560.83   0.020   46
   567.77   0.021   47
   496.24   0.020   48
   573.55   0.020   49
   666.52   0.021   50
   598.42   0.020   51
   547.78   0.021   52
   522.87   0.020   53
   444.97   0.021   54
   706.31   0.020   55
   824.01   0.021   56
   763.47   0.020   57
   687.20   0.021   58
   491.05   0.020   59
   329.98   0.021   60
   362.85   0.020   61
   290.75   0.021   62
   270.32   0.020   63
   263.06   0.021   64
   259.74   0.020   65
   255.25   0.021   66
   257.34   0.020   67
   253.45   0.021   68
   255.80   0.020   69
   258.94   0.021   70
   250.59   0.020   71
   252.23   0.021   72
   253.06   0.020   73
   251.42   0.020   74
   249.82   0.021   75
   251.85   0.020   76
   252.21   0.021   77
   251.73   0.020   78
   263.23   0.021   79
   261.39   0.020   80
   272.51   0.021   81
   294.67   0.020   82
   387.94   0.021   83
   557.79   0.020   84
   736.16   0.021   85
   503.47   0.020   86
   577.19   0.021   87
   619.73   0.020   88
   637.86   0.021   89
   267.18   0.020   90
   355.54   0.021   91
   388.84   0.020   92
   419.43   0.021   93
   409.37   0.020   94
   349.43   0.021   95
   338.12   0.020   96
   317.77   0.021   97
   257.45   0.020   98
   400.73   0.020   99
   561.40   0.021  100
   577.10   0.020  101
   573.87   0.021  102
   632.81   0.020  103
   628.09   0.021  104
   607.58   0.020  105
   555.45   0.021  106
   578.65   0.020  107
   514.68   0.021  108
   509.79   0.020  109
   691.12   0.021  110
   783.73   0.020  111
   636.12   0.021  112
   491.90   0.020  113
   406.42   0.021  114
   454.10   0.020  115
   292.41   0.021  116
   291.03   0.020  117
   276.23   0.021  118
   260.59   0.020  119
   258.15   0.021  120
   251.77   0.020  121
   258.33   0.021  122
   259.65   0.020  123
   255.36   0.020  124
   255.90   0.021  125
   251.78   0.020  126
   255.71   0.021  127
   251.27   0.020  128
   245.92   0.021  129
   247.84   0.020  130
   251.66   0.021  131
   250.19   0.020  132
   258.45   0.021  133
   262.07   0.020  134
   271.03   0.021  135
   302.78   0.020  136
   287.05   0.021  137
   508.63   0.020  138
   566.96   0.021  139
   532.85   0.020  140
   745.22   0.021  141
   550.67   0.020  142
   592.83   0.021  143
   481.49   0.020  144
   319.17   0.021  145
   225.15   0.020  146
   239.02   0.021  147
   311.24   0.020  148
   347.34   0.020  149
   351.09   0.021  150
   368.39   0.020  151
   366.45   0.021  152
   358.92   0.020  153
   383.77   0.021  154
   532.97   0.020  155
   601.89   0.021  156
   638.07   0.020  157
   677.04   0.021  158
   565.65   0.020  159
   600.88   0.021  160
   579.35   0.020  161
   504.04   0.021  162
    50.04   0.020  163
   725.39   0.021  164
   816.71   0.020  165
   685.41   0.021  166
   563.17   0.020  167
   427.16   0.021  168
   474.26   0.020  169
   298.14   0.021  170
   272.21   0.020  171
   275.46   0.021  172
   253.20   0.020  173
   253.12   0.020  174
   252.87   0.021  175
   260.48   0.020  176
   262.36   0.021  177
   256.43   0.020  178
   258.93   0.021  179
   256.24   0.020  180
   248.65   0.021  181
   248.55   0.020  182
   250.92   0.021  183
   249.33   0.020  184
   246.71   0.021  185
   246.96   0.020  186
   249.48   0.021  187
   276.14   0.020  188
   265.97   0.021  189
   270.62   0.020  190
   339.94   0.021  191
   468.46   0.020  192
   556.89   0.021  193
   594.22   0.020  194
   800.62   0.021  195
   544.25   0.020  196
   661.08   0.021  197
   552.51   0.020  198
   317.61   0.020  199
   250.48   0.021  200
   243.41   0.020  201
   292.70   0.021  202
   350.06   0.020  203
   340.52   0.021  204
   342.54   0.020  205
   342.75   0.021  206
   355.92   0.020  207
   436.98   0.021  208
   557.11   0.020  209
   552.42   0.021  210
   596.61   0.020  211
   667.45   0.021  212
   545.13   0.020  213
   588.49   0.021  214
   531.97   0.020  215
   503.42   0.021  216
   120.98   0.020  217
   712.58   0.021  218
   814.19   0.020  219
   640.30   0.021  220
   749.22   0.020  221
   489.95   0.021  222
   360.71   0.020  223
   297.54   0.020  224
   286.75   0.021  225
   248.43   0.020  226
   256.57   0.021  227
   265.58   0.020  228
   258.91   0.021  229
   251.78   0.020  230
   254.77   0.021  231
   255.87   0.020  232
   257.24   0.021  233
   256.85   0.020  234
   253.41   0.021  235
   250.73   0.020  236
   253.04   0.021  237
   250.80   0.020  238
   243.54   0.021  239
   249.36   0.020  240
   247.60   0.021  241
   255.25   0.020  242
   260.65   0.021  243
   268.60   0.020  244
   291.26   0.021  245
   352.38   0.020  246
   375.55   0.021  247
   546.60   0.020  248
   575.40   0.020  249
   413.70   0.021  250
   652.02   0.020  251
   757.62   0.021  252
   320.04   0.020  253
   197.06   0.021  254
   211.42   0.020  255
   359.90   0.021    0
   398.23   0.020    1
   354.54   0.021    2
   363.70   0.020    3
   356.45   0.021    4
   364.35   0.020    5
   418.04   0.021    6
   558.49   0.020    7
   603.12   0.021    8
   629.80   0.020    9
   639.87   0.021   10
   558.77   0.020   11
   556.74   0.021   12
   565.56   0.020   13
   508.35   0.021   14
   528.14   0.020   15
   369.77   0.021   16
   558.79   0.020   17
   784.04   0.020   18
   886.11   0.021   19
   551.26   0.020   20
   279.23   0.021   21
   328.73   0.020   22
   331.34   0.021   23
   308.74   0.020   24
   257.39   0.021   25
   251.26   0.020   26
   247.25   0.021   27
   254.10   0.020   28
   255.72   0.021   29
   263.43   0.020   30
   257.04   0.021   31
   245.09   0.020   32
   263.18   0.021   33
   257.62   0.020   34
   256.29   0.021   35
   247.19   0.020   36
   244.62   0.021   37
   245.95   0.020   38
   246.46   0.021   39
   249.43   0.020   40
   256.03   0.021   41
   261.02   0.020   42
   279.36   0.020   43
   334.96   0.021   44
   355.25   0.020   45
   629.99   0.021   46
   540.73   0.020   47
   793.55   0.021   48
   574.63   0.020   49
   621.41   0.021   50
   529.16   0.020   51
   292.57   0.021   52
   206.96   0.020   53
   215.41   0.021   54
   278.73   0.020   55
   347.01   0.021   56
   343.30   0.020   57
   311.44   0.021   58
   368.76   0.020   59
   476.56   0.021   60
   516.21   0.020   61
   579.08   0.021   62
   622.98   0.020   63
   656.87   0.021   64
   552.60   0.020   65
   605.18   0.021   66
   538.46   0.020   67
   506.60   0.020   68
   219.07   0.021   69
   581.68   0.020   70
   803.68   0.021   71
   642.68   0.020   72
   326.53   0.021   73
   481.54   0.020   74
   388.54   0.021   75
   296.53   0.020   76
   269.85   0.021   77
   269.21   0.020   78
   263.55   0.021   79
   261.64   0.020   80
   254.19   0.021   81
   262.27   0.020   82
   257.49   0.021   83
   256.19   0.020   84
   254.43   0.021   85
   253.43   0.020   86
   251.97   0.021   87
   249.75   0.020   88
   250.73   0.021   89
   248.88   0.020   90
   245.71   0.021   91
   251.55   0.020   92
   255.53   0.020   93
   256.59   0.021   94
   268.31   0.020   95
   291.56   0.021   96
   332.77   0.020   97
   359.32   0.021   98
   551.39   0.020   99
   597.52   0.021  100
   793.19   0.020  101
   556.09   0.021  102
   641.62   0.020  103
   605.65   0.021  104
   333.07   0.020  105
   251.72   0.021  106
   273.47   0.020  107
   302.53   0.021  108
   319.74   0.020  109
   344.40   0.021  110
   340.01   0.020  111
   322.35   0.021  112
   331.26   0.020  113
   488.85   0.021  114
   571.71   0.020  115
   652.96   0.021  116
   615.77   0.020  117
   617.21   0.020  118
   582.92   0.021  119
   543.39   0.020  120
   516.63   0.021  121
   241.91   0.020  122
   722.79   0.021  123
   858.87   0.020  124
   649.80   0.021  125
   834.50   0.020  126
   537.24   0.021  127
   549.21   0.020  128
   317.20   0.021  129
   286.50   0.020  130
   269.65   0.021  131
   254.43   0.020  132
   252.22   0.021  133
   259.26   0.020  134
   249.22   0.021  135
   257.27   0.020  136
   260.38   0.021  137
   250.88   0.020  138
   254.70   0.021  139
   257.33   0.020  140
   255.87   0.021  141
   249.55   0.020  142
   243.10   0.020  143
   247.54   0.021  144
   251.48   0.020  145
   251.88   0.021  146
   257.28   0.020  147
   258.44   0.021  148
   276.34   0.020  149
   319.92   0.021  150
   357.12   0.020  151
   575.80   0.021  152
   541.11   0.020  153
   601.86   0.021  154
   548.42   0.020  155
   540.37   0.021  156
   614.27   0.020  157
   421.79   0.021  158
   301.99   0.020  159
   305.39   0.021  160
   296.96   0.020  161
   299.94   0.021  162
   305.26   0.020  163
   316.74   0.021  164
   295.25   0.020  165
   346.00   0.021  166
   374.13   0.020  167
   468.02   0.020  168
   568.76   0.021  169
   630.79   0.020  170
   704.21   0.021  171
   576.25   0.020  172
   602.19   0.021  173
   584.56   0.020  174
   523.23   0.021  175
   533.57   0.020  176
   496.68   0.021  177
   610.46   0.020  178
   784.04   0.021  179
   817.99   0.020  180
   526.48   0.021  181
   315.36   0.020  182
   300.89   0.021  183
   284.72   0.020  184
   265.46   0.021  185
   247.26   0.020  186
   249.36   0.021  187
   254.33   0.020  188
   257.60   0.021  189
   255.59   0.020  190
   254.87   0.021  191
   248.25   0.020  192
   248.65   0.020  193
   256.16   0.021  194
   251.15   0.020  195
   252.65   0.021  196
   246.89   0.020  197
   256.64   0.021  198
   245.17   0.020  199
   262.79   0.021  200
   265.39   0.020  201
   282.15   0.021  202
   345.58   0.020  203
   292.97   0.021  204
   629.82   0.020  205
   648.72   0.021  206
   631.32   0.020  207
   675.53   0.021  208
   729.32   0.020  209
   533.01   0.021  210
   386.36   0.020  211
   255.79   0.021  212
   232.67   0.020  213
   292.74   0.021  214
   323.26   0.020  215
   330.43   0.021  216
   382.74   0.020  217
   354.50   0.020  218
   310.75   0.021  219
   356.31   0.020  220
   545.21   0.021  221
   584.95   0.020  222
   618.62   0.021  223
   670.23   0.020  224
   576.69   0.021  225
   591.79   0.020  226
   593.33   0.021  227
   510.87   0.020  228
   283.37   0.021  229
   645.18   0.020  230
   744.39   0.021  231
   756.23   0.020  232
   756.42   0.021  233
   510.25   0.020  234
   456.94   0.021  235
   316.13   0.020  236
   275.68   0.021  237
   264.38   0.020  238
   255.73   0.021  239
   252.57   0.020  240
   258.52   0.021  241
   249.01   0.020  242
   253.38   0.020  243
   254.69   0.021  244
   248.19   0.020  245
   254.33   0.021  246
   257.41   0.020  247
   246.05   0.021  248
   242.57   0.020  249
   252.19   0.021  250
   255.60   0.020  251
   252.13   0.021  252
   248.37   0.020  253
   258.96   0.021  254
   264.37   0.020  255
   303.64   0.021    0
   437.43   0.020    1
   441.79   0.021    2
   591.22   0.020    3
   691.41   0.021    4
   744.80   0.020    5
   648.03   0.021    6
   514.25   0.020    7
   440.30   0.021    8
   325.95   0.020    9
   271.06   0.021   10
   309.30   0.020   11
   326.65   0.020   12
   311.88   0.021   13
   375.06   0.020   14
   402.78   0.021   15
   410.08   0.020   16
   440.56   0.021   17
   523.94   0.020   18
   579.54   0.021   19
   627.71   0.020   20
   615.55   0.021   21
   563.39   0.020   22
   600.53   0.021   23
   534.47   0.020   24
   504.56   0.021   25
   540.24   0.020   26
   522.44   0.021   27
   527.31   0.020   28
   788.17   0.021   29
   886.11   0.020   30
   635.29   0.021   31
   369.01   0.020   32
   367.09   0.021   33
   279.15   0.020   34
   258.38   0.021   35
   251.33   0.020   36
   260.56   0.020   37
   253.27   0.021   38
   254.02   0.020   39
   257.48   0.021   40
   261.79   0.020   41
   257.81   0.021   42
   243.50   0.020   43
   246.38   0.021   44
   253.39   0.020   45
   250.90   0.021   46
   247.73   0.020   47
   241.64   0.021   48
   252.45   0.020   49
   244.11   0.021   50
   248.71   0.020   51
   258.58   0.021   52
   266.10   0.020   53
   296.37   0.021   54
   429.23   0.020   55
   444.89   0.021   56
   575.13   0.020   57
   674.15   0.021   58
   737.38   0.020   59
   592.46   0.021   60
   485.30   0.020   61
   416.58   0.020   62
   295.85   0.021   63
   239.18   0.020   64
   254.28   0.021   65
   337.81   0.020   66
   331.22   0.021   67
   312.98   0.020   68
   325.90   0.021   69
   339.11   0.020   70
   362.87   0.021   71
   475.35   0.020   72
   570.65   0.021   73
   606.95   0.020   74
   733.60   0.021   75
   594.23   0.020   76
   630.31   0.021   77
   620.81   0.020   78
   513.13   0.021   79
   419.35   0.020   80
   574.11   0.021   81
   798.03   0.020   82
   778.95   0.021   83
   403.38   0.020   84
   432.17   0.021   85
   337.20   0.020   86
   271.00   0.020   87
   281.23   0.021   88
   259.22   0.020   89
   257.90   0.021   90
   250.94   0.020   91
   257.88   0.021   92
   252.62   0.020   93
   253.10   0.021   94
   254.22   0.020   95
   250.99   0.021   96
   255.53   0.020   97
   255.30   0.021   98
   255.84   0.020   99
   249.43   0.021  100
   246.03   0.020  101
   246.54   0.021  102
   247.99   0.020  103
   254.09   0.021  104
   257.97   0.020  105
   256.93   0.021  106
   264.50   0.020  107
   289.28   0.021  108
   416.82   0.020  109
   388.95   0.021  110
   706.29   0.020  111
   769.97   0.020  112
   550.72   0.021  113
   492.01   0.020  114
   471.15   0.021  115
   334.65   0.020  116
   216.15   0.021  117
   248.52   0.020  118
   315.61   0.021  119
   291.26   0.020  120
   272.68   0.021  121
   301.65   0.020  122
   316.08   0.021  123
   344.89   0.020  124
   426.25   0.021  125
   524.80   0.020  126
   588.51   0.021  127
   623.55   0.020  128
   713.18   0.021  129
   577.57   0.020  130
   576.26   0.021  131
   628.96   0.020  132
   513.89   0.021  133
   327.15   0.020  134
   594.69   0.021  135
   783.32   0.020  136
   846.56   0.020  137
   548.99   0.021  138
   431.51   0.020  139
   314.30   0.021  140
   276.58   0.020  141
   260.83   0.021  142
   259.76   0.020  143
   251.19   0.021  144
   247.18   0.020  145
   253.81   0.021  146
   253.87   0.020  147
   260.33   0.021  148
   253.09   0.020  149
   249.41   0.021  150
   254.81   0.020  151
   257.83   0.021  152
   251.66   0.020  153
   243.90   0.021  154
   245.15   0.020  155
   250.17   0.021  156
   253.04   0.020  157
   258.20   0.021  158
   262.10   0.020  159
   257.09   0.021  160
   270.72   0.020  161
   303.77   0.020  162
   373.80   0.021  163
   488.34   0.020  164
   601.95   0.021  165
   608.10   0.020  166
   737.37   0.021  167
   624.43   0.020  168
   468.55   0.021  169
   439.98   0.020  170
   280.10   0.021  171
   242.95   0.020  172
   286.06   0.021  173
   314.13   0.020  174
   354.09   0.021  175
   373.56   0.020  176
   362.26   0.021  177
   374.48   0.020  178
   536.69   0.021  179
   589.95   0.020  180
   635.04   0.021  181
   737.49   0.020  182
   588.82   0.021  183
   641.35   0.020  184
   700.14   0.021  185
   520.09   0.020  186
   199.42   0.020  187
   708.04   0.021  188
   858.37   0.020  189
   750.96   0.021  190
   275.66   0.020  191
   555.92   0.021  192
   330.45   0.020  193
   265.96   0.021  194
   262.11   0.020  195
   259.11   0.021  196
   260.04   0.020  197
   257.30   0.021  198
   253.90   0.020  199
   253.10   0.021  200
   253.38   0.020  201
   254.69   0.021  202
   253.78   0.020  203
   252.62   0.021  204
   251.39   0.020  205
   252.47   0.021  206
   250.12   0.020  207
   249.32   0.021  208
   248.59   0.020  209
   249.05   0.021  210
   253.95   0.020  211
   258.33   0.020  212
   257.71   0.021  213
   276.49   0.020  214
   310.22   0.021  215
   336.78   0.020  216
   595.49   0.021  217
   542.43   0.020  218
   645.63   0.021  219
   755.55   0.020  220
   657.78   0.021  221
   594.75   0.020  222
   436.81   0.021  223
   264.78   0.020  224
   240.57   0.021  225
   272.60   0.020  226
   255.34   0.021  227
   289.82   0.020  228
   335.58   0.021  229
   322.46   0.020  230
   321.95   0.021  231
   319.86   0.020  232
   479.60   0.020  234
   626.47   0.021  235
   678.95   0.020  236
   619.00   0.020  237
   604.11   0.021  238
   654.59   0.020  239
   559.03   0.021  240
   149.75   0.020  241
   572.98   0.021  242
   827.07   0.020  243
   886.11   0.021  244
   461.92   0.020  245
   427.88   0.021  246
   265.62   0.021  248
   269.25   0.020  249
   266.12   0.021  250
   258.09   0.020  251
   257.84   0.021  252
   256.46   0.020  253
   248.11   0.020  255
   238.44   0.021    0
   251.46   0.020    1
   252.11   0.021    2
   260.91   0.020    3
   255.72   0.021    4
   241.71   0.020    5
   240.66   0.020    6
   251.67   0.021    7
   250.66   0.020    8
   253.24   0.021    9
   251.28   0.020   10
   251.86   0.021   11
   261.01   0.021   13
   284.19   0.020   14
   358.22   0.021   15
   344.41   0.020   16
   600.89   0.021   17
   486.40   0.020   18
   747.01   0.021   19
   548.18   0.020   20
   511.14   0.021   21
   513.68   0.020   22
   313.09   0.021   23
   234.95   0.020   24
   218.36   0.021   25
   252.01   0.021   27
   275.39   0.020   28
   296.05   0.021   29
   288.66   0.020   30
   299.05   0.020   31
   327.06   0.021   32
   559.95   0.021   34
   559.76   0.020   35
   613.67   0.021   36
   682.91   0.020   37
   584.08   0.021   38
   610.58   0.020   39
   584.48   0.021   40
   338.39   0.020   41
   741.52   0.021   42
   762.02   0.020   43
   680.28   0.021   44
   726.25   0.020   45
   563.24   0.021   46
   301.99   0.021   48
   274.70   0.020   49
   258.22   0.021   50
   257.14   0.020   51
   254.94   0.021   52
   256.02   0.020   53
   250.09   0.020   55
   247.38   0.020   56
   253.17   0.021   57
   254.49   0.020   58
   255.03   0.021   59
   252.11   0.020   60
   244.61   0.020   62
   248.47   0.021   63
   249.69   0.020   64
   248.49   0.021   65
   255.35   0.020   66
   253.11   0.021   67
   260.22   0.021   69
   280.46   0.020   70
   335.14   0.021   71
   351.03   0.020   72
   547.33   0.021   73
   439.22   0.020   74
   737.81   0.020   76
   591.80   0.021   77
   517.55   0.020   78
   371.31   0.021   79
   262.24   0.020   80
   263.65   0.020   81
   288.16   0.020   83
   312.16   0.021   84
   332.48   0.020   85
   360.86   0.021   86
   343.43   0.020   87
   369.28   0.021   88
   455.00   0.021   90
   565.17   0.020   91
   672.45   0.021   92
   705.83   0.020   93
   564.38   0.021   94
   672.92   0.020   95
   514.83   0.020   97
   525.09   0.021   98
   709.28   0.020   99
   813.45   0.021  100
   837.85   0.020  101
   452.30   0.021  102
   277.46   0.021  104
   259.53   0.020  105
   252.99   0.020  106
   269.99   0.021  107
   271.02   0.020  108
   257.17   0.021  109
   249.46   0.021  111
   251.92   0.020  112
   252.96   0.021  113
   251.37   0.020  114
   246.26   0.021  115
   241.63   0.020  116
   255.74   0.020  118
   258.35   0.021  119
   255.70   0.020  120
   257.27   0.021  121
   242.48   0.020  122
   251.93   0.021  123
   273.30   0.021  125
   315.38   0.020  126
   286.73   0.021  127
   462.66   0.020  128
   593.41   0.021  129
   619.27   0.020  130
   561.22   0.021  132
   383.71   0.020  133
   362.51   0.021  134
   270.08   0.020  135
   273.78   0.021  136
   323.57   0.020  137
   275.46   0.020  139
   326.86   0.021  140
   304.22   0.020  141
   267.11   0.021  142
   334.02   0.020  143
   461.42   0.021  144
   459.13   0.021  146
   408.63   0.020  147
   520.86   0.021  148
   630.59   0.020  149
   549.90   0.021  150
   609.16   0.020  151
   503.76   0.020  153
   458.72   0.021  154
   491.34   0.020  155
   530.98   0.020  156
   793.16   0.021  157
   885.56   0.020  158
   278.16   0.020  160
   397.17   0.021  161
   318.68   0.020  162
   264.05   0.021  163
   254.61   0.020  164
   257.35   0.021  165
   253.86   0.021  167
   250.96   0.020  168
   252.02   0.021  169
   255.01   0.020  170
   259.28   0.021  171
   258.85   0.020  172
   253.24   0.020  174
   257.35   0.021  175
   258.07   0.020  176
   253.98   0.021  177
   253.35   0.020  178
   252.05   0.021  179
   248.57   0.020  181
   243.61   0.021  182
   258.44   0.020  183
   264.63   0.021  184
   251.09   0.020  185
   239.51   0.021  186
   262.02   0.021  188
   265.59   0.020  189
   274.94   0.021  190
   289.30   0.020  191
   325.71   0.021  192
   283.33   0.020  193
   477.93   0.020  195
   372.97   0.021  196
   290.49   0.020  197
   298.24   0.021  198
   313.10   0.020  199
   258.95   0.021  200
   245.62   0.021  202
   218.83   0.020  203
   215.65   0.021  204
   272.18   0.020  205
   294.29   0.020  206
   251.94   0.021  207
   136.29   0.021  209
   339.47   0.020  210
   522.39   0.021  211
   378.53   0.020  212
   743.13   0.021  213
   416.19   0.020  214
   237.73   0.020  216
   278.08   0.021  217
   258.18   0.020  218
   260.26   0.021  219
   255.00   0.020  220
   257.23   0.021  221
   253.85   0.021  223
   255.55   0.020  224
   255.96   0.021  225
   253.68   0.020  226
   252.93   0.021  227
   251.08   0.020  228
