   256.69   0.021  156
   256.60   0.020  157
   257.65   0.021  158
   256.57   0.020  159
   256.70   0.020  160
   257.68   0.021  161
   259.80   0.020  162
   257.77   0.021  163
   255.45   0.020  164
   257.68   0.021  165
   257.65   0.020  166
   258.72   0.021  167
   258.76   0.020  168
   254.54   0.021  169
   257.65   0.020  170
   255.65   0.021  171
   257.71   0.020  172
   256.63   0.021  173
   257.59   0.020  174
   257.65   0.021  175
   255.62   0.020  176
   257.65   0.021  177
   254.57   0.020  178
   254.71   0.021  179
   254.79   0.020  180
   256.73   0.021  181
   258.72   0.020  182
   258.63   0.021  183
   258.66   0.020  184
   258.71   0.020  185
   255.62   0.021  186
   258.66   0.020  187
   257.71   0.021  188
   257.71   0.020  189
   258.83   0.021  190
   259.57   0.020  191
   258.69   0.021  192
   259.65   0.020  193
   256.59   0.021  194
   253.65   0.020  195
   254.65   0.021  196
   252.78   0.020  197
   257.86   0.021  198
   272.32   0.020  199
   287.28   0.021  200
   346.90   0.020  201
   459.56   0.021  202
   371.78   0.020  203
   373.39   0.021  204
   394.15   0.020  205
   369.02   0.021  206
   347.89   0.020  207
   316.43   0.021  208
   282.15   0.020  209
   328.38   0.020  210
   338.00   0.021  211
   265.92   0.021  213
   355.37   0.020  214
   388.58   0.021  215
   341.02   0.020  216
   283.01   0.021  217
   226.84   0.020  218
   187.18   0.020  220
   267.08   0.021  221
   306.73   0.020  222
   217.63   0.021  223
   246.16   0.020  224
   306.71   0.021  225
   257.61   0.020  226
   337.94   0.021  227
   602.75   0.020  228
   820.74   0.021  229
   491.82   0.020  230
   233.67   0.021  231
   519.61   0.020  232
   338.05   0.020  234
   308.49   0.020  235
   285.90   0.021  236
   263.14   0.020  237
   263.51   0.021  238
   253.45   0.020  239
   243.40   0.020  241
   247.73   0.021  242
   253.56   0.020  243
   257.08   0.021  244
   257.09   0.020  245
   255.74   0.021  246
   253.03   0.021  248
   255.83   0.020  249
   256.55   0.021  250
   254.47   0.020  251
   261.38   0.021  252
   259.24   0.020  253
   256.40   0.020  255
   257.56   0.021    0
   260.46   0.020    1
   257.23   0.021    2
   250.01   0.020    3
   245.16   0.020    4
   286.40   0.020    6
   342.65   0.021    7
   460.57   0.020    8
   621.20   0.021    9
   716.73   0.020   10
   490.15   0.021   11
   471.67   0.020   12
   388.14   0.021   13
   387.83   0.020   14
   430.93   0.021   15
   347.62   0.020   16
   340.77   0.021   17
   317.77   0.020   18
   298.28   0.020   20
   347.96   0.021   21
   411.93   0.020   22
   393.86   0.021   23
   375.40   0.020   24
   409.67   0.021   25
   428.97   0.021   27
   630.05   0.020   28
   463.26   0.020   29
   402.76   0.021   30
   473.22   0.020   31
   506.47   0.021   32
   477.61   0.020   33
   448.92   0.021   34
   333.77   0.020   35
   754.24   0.021   36
  1413.53   0.020   37
  1012.78   0.021   38
   715.08   0.020   39
   449.40   0.020   41
   310.02   0.021   42
   306.02   0.020   43
   294.89   0.021   44
   311.68   0.020   45
   290.62   0.021   46
   263.26   0.020   47
   254.34   0.021   48
   248.66   0.020   49
   254.68   0.021   50
   257.94   0.020   51
   251.78   0.021   52
   258.97   0.020   53
   260.12   0.020   54
   259.89   0.021   55
   256.47   0.020   56
   256.44   0.021   57
   256.65   0.020   58
   253.70   0.021   59
   252.68   0.020   60
   248.43   0.021   61
   250.27   0.020   62
   252.48   0.021   63
   260.17   0.020   64
   286.34   0.021   65
   322.91   0.020   66
   342.02   0.021   67
   564.86   0.020   68
   599.37   0.021   69
   687.37   0.020   70
   509.37   0.021   71
   521.42   0.020   72
   507.28   0.021   73
   429.95   0.020   74
   423.08   0.021   75
   447.97   0.020   76
   379.76   0.021   77
   357.63   0.020   78
   310.79   0.020   79
   295.74   0.021   80
   286.28   0.020   81
   381.44   0.021   82
   386.08   0.020   83
   426.17   0.021   84
   579.61   0.020   85
   568.04   0.021   86
   588.44   0.020   87
   646.20   0.021   88
   640.15   0.020   89
   657.53   0.021   90
   573.31   0.020   91
   195.79   0.021   92
   475.34   0.020   93
  1225.94   0.021   94
   932.88   0.020   95
   468.14   0.021   96
   390.91   0.020   97
   398.16   0.021   98
   302.51   0.020   99
   302.51   0.021  100
   282.53   0.020  101
   306.04   0.021  102
   283.68   0.020  103
   260.23   0.020  104
   259.37   0.021  105
   249.40   0.020  106
   250.09   0.021  107
   265.33   0.020  108
   259.85   0.021  109
   264.95   0.020  110
   256.74   0.021  111
   251.87   0.020  112
   256.86   0.021  113
   255.59   0.020  114
   254.35   0.021  115
   244.67   0.020  116
   251.03   0.021  117
   247.08   0.020  118
   260.12   0.021  119
   262.55   0.020  120
   280.80   0.021  121
   305.39   0.020  122
   315.00   0.021  123
   610.80   0.020  124
   816.85   0.021  125
   911.91   0.020  126
   591.79   0.021  127
   510.67   0.020  128
   389.33   0.020  129
   459.26   0.021  130
   475.02   0.020  131
   407.48   0.021  132
   353.47   0.020  133
   336.65   0.021  134
   321.70   0.020  135
   323.73   0.021  136
   344.71   0.020  137
   401.73   0.021  138
   419.03   0.020  139
   474.83   0.021  140
   446.37   0.020  141
   483.38   0.021  142
   571.60   0.020  143
   508.05   0.021  144
   520.94   0.020  145
   583.71   0.021  146
   634.02   0.020  147
   619.43   0.021  148
   378.20   0.020  149
   499.50   0.021  150
  1084.92   0.020  151
   847.04   0.021  152
   583.88   0.020  153
   489.81   0.020  154
   381.77   0.021  155
   363.77   0.020  156
   330.52   0.021  157
   321.22   0.020  158
   304.98   0.021  159
   271.59   0.020  160
   264.35   0.021  161
   255.15   0.020  162
   245.56   0.021  163
   256.27   0.020  164
   258.77   0.021  165
   253.83   0.020  166
   252.97   0.021  167
   251.78   0.020  168
   255.58   0.021  169
   256.41   0.020  170
   253.44   0.021  171
   251.20   0.020  172
   249.60   0.021  173
   250.84   0.020  174
   255.04   0.021  175
   257.39   0.020  176
   258.82   0.021  177
   262.92   0.020  178
   277.72   0.020  179
   291.50   0.021  180
   312.68   0.020  181
   589.04   0.021  182
   705.80   0.020  183
   735.88   0.021  184
   549.23   0.020  185
   488.42   0.021  186
   461.25   0.020  187
   400.92   0.021  188
   365.36   0.020  189
   330.37   0.021  190
   306.75   0.020  191
   307.11   0.021  192
   310.67   0.020  193
   257.20   0.021  194
   287.09   0.020  195
   445.43   0.021  196
   456.34   0.020  197
   425.55   0.021  198
   447.90   0.020  199
   540.80   0.021  200
   474.91   0.020  201
   467.29   0.021  202
   557.77   0.020  203
   628.31   0.020  204
   670.73   0.021  205
   665.50   0.020  206
   376.61   0.021  207
   415.76   0.020  208
   754.29   0.021  209
  1021.20   0.020  210
   504.03   0.021  211
   603.89   0.020  212
   495.83   0.021  213
   348.64   0.020  214
   331.41   0.021  215
   265.56   0.020  216
   258.26   0.021  217
   269.24   0.020  218
   260.22   0.021  219
   256.83   0.020  220
   251.74   0.021  221
   258.01   0.020  222
   260.70   0.021  223
   260.72   0.020  224
   258.83   0.021  225
   253.53   0.020  226
   256.51   0.021  227
   255.51   0.020  228
   250.82   0.020  229
   253.12   0.021  230
   250.51   0.020  231
   254.09   0.020  233
   255.12   0.021  234
   254.35   0.020  235
   264.27   0.021  236
   271.63   0.020  237
   279.48   0.021  238
   577.00   0.021  240
   475.47   0.020  241
   992.42   0.021  242
   504.59   0.020  243
   531.97   0.021  244
   460.96   0.020  245
   359.46   0.020  247
   314.14   0.021  248
   303.03   0.020  249
   318.36   0.021  250
   330.10   0.020  251
   344.22   0.021  252
   413.16   0.020  254
   483.83   0.021  255
   471.91   0.020    0
   479.48   0.021    1
   584.77   0.020    2
   675.45   0.021    3
   645.17   0.021    5
   738.90   0.020    6
   761.04   0.021    7
   672.64   0.020    8
   361.53   0.021    9
   981.28   0.020   10
   677.79   0.020   12
   546.42   0.021   13
   493.24   0.020   14
   389.52   0.021   15
   342.51   0.020   16
   301.25   0.021   17
   270.36   0.020   18
   270.48   0.021   19
   265.37   0.020   20
   259.17   0.021   21
   254.33   0.020   22
   249.65   0.020   23
   251.94   0.021   24
   255.35   0.021   26
   257.35   0.020   27
   254.38   0.021   28
   251.55   0.020   29
   255.44   0.021   30
   258.25   0.020   31
   252.37   0.020   33
   251.99   0.021   34
   253.08   0.020   35
   258.20   0.021   36
   257.32   0.020   37
   257.65   0.021   38
   301.27   0.021   40
   382.21   0.020   41
   675.39   0.021   42
   586.55   0.020   43
  1063.88   0.021   44
   575.45   0.020   45
   537.71   0.021   46
   476.87   0.020   47
   375.83   0.020   48
   332.94   0.021   49
   300.00   0.020   50
   265.41   0.021   51
   259.38   0.020   52
   280.48   0.021   53
   327.93   0.020   54
   336.71   0.021   55
   404.90   0.020   56
   460.79   0.021   57
   450.56   0.020   58
   501.60   0.021   59
   531.33   0.020   60
   546.56   0.021   61
   526.08   0.020   62
   541.16   0.021   63
   588.59   0.020   64
   660.36   0.021   65
   650.63   0.020   66
   548.92   0.021   67
   759.07   0.020   68
  1140.69   0.021   69
   884.70   0.020   70
   406.37   0.021   71
   449.26   0.020   72
   466.71   0.020   73
   390.40   0.021   74
   338.49   0.020   75
   291.24   0.021   76
   273.52   0.020   77
   269.45   0.021   78
   265.52   0.020   79
   254.01   0.021   80
   250.07   0.020   81
   251.22   0.021   82
   253.10   0.020   83
   256.15   0.021   84
   251.26   0.020   85
   249.32   0.021   86
   254.24   0.020   87
   256.18   0.021   88
   255.06   0.020   89
   255.12   0.021   90
   256.37   0.020   91
   253.90   0.021   92
   251.88   0.020   93
   246.89   0.021   94
   255.45   0.020   95
   256.07   0.021   96
   260.13   0.020   97
   267.53   0.020   98
   401.00   0.021   99
   588.30   0.020  100
   672.49   0.021  101
  1138.79   0.020  102
   583.73   0.021  103
   564.85   0.020  104
   459.21   0.021  105
   353.45   0.020  106
   308.01   0.021  107
   281.50   0.020  108
   290.70   0.021  109
   301.19   0.020  110
   291.54   0.021  111
   332.76   0.020  112
   430.55   0.021  113
   453.69   0.020  114
   439.65   0.021  115
   419.56   0.020  116
   453.41   0.021  117
   623.04   0.020  118
   593.74   0.021  119
   605.29   0.020  120
   658.05   0.021  121
   771.35   0.020  122
   717.57   0.020  123
   507.29   0.021  124
   314.09   0.020  125
  1035.46   0.021  126
  1029.75   0.020  127
   635.22   0.021  128
   364.74   0.020  129
   328.95   0.021  130
   452.02   0.020  131
   341.36   0.021  132
   313.80   0.020  133
   279.30   0.021  134
   260.65   0.020  135
   264.62   0.021  136
   254.37   0.020  137
   256.46   0.021  138
   254.22   0.020  139
   252.03   0.021  140
   254.34   0.020  141
   255.12   0.021  142
   257.06   0.020  143
   256.13   0.021  144
   257.86   0.020  145
   251.87   0.021  146
   256.98   0.020  147
   252.94   0.020  148
   251.82   0.021  149
   246.25   0.020  150
   252.50   0.021  151
   254.31   0.020  152
   254.04   0.021  153
   253.85   0.020  154
   259.35   0.021  155
   260.17   0.020  156
   267.74   0.021  157
   346.90   0.020  158
   617.09   0.021  159
   569.32   0.020  160
   436.00   0.021  161
  1084.95   0.020  162
   581.06   0.021  163
   639.11   0.020  164
   464.37   0.021  165
   358.26   0.020  166
   307.25   0.021  167
   278.74   0.020  168
   265.71   0.021  169
   308.00   0.020  170
   429.37   0.021  171
   436.96   0.020  172
   361.73   0.020  173
   414.76   0.021  174
   562.27   0.020  175
   701.26   0.021  176
   732.17   0.020  177
   634.37   0.021  178
   667.99   0.020  179
   785.52   0.021  180
   855.93   0.020  181
   699.62   0.021  182
   841.58   0.020  183
  1174.87   0.021  184
   953.57   0.020  185
   640.27   0.021  186
   464.31   0.020  187
   495.49   0.021  188
   409.19   0.020  189
   307.34   0.021  190
   285.89   0.020  191
   260.67   0.021  192
   259.81   0.020  193
   261.62   0.021  194
   257.91   0.020  195
   258.47   0.021  196
   251.74   0.020  197
   252.00   0.020  198
   249.84   0.021  199
   250.36   0.020  200
   249.49   0.021  201
   253.55   0.020  202
   257.24   0.021  203
   261.03   0.020  204
   256.89   0.021  205
   252.52   0.020  206
   254.59   0.021  207
   247.49   0.020  208
   251.49   0.021  209
   257.15   0.021  211
   261.36   0.020  212
   260.24   0.021  213
   275.37   0.020  214
   405.35   0.021  215
   548.10   0.020  216
   271.36   0.020  218
   924.70   0.021  219
   537.57   0.020  220
   599.15   0.021  221
   498.14   0.020  222
   379.82   0.020  223
   283.73   0.020  225
   294.48   0.021  226
   342.81   0.020  227
   353.89   0.021  228
   357.12   0.020  229
   433.28   0.021  230
   509.57   0.021  232
   656.75   0.020  233
   661.74   0.021  234
   643.25   0.020  235
   697.81   0.021  236
   828.12   0.020  237
   770.14   0.020  239
   320.32   0.021  240
  1127.80   0.020  241
  1110.10   0.021  242
   451.78   0.020  243
   623.71   0.021  244
   347.00   0.021  246
   306.13   0.020  247
   309.99   0.020  248
   281.49   0.021  249
   270.32   0.020  250
   276.66   0.021  251
   251.77   0.021  253
   248.28   0.020  254
   252.82   0.021  255
   254.13   0.020    0
   257.92   0.021    1
   254.13   0.020    2
   254.83   0.020    4
   250.08   0.021    5
   254.22   0.020    6
   254.62   0.021    7
   254.14   0.020    8
   251.23   0.021    9
   254.35   0.021   11
   255.69   0.020   12
   261.56   0.021   13
   267.92   0.020   14
   306.39   0.021   15
   748.56   0.020   16
   684.84   0.020   17
   489.74   0.021   18
   845.29   0.020   19
   476.42   0.021   20
   439.97   0.020   21
   481.23   0.021   22
   467.44   0.020   23
   362.59   0.021   24
   314.07   0.020   25
   269.68   0.021   26
   228.85   0.020   27
   255.81   0.021   28
   312.37   0.020   29
   344.12   0.021   30
   434.10   0.021   32
   417.74   0.020   33
   568.77   0.021   34
   663.98   0.020   35
   633.84   0.021   36
   677.09   0.020   37
   743.57   0.021   38
   840.76   0.020   39
   770.76   0.021   40
   564.06   0.020   41
  1012.23   0.020   42
  1207.94   0.021   43
   696.12   0.020   44
   773.74   0.021   45
   548.34   0.020   46
   410.54   0.021   47
   324.18   0.020   48
   311.74   0.021   49
   274.97   0.020   50
   261.54   0.021   51
   263.92   0.020   52
   258.44   0.021   53
   256.47   0.020   54
   253.19   0.021   55
   252.20   0.020   56
   251.03   0.021   57
   255.58   0.020   58
   252.49   0.021   59
   253.78   0.020   60
   254.95   0.021   61
   254.62   0.020   62
   253.75   0.021   63
   249.82   0.020   64
   250.94   0.021   65
   247.41   0.020   66
   253.18   0.020   67
   257.56   0.021   68
   255.96   0.020   69
   260.71   0.021   70
   270.84   0.020   71
   344.72   0.021   72
   424.80   0.020   73
   636.12   0.021   74
   489.38   0.020   75
   938.32   0.021   76
   511.04   0.020   77
   606.33   0.021   78
   519.37   0.020   79
   366.31   0.021   80
   309.29   0.020   81
   315.32   0.021   82
   302.44   0.020   83
   303.03   0.021   84
   300.00   0.020   85
   274.78   0.021   86
   334.17   0.020   87
   445.29   0.021   88
   489.44   0.020   89
   520.24   0.021   90
   536.71   0.020   91
   571.11   0.020   92
   608.83   0.021   93
   632.94   0.020   94
   706.11   0.021   95
   877.26   0.020   96
   839.22   0.021   97
   470.18   0.020   98
  1050.02   0.021   99
  1215.13   0.020  100
   909.19   0.021  101
   588.81   0.020  102
   494.47   0.021  103
   376.25   0.020  104
   313.65   0.021  105
   284.95   0.020  106
   266.88   0.021  107
   267.44   0.020  108
   264.52   0.021  109
   253.03   0.020  110
   251.11   0.021  111
   249.36   0.020  112
   251.26   0.021  113
   251.36   0.020  114
   255.24   0.021  115
   256.94   0.020  116
   257.54   0.020  117
   252.98   0.021  118
   255.83   0.020  119
   250.74   0.021  120
   245.80   0.020  121
   249.71   0.021  122
   252.41   0.020  123
   251.65   0.021  124
   256.44   0.020  125
   259.50   0.021  126
   263.25   0.020  127
   260.92   0.021  128
   288.17   0.020  129
   414.35   0.021  130
   590.48   0.020  131
   549.71   0.021  132
  1202.12   0.020  133
   624.29   0.021  134
   576.05   0.020  135
   510.89   0.021  136
   404.84   0.020  137
   318.03   0.021  138
   248.77   0.020  139
   273.62   0.021  140
   334.80   0.020  141
   382.65   0.020  142
   343.78   0.021  143
   344.76   0.020  144
   379.27   0.021  145
   449.43   0.020  146
   502.60   0.021  147
   543.05   0.020  148
   562.96   0.021  149
   578.19   0.020  150
   594.49   0.021  151
   655.52   0.020  152
   759.91   0.021  153
   836.53   0.020  154
   748.23   0.021  155
   438.35   0.020  156
   368.47   0.021  157
  1110.72   0.020  158
   869.50   0.021  159
   772.02   0.020  160
   425.23   0.021  161
   478.34   0.020  162
   320.89   0.021  163
   293.51   0.020  164
   269.14   0.021  165
   262.51   0.020  166
   264.11   0.020  167
   260.74   0.021  168
   259.66   0.020  169
   256.25   0.021  170
   254.09   0.020  171
   254.18   0.021  172
   255.01   0.020  173
   256.61   0.021  174
   255.88   0.020  175
   254.00   0.021  176
   255.71   0.020  177
   254.58   0.021  178
   254.93   0.020  179
   253.23   0.021  180
   251.00   0.020  181
   249.09   0.021  182
   254.42   0.020  183
   258.92   0.021  184
   258.19   0.020  185
   262.92   0.021  186
   260.99   0.020  187
   264.18   0.021  188
   461.38   0.020  189
   627.01   0.021  190
   557.92   0.020  191
   835.93   0.020  192
   536.72   0.021  193
   507.50   0.020  194
   444.75   0.021  195
   343.77   0.020  196
   291.30   0.021  197
   267.64   0.020  198
   279.28   0.021  199
   299.57   0.020  200
   337.24   0.021  201
   334.38   0.020  202
   316.64   0.021  203
   360.72   0.020  204
   500.79   0.021  205
   597.46   0.020  206
   679.44   0.021  207
   672.53   0.020  208
   686.20   0.021  209
   671.15   0.020  210
   847.76   0.021  211
   831.26   0.020  212
   836.77   0.021  213
   474.32   0.020  214
   771.50   0.021  215
   378.81   0.020  216
  1164.27   0.020  217
   277.76   0.021  218
   439.61   0.020  219
   326.32   0.021  220
   273.51   0.020  221
   266.99   0.021  222
   260.87   0.020  223
   258.97   0.021  224
   260.85   0.020  225
   256.47   0.021  226
   253.83   0.020  227
   257.05   0.021  228
   257.78   0.020  229
   256.12   0.021  230
   256.52   0.020  231
   255.20   0.021  232
   257.15   0.020  233
   256.00   0.021  234
   259.00   0.020  235
   253.97   0.021  236
   255.53   0.021  238
   252.76   0.020  239
   252.61   0.021  240
   250.50   0.020  241
   256.95   0.020  242
   260.04   0.021  243
   258.65   0.021  245
   284.95   0.020  246
   377.74   0.021  247
   585.53   0.020  248
   555.89   0.021  249
  1132.81   0.020  250
   378.63   0.020  252
   409.93   0.021  253
   308.54   0.020  254
   251.06   0.021  255
   243.09   0.020    0
   261.39   0.021    1
   270.98   0.021    3
   238.07   0.020    4
   287.35   0.021    5
   346.87   0.020    6
   377.95   0.021    7
   500.54   0.020    8
   623.49   0.020   10
   658.93   0.020   11
   576.00   0.021   12
   586.65   0.020   13
   594.49   0.021   14
   593.97   0.020   15
   584.01   0.020   17
   374.66   0.021   18
   259.44   0.020   19
   285.37   0.021   20
   265.43   0.020   21
   259.55   0.021   22
   262.28   0.021   24
   256.38   0.020   25
   259.85   0.021   26
   259.25   0.020   27
   259.11   0.021   28
   258.11   0.020   29
   258.93   0.020   31
   259.94   0.021   32
   257.92   0.020   33
   259.05   0.021   34
   257.86   0.020   35
   257.80   0.020   36
   257.99   0.021   37
   256.00   0.020   38
   258.06   0.021   39
   257.36   0.020   40
   259.17   0.021   41
   256.90   0.020   42
   258.13   0.021   43
   257.44   0.020   44
   256.16   0.021   45
   254.99   0.020   46
   256.88   0.021   47
   256.90   0.020   48
   257.02   0.021   49
   256.88   0.020   50
   258.80   0.021   51
   258.01   0.020   52
   256.92   0.021   53
   257.02   0.020   54
   255.98   0.021   55
   256.79   0.020   56
   256.86   0.021   57
   256.77   0.020   58
