   255.62   0.020   74
   255.60   0.021   75
   254.53   0.020   76
   254.61   0.021   77
   252.36   0.020   78
   253.46   0.021   79
   255.41   0.020   80
   256.48   0.021   81
   253.57   0.020   82
   253.50   0.021   83
   256.37   0.020   84
   256.23   0.021   85
   256.42   0.020   86
   254.45   0.021   87
   256.42   0.020   88
   254.39   0.021   89
   254.47   0.020   90
   252.85   0.021   91
   255.35   0.020   92
   253.87   0.020   93
   254.58   0.021   94
   255.46   0.020   95
   255.36   0.021   96
   256.30   0.020   97
   253.24   0.021   98
   257.41   0.020   99
   256.40   0.021  100
   254.42   0.020  101
   255.37   0.021  102
   255.45   0.020  103
   256.40   0.021  104
   255.30   0.020  105
   256.30   0.021  106
   256.36   0.020  107
   258.35   0.021  108
   256.32   0.020  109
   257.32   0.021  110
   255.28   0.020  111
   256.40   0.021  112
   256.30   0.020  113
   256.30   0.021  114
   257.32   0.020  115
   256.35   0.021  116
   255.32   0.020  117
   256.35   0.020  118
   254.27   0.021  119
   255.30   0.020  120
   255.45   0.021  121
   254.37   0.020  122
   253.37   0.021  123
   255.28   0.020  124
   255.35   0.021  125
   257.29   0.020  126
   257.30   0.021  127
   256.32   0.020  128
   255.32   0.021  129
   256.34   0.020  130
   258.33   0.021  131
   257.38   0.020  132
   257.26   0.021  133
   257.30   0.020  134
   252.35   0.021  135
   252.35   0.020  136
   254.31   0.021  137
   255.30   0.020  138
   256.32   0.021  139
   255.30   0.020  140
   255.30   0.021  141
   255.32   0.020  142
   256.24   0.020  143
   256.32   0.021  144
   255.30   0.020  145
   257.34   0.021  146
   257.31   0.020  147
   255.30   0.021  148
   254.28   0.020  149
   255.33   0.021  150
   255.26   0.020  151
   256.31   0.021  152
   253.34   0.020  153
   254.38   0.021  154
   256.38   0.020  155
   257.35   0.021  156
   251.25   0.020  157
   255.25   0.021  158
   257.36   0.020  159
   256.41   0.021  160
   255.37   0.020  161
   253.29   0.021  162
   255.40   0.020  163
   256.41   0.021  164
   257.44   0.020  165
   255.33   0.021  166
   254.31   0.020  167
   255.33   0.020  168
   255.33   0.021  169
   256.38   0.020  170
   255.36   0.021  171
   256.42   0.020  172
   257.36   0.021  173
   256.42   0.020  174
   254.40   0.021  175
   255.33   0.020  176
   254.31   0.021  177
   256.42   0.020  178
   254.40   0.021  179
   255.36   0.020  180
   254.34   0.021  181
   256.37   0.020  182
   257.45   0.021  183
   257.40   0.020  184
   255.40   0.021  185
   256.39   0.020  186
   256.38   0.021  187
   256.43   0.020  188
   257.45   0.021  189
   261.49   0.020  190
   263.71   0.021  191
   259.64   0.020  192
   255.68   0.020  193
   254.44   0.021  194
   249.37   0.020  195
   251.24   0.021  196
   258.25   0.020  197
   257.22   0.021  198
   255.27   0.020  199
   257.47   0.021  200
   253.63   0.020  201
   253.56   0.021  202
   267.42   0.020  203
   262.32   0.021  204
   270.47   0.020  205
   260.96   0.021  206
   220.93   0.020  207
   254.24   0.021  208
   320.71   0.020  209
   437.77   0.021  210
   541.11   0.020  211
   444.09   0.021  212
   367.05   0.020  213
   458.02   0.021  214
   508.82   0.020  215
   432.89   0.021  216
   388.41   0.020  217
   334.64   0.020  218
   264.44   0.021  219
   233.25   0.020  220
   295.90   0.021  221
   270.15   0.020  222
   357.21   0.021  223
   342.27   0.020  224
   317.90   0.021  225
   338.97   0.020  226
   379.31   0.021  227
   499.78   0.020  228
   541.01   0.021  229
   455.73   0.020  230
   398.38   0.021  231
   196.93   0.020  232
   607.44   0.021  233
   469.61   0.020  234
   605.11   0.021  235
   471.40   0.020  236
   465.36   0.021  237
   378.64   0.020  238
   353.24   0.021  239
   317.88   0.020  240
   287.63   0.021  241
   271.67   0.020  242
   272.20   0.020  243
   251.94   0.021  244
   254.15   0.020  245
   246.08   0.021  246
   261.79   0.020  247
   254.46   0.021  248
   250.58   0.020  249
   244.37   0.021  250
   252.73   0.020  251
   248.11   0.021  252
   251.50   0.020  253
   256.94   0.021  254
   253.66   0.020  255
   243.50   0.021    0
   243.30   0.020    1
   237.83   0.021    2
   248.51   0.020    3
   263.36   0.021    4
   265.32   0.020    5
   274.23   0.021    6
   274.68   0.020    7
   272.06   0.021    8
   280.03   0.020    9
   291.51   0.021   10
   394.86   0.020   11
   544.60   0.020   12
   528.18   0.021   13
   544.84   0.020   14
   632.51   0.021   15
   540.70   0.020   16
   526.23   0.021   17
   484.16   0.020   18
   412.08   0.021   19
   361.98   0.020   20
   317.64   0.021   21
   292.20   0.020   22
   289.88   0.021   23
   334.74   0.020   24
   406.87   0.021   25
   414.24   0.020   26
   418.63   0.021   27
   451.12   0.020   28
   606.99   0.021   29
   710.23   0.020   30
   742.52   0.021   31
   599.06   0.020   32
   598.29   0.021   33
   598.13   0.020   34
   527.75   0.021   35
   530.98   0.020   36
   472.45   0.020   37
   513.06   0.021   38
   799.86   0.020   39
   603.57   0.021   40
   370.30   0.020   41
   400.74   0.021   42
   339.00   0.020   43
   307.82   0.021   44
   280.18   0.020   45
   270.26   0.021   46
   273.11   0.020   47
   267.54   0.021   48
   254.30   0.020   49
   250.29   0.021   50
   250.48   0.020   51
   248.14   0.021   52
   258.35   0.020   53
   251.02   0.021   54
   248.11   0.020   55
   238.92   0.021   56
   242.76   0.020   57
   243.76   0.021   58
   243.47   0.020   59
   256.71   0.021   60
   263.44   0.020   61
   268.91   0.020   62
   277.62   0.021   63
   278.14   0.020   64
   269.00   0.021   65
   298.04   0.020   66
   341.22   0.021   67
   532.39   0.020   68
   559.58   0.021   69
   538.61   0.020   70
   627.05   0.021   71
   644.38   0.020   72
   581.50   0.021   73
   458.60   0.020   74
   337.15   0.021   75
   297.88   0.020   76
   260.63   0.021   77
   281.00   0.020   78
   331.84   0.021   79
   282.49   0.020   80
   295.86   0.021   81
   303.64   0.020   82
   355.71   0.021   83
   430.45   0.020   84
   574.01   0.021   85
   624.12   0.020   86
   709.69   0.020   87
   599.99   0.021   88
   615.38   0.020   89
   603.45   0.021   90
   580.35   0.020   91
   518.04   0.021   92
   750.17   0.020   93
   638.88   0.021   94
   647.81   0.020   95
   575.58   0.021   96
   502.52   0.020   97
   366.96   0.021   98
   291.46   0.020   99
   281.56   0.021  100
   259.74   0.020  101
   264.95   0.021  102
   261.67   0.020  103
   257.44   0.021  104
   250.33   0.020  105
   245.20   0.021  106
   245.40   0.020  107
   257.36   0.021  108
   260.93   0.020  109
   253.02   0.021  110
   249.96   0.020  111
   247.95   0.020  112
   246.47   0.021  113
   242.82   0.020  114
   248.70   0.021  115
   258.81   0.020  116
   266.66   0.021  117
   266.29   0.020  118
   265.65   0.021  119
   274.57   0.020  120
   295.48   0.021  121
   309.67   0.020  122
   487.76   0.021  123
   586.01   0.020  124
   529.45   0.021  125
   661.97   0.020  126
   618.87   0.021  127
   461.69   0.020  128
   541.49   0.021  129
   462.55   0.020  130
   371.73   0.021  131
   344.35   0.020  132
   294.44   0.021  133
   256.89   0.020  134
   270.52   0.021  135
   314.44   0.020  136
   323.06   0.020  137
   374.82   0.021  138
   431.27   0.020  139
   447.17   0.021  140
   606.82   0.020  141
   771.10   0.021  142
   656.43   0.020  143
   631.82   0.021  144
   630.73   0.020  145
   611.52   0.021  146
   610.44   0.020  147
   821.62   0.021  148
   605.25   0.020  149
   633.95   0.021  150
   472.68   0.020  151
   486.00   0.021  152
   383.67   0.020  153
   308.96   0.021  154
   273.84   0.020  155
   266.24   0.021  156
   260.03   0.020  157
   267.39   0.021  158
   251.38   0.020  159
   237.58   0.021  160
   252.67   0.020  161
   248.30   0.020  162
   251.71   0.021  163
   259.84   0.020  164
   256.06   0.021  165
   244.11   0.020  166
   246.50   0.021  167
   230.93   0.020  168
   232.86   0.021  169
   244.03   0.020  170
   263.72   0.021  171
   271.96   0.020  172
   276.05   0.021  173
   278.85   0.020  174
   277.26   0.021  175
   284.85   0.020  176
   283.24   0.021  177
   519.34   0.020  178
   559.76   0.021  179
   568.17   0.020  180
   599.58   0.020  182
   544.26   0.021  183
   483.32   0.020  184
   354.60   0.021  185
   262.12   0.020  186
   278.72   0.020  187
   347.04   0.020  189
   344.60   0.021  190
   323.50   0.020  191
   307.80   0.021  192
   369.34   0.020  193
   514.90   0.021  194
   633.06   0.021  196
   683.13   0.020  197
   597.08   0.021  198
   573.61   0.020  199
   610.14   0.021  200
   505.67   0.020  201
   588.17   0.020  203
   410.40   0.021  204
   735.77   0.020  205
   573.54   0.021  206
   500.09   0.020  207
   354.36   0.021  208
   292.24   0.021  210
   278.44   0.020  211
   268.77   0.020  212
   263.87   0.021  213
   259.33   0.020  214
   246.41   0.021  215
   242.72   0.021  217
   248.71   0.020  218
   255.88   0.021  219
   252.32   0.020  220
   253.18   0.021  221
   247.71   0.020  222
   253.14   0.020  224
   261.78   0.021  225
   265.73   0.021  227
   264.23   0.020  228
   271.03   0.021  229
   294.58   0.021  231
   416.63   0.020  232
   554.84   0.021  233
   535.38   0.020  234
   539.47   0.021  235
   593.33   0.020  236
   526.82   0.021  238
   386.05   0.020  239
   323.68   0.021  240
   302.49   0.020  241
   253.43   0.021  242
   257.14   0.020  243
   246.02   0.020  245
   265.02   0.021  246
   379.01   0.020  247
   402.68   0.021  248
   383.40   0.020  249
   554.00   0.021  250
   741.63   0.021  252
   601.89   0.020  253
   637.93   0.021  254
   613.16   0.020  255
   531.67   0.021    0
   251.71   0.020    1
   499.82   0.020    3
   569.10   0.021    4
   495.80   0.020    5
   395.62   0.020    6
   310.36   0.021    7
   298.26   0.020    8
   268.23   0.020   10
   255.75   0.021   11
   253.90   0.020   12
   245.23   0.021   13
   249.61   0.020   14
   257.57   0.021   15
   254.18   0.021   17
   252.40   0.020   18
   247.07   0.021   19
   248.87   0.020   20
   243.23   0.021   21
   242.16   0.020   22
   249.87   0.021   23
   260.40   0.020   24
   266.03   0.021   25
   269.32   0.020   26
   269.61   0.021   27
   272.18   0.020   28
   292.87   0.021   29
   279.51   0.020   30
   617.38   0.020   31
   582.39   0.021   32
   585.69   0.020   33
   590.56   0.021   34
   571.90   0.020   35
   534.68   0.021   36
   324.30   0.021   38
   298.29   0.020   39
   292.41   0.021   40
   286.54   0.020   41
   293.52   0.021   42
   257.88   0.020   43
   180.45   0.021   44
   437.78   0.020   45
   418.70   0.021   46
   489.33   0.020   47
   560.07   0.021   48
   633.47   0.020   49
   725.46   0.021   50
   605.66   0.020   51
   596.18   0.021   52
   593.71   0.020   53
   529.06   0.021   54
   556.17   0.020   55
   682.68   0.020   56
   558.23   0.021   57
   503.01   0.020   58
   468.83   0.021   59
   497.58   0.020   60
   440.07   0.021   61
   343.97   0.020   62
   286.42   0.021   63
   262.60   0.020   64
   261.68   0.021   65
   259.73   0.020   66
   250.31   0.021   67
   251.09   0.020   68
   253.70   0.021   69
   254.29   0.020   70
   254.93   0.021   71
   255.83   0.020   72
   253.03   0.021   73
   250.86   0.020   74
   251.59   0.021   75
   247.23   0.020   76
   245.74   0.021   77
   249.32   0.020   78
   255.95   0.021   79
   259.00   0.020   80
   263.46   0.020   81
   265.10   0.021   82
   270.18   0.020   83
   280.59   0.021   84
   305.15   0.020   85
   335.14   0.021   86
   556.60   0.020   87
   570.88   0.021   88
   542.62   0.020   89
   588.88   0.021   90
   509.34   0.020   91
   466.14   0.021   92
   425.94   0.020   93
   386.84   0.021   94
   413.37   0.020   95
   355.43   0.021   96
   306.64   0.020   97
   293.73   0.021   98
   262.69   0.020   99
   177.97   0.021  100
   334.38   0.020  101
   472.28   0.021  102
   449.03   0.020  103
   456.29   0.021  104
   405.97   0.020  105
   595.85   0.020  106
   749.16   0.021  107
   576.84   0.020  108
   587.48   0.021  109
   616.98   0.020  110
   548.69   0.021  111
   509.46   0.020  112
   636.56   0.021  113
   562.91   0.020  114
   615.30   0.021  115
   438.40   0.020  116
   417.45   0.021  117
   377.91   0.020  118
   329.77   0.021  119
   286.53   0.020  120
   275.84   0.021  121
   278.86   0.020  122
   259.55   0.021  123
   258.52   0.020  124
   264.49   0.021  125
   262.52   0.020  126
   256.34   0.021  127
   252.18   0.020  128
   257.32   0.021  129
   256.32   0.020  130
   255.30   0.020  131
   255.40   0.021  132
   257.44   0.020  133
   259.29   0.021  134
   260.49   0.020  135
   259.74   0.021  136
   258.52   0.020  137
   255.17   0.021  138
   260.38   0.020  139
   259.50   0.021  140
   260.61   0.020  141
   262.50   0.021  142
   255.17   0.020  143
   252.01   0.021  144
   253.02   0.020  145
   248.99   0.021  146
   248.11   0.020  147
   249.32   0.021  148
   250.05   0.020  149
   248.97   0.021  150
   256.14   0.020  151
   255.12   0.021  152
   252.04   0.020  153
   251.04   0.021  154
   256.15   0.020  155
   254.25   0.020  156
   254.16   0.021  157
   253.11   0.020  158
   253.18   0.021  159
   254.15   0.020  160
   256.15   0.021  161
   256.19   0.020  162
