   248.04   0.021   99
   248.27   0.020  100
   253.36   0.021  101
   254.49   0.020  102
   255.62   0.021  103
   254.52   0.020  104
   250.93   0.021  105
   247.30   0.020  106
   255.62   0.021  107
   256.76   0.020  108
   256.56   0.021  109
   254.62   0.020  110
   245.39   0.021  111
   254.52   0.020  112
   255.62   0.021  113
   256.50   0.020  114
   254.52   0.021  115
   254.36   0.020  116
   252.51   0.021  117
   253.38   0.020  118
   255.37   0.021  119
   253.48   0.020  120
   252.25   0.020  121
   253.38   0.021  122
   254.29   0.020  123
   253.16   0.021  124
   254.39   0.020  125
   253.29   0.021  126
   252.28   0.020  127
   252.38   0.021  128
   253.16   0.020  129
   255.39   0.021  130
   254.39   0.020  131
   254.49   0.021  132
   253.42   0.020  133
   253.33   0.021  134
   253.23   0.020  135
   253.16   0.021  136
   254.59   0.020  137
   253.38   0.021  138
   253.16   0.020  139
   253.38   0.021  140
   255.57   0.020  141
   252.38   0.021  142
   253.52   0.020  143
   252.38   0.021  144
   251.38   0.020  145
   252.48   0.020  146
   254.49   0.021  147
   254.52   0.020  148
   249.05   0.021  149
   252.48   0.020  150
   249.72   0.021  151
   249.81   0.020  152
   252.42   0.021  153
   251.35   0.020  154
   251.51   0.021  155
   247.27   0.020  156
   253.52   0.021  157
   254.39   0.020  158
   254.17   0.021  159
   249.32   0.020  160
   251.28   0.021  161
   254.49   0.020  162
   257.73   0.021  163
   255.49   0.020  164
   251.28   0.021  165
   254.52   0.020  166
   256.97   0.021  167
   255.76   0.020  168
   259.35   0.021  169
   254.72   0.020  170
   250.32   0.020  171
   255.56   0.021  172
   251.47   0.020  173
   255.83   0.021  174
   249.66   0.020  175
   252.51   0.021  176
   255.39   0.020  177
   254.26   0.021  178
   255.43   0.020  179
   252.38   0.021  180
   253.26   0.020  181
   254.17   0.021  182
   252.13   0.020  183
   253.29   0.021  184
   253.52   0.020  185
   252.25   0.021  186
   253.26   0.020  187
   254.49   0.021  188
   253.26   0.020  189
   252.42   0.021  190
   254.39   0.020  191
   253.46   0.021  192
   254.39   0.020  193
   253.26   0.021  194
   255.39   0.020  195
   253.38   0.020  196
   254.59   0.021  197
   253.36   0.020  198
   252.35   0.021  199
   253.36   0.020  200
   251.38   0.021  201
   252.28   0.020  202
   254.17   0.021  203
   254.24   0.020  204
   252.46   0.021  205
   253.52   0.020  206
   254.26   0.021  207
   254.36   0.020  208
   250.22   0.021  209
   251.33   0.020  210
   251.48   0.021  211
   256.34   0.020  212
   254.11   0.021  213
   253.80   0.020  214
   248.43   0.021  215
   249.03   0.020  216
   249.73   0.021  217
   255.66   0.020  218
   253.46   0.021  219
   254.08   0.020  220
   259.36   0.020  221
   258.18   0.021  222
   266.15   0.020  223
   279.60   0.021  224
   290.09   0.020  225
   239.20   0.021  226
   236.78   0.020  227
   387.92   0.021  228
   337.32   0.020  229
   281.64   0.021  230
   394.06   0.020  231
   409.59   0.021  232
   428.29   0.020  233
   454.98   0.021  234
   425.92   0.020  235
   389.12   0.021  236
   351.08   0.020  237
   333.82   0.021  238
   317.55   0.020  239
   297.49   0.021  240
   293.33   0.020  241
   315.35   0.021  242
   344.50   0.020  243
   273.00   0.021  244
   212.69   0.020  245
   241.15   0.020  246
   234.06   0.021  247
   217.86   0.020  248
   223.67   0.021  249
   224.38   0.020  250
   230.21   0.021  251
   275.81   0.020  252
   359.45   0.021  253
   337.65   0.020  254
   325.03   0.021  255
   320.40   0.020    0
   538.98   0.021    1
   611.93   0.020    2
   735.14   0.021    3
   422.63   0.020    4
   533.18   0.021    5
   417.19   0.020    6
   352.89   0.021    7
   336.13   0.020    8
   385.03   0.021    9
   302.49   0.020   10
   277.96   0.021   11
   262.85   0.020   12
   254.80   0.021   13
   245.10   0.020   14
   252.34   0.020   15
   255.02   0.021   16
   251.76   0.020   17
   253.26   0.021   18
   250.36   0.020   19
   255.50   0.021   20
   246.87   0.020   21
   250.91   0.021   22
   247.31   0.020   23
   256.13   0.021   24
   250.40   0.020   25
   243.23   0.021   26
   251.29   0.020   27
   247.64   0.021   28
   265.70   0.020   29
   287.24   0.021   30
   344.03   0.020   31
   318.20   0.021   32
   607.23   0.020   33
   585.37   0.021   34
   762.76   0.020   35
   541.02   0.021   36
   511.80   0.020   37
   666.17   0.021   38
   480.34   0.020   39
   323.69   0.020   40
   290.38   0.021   41
   277.02   0.020   42
   277.44   0.021   43
   288.62   0.020   44
   353.40   0.021   45
   348.75   0.021   47
   375.61   0.020   48
   518.93   0.021   49
   604.46   0.020   50
   693.00   0.021   51
   689.75   0.020   52
   546.20   0.021   53
   625.37   0.020   54
   526.85   0.021   55
   528.60   0.020   56
   757.37   0.021   57
   819.68   0.020   58
   755.88   0.021   59
   469.70   0.021   61
   326.66   0.020   62
   307.12   0.021   63
   318.37   0.020   64
   275.95   0.020   65
   267.16   0.021   66
   252.51   0.021   68
   251.77   0.020   69
   253.23   0.021   70
   259.07   0.020   71
   250.96   0.021   72
   246.92   0.020   73
   254.72   0.020   75
   248.34   0.021   76
   249.19   0.020   77
   245.70   0.021   78
   245.99   0.020   79
   252.93   0.021   80
   255.97   0.020   81
   260.95   0.021   82
   266.91   0.020   83
   339.00   0.021   84
   304.09   0.020   85
   574.53   0.021   86
   585.33   0.020   87
   656.04   0.020   89
   715.06   0.020   90
   524.73   0.021   91
   352.32   0.020   92
   266.19   0.021   93
   252.75   0.020   94
   312.02   0.021   95
   309.38   0.020   96
   322.95   0.021   97
   381.37   0.020   98
   405.69   0.021   99
   430.33   0.020  100
   424.53   0.021  101
   581.87   0.021  103
   665.51   0.020  104
   690.05   0.021  105
   535.88   0.020  106
   568.11   0.021  107
   518.43   0.020  108
   181.52   0.020  110
   602.24   0.021  111
   751.84   0.020  112
   626.56   0.021  113
   718.12   0.020  114
   413.37   0.020  115
   301.07   0.020  117
   293.08   0.021  118
   267.28   0.020  119
   267.50   0.021  120
   265.97   0.020  121
   255.95   0.021  122
   251.68   0.021  124
   252.41   0.020  125
   250.87   0.021  126
   251.26   0.020  127
   252.86   0.021  128
   252.86   0.020  129
   252.40   0.020  131
   247.30   0.021  132
   247.57   0.020  133
   254.07   0.021  134
   257.62   0.020  135
   257.62   0.021  136
   269.96   0.021  138
   380.62   0.020  139
   345.73   0.020  140
   563.97   0.021  141
   628.68   0.020  142
   577.00   0.021  143
   469.10   0.021  145
   308.83   0.020  146
   233.62   0.021  147
   267.80   0.020  148
   294.58   0.021  149
   345.14   0.020  150
   377.24   0.020  152
   355.60   0.021  153
   390.79   0.020  154
   466.63   0.021  155
   524.89   0.020  156
   566.75   0.021  157
   641.17   0.021  159
   541.81   0.020  160
   560.63   0.021  161
   557.98   0.020  162
   521.41   0.021  163
   332.16   0.020  164
   762.06   0.021  166
   629.59   0.020  167
   542.29   0.021  168
   553.28   0.020  169
   442.07   0.021  170
   293.57   0.020  171
   264.87   0.020  173
   262.63   0.021  174
   253.88   0.020  175
   258.96   0.021  176
   253.86   0.020  177
   251.66   0.021  178
   253.38   0.021  180
   255.75   0.020  181
   255.03   0.021  182
   254.53   0.020  183
   250.05   0.021  184
   244.47   0.020  185
   246.75   0.020  187
   252.44   0.021  188
   254.76   0.020  189
   253.12   0.020  190
   259.63   0.021  191
   274.55   0.020  192
   431.82   0.020  194
   588.42   0.021  195
   533.62   0.020  196
   734.36   0.021  197
   651.01   0.020  198
   638.44   0.021  199
   298.84   0.021  201
   280.14   0.020  202
   263.63   0.021  203
   270.64   0.020  204
   311.98   0.021  205
   331.50   0.020  206
   389.51   0.020  208
   461.17   0.021  209
   518.07   0.020  210
   578.23   0.021  211
   659.02   0.020  212
   731.14   0.021  213
   664.04   0.020  215
   561.05   0.021  216
   355.43   0.020  217
   728.89   0.021  218
   740.12   0.020  219
   716.11   0.021  220
   416.47   0.021  222
   392.59   0.020  223
   357.65   0.021  224
   292.20   0.020  225
   271.87   0.021  226
   256.34   0.020  227
   262.28   0.020  229
   257.46   0.021  230
   252.90   0.020  231
   244.61   0.021  232
   245.04   0.020  233
   251.88   0.021  234
   248.70   0.021  236
   252.84   0.020  237
   252.41   0.021  238
   250.14   0.020  239
   247.58   0.020  240
   248.41   0.021  241
   253.94   0.021  243
   248.33   0.020  244
   254.26   0.021  245
   266.04   0.020  246
   280.74   0.021  247
   431.92   0.020  248
   597.44   0.020  250
   637.69   0.021  251
   744.39   0.020  252
   641.62   0.021  253
   451.42   0.020  254
   384.94   0.021  255
   311.69   0.021    1
   317.93   0.020    2
   299.73   0.021    3
   330.91   0.020    4
   359.16   0.021    5
   419.44   0.020    6
   424.06   0.020    8
   492.47   0.020    9
   605.36   0.021   10
   688.84   0.020   11
   596.29   0.021   12
   589.72   0.020   13
   517.09   0.020   15
   427.27   0.021   16
   682.88   0.020   17
   741.01   0.021   18
   638.16   0.020   19
   476.39   0.021   20
   386.19   0.021   22
   294.53   0.020   23
   283.24   0.021   24
   257.09   0.020   25
   256.65   0.021   26
   257.22   0.020   27
   247.08   0.020   29
   239.57   0.021   30
   235.26   0.020   31
   255.26   0.021   32
   258.82   0.020   33
   255.15   0.020   34
   253.63   0.020   36
   246.02   0.021   37
   246.43   0.020   38
   246.62   0.021   39
   251.32   0.020   40
   251.65   0.021   41
   270.16   0.021   43
   349.65   0.020   44
   327.51   0.021   45
   561.65   0.020   46
   622.01   0.021   47
   753.00   0.020   48
   721.00   0.020   50
   474.20   0.021   51
   349.81   0.020   52
   210.08   0.021   53
   259.36   0.020   54
   325.18   0.021   55
   335.15   0.021   57
   353.62   0.020   58
   414.60   0.020   59
   408.23   0.021   60
   417.78   0.020   61
   487.92   0.021   62
   673.64   0.021   64
   665.70   0.020   65
   579.77   0.021   66
   633.58   0.020   67
   511.15   0.021   68
   431.32   0.020   69
   598.96   0.021   70
   738.03   0.020   71
   837.85   0.021   72
   497.59   0.020   73
   440.38   0.021   74
   314.11   0.020   75
   271.41   0.021   76
   267.61   0.020   77
   263.44   0.021   78
   259.03   0.020   79
   252.29   0.021   80
   251.68   0.020   81
   252.28   0.021   82
   254.13   0.020   83
   253.72   0.021   85
   254.95   0.020   86
   248.55   0.021   87
   244.44   0.020   88
   247.86   0.021   89
   242.75   0.020   90
   258.62   0.021   91
   251.84   0.020   92
   252.87   0.021   93
   248.52   0.020   94
   268.42   0.021   95
   293.43   0.020   96
   410.31   0.021   97
   600.12   0.021   99
   645.45   0.020  100
   601.45   0.021  101
   666.86   0.020  102
   540.08   0.021  103
   385.57   0.020  104
   299.67   0.021  105
   263.01   0.020  106
   269.79   0.021  107
   323.97   0.020  108
   336.92   0.020  109
   329.81   0.021  110
   378.80   0.020  111
   374.26   0.021  112
   405.50   0.020  113
   526.79   0.021  114
   600.01   0.020  115
   707.74   0.021  116
   614.97   0.020  117
   580.61   0.021  118
   655.71   0.020  119
   510.57   0.021  120
   298.70   0.020  121
   408.53   0.021  122
   725.41   0.020  123
   683.81   0.021  124
   786.79   0.020  125
   366.31   0.021  126
   411.24   0.020  127
   312.54   0.021  128
   295.41   0.020  129
   262.89   0.021  130
   252.60   0.020  131
   257.01   0.021  132
   258.44   0.020  133
   255.86   0.020  134
   250.71   0.021  135
   251.11   0.020  136
   252.03   0.021  137
   254.79   0.020  138
   253.04   0.021  139
   246.08   0.020  140
   246.36   0.021  141
   250.66   0.020  142
   245.68   0.021  143
   254.47   0.020  144
   254.66   0.021  145
   252.95   0.020  146
   254.72   0.021  147
   267.81   0.020  148
   300.06   0.021  149
   410.85   0.020  150
   567.43   0.021  151
   506.24   0.020  152
   345.51   0.021  153
   556.45   0.020  154
   648.29   0.021  155
   446.33   0.020  156
   295.10   0.021  157
   192.56   0.020  158
   235.86   0.020  159
   275.52   0.021  160
   307.58   0.020  161
   328.10   0.021  162
   359.04   0.020  163
   337.61   0.021  164
   326.26   0.020  165
   403.84   0.021  166
   525.17   0.020  167
   564.20   0.021  168
   609.56   0.020  169
   601.39   0.021  170
   561.55   0.020  171
   571.23   0.021  172
   610.33   0.020  173
   513.64   0.021  174
   427.71   0.020  175
   590.91   0.021  176
   733.25   0.020  177
   766.27   0.021  178
   243.06   0.020  179
   418.52   0.021  180
   343.56   0.020  181
   286.64   0.021  182
   274.01   0.020  183
   265.01   0.020  184
   261.82   0.021  185
   261.53   0.020  186
   245.67   0.021  187
   247.23   0.020  188
   250.41   0.021  189
   255.07   0.020  190
   259.08   0.021  191
   258.20   0.020  192
   255.91   0.021  193
   245.92   0.020  194
   238.91   0.021  195
   247.95   0.020  196
   252.65   0.021  197
   255.18   0.020  198
   256.08   0.021  199
   254.63   0.020  200
   257.45   0.021  201
   285.32   0.020  202
   359.25   0.021  203
   381.68   0.020  204
   566.79   0.021  205
   675.21   0.020  206
   754.29   0.021  207
   648.60   0.020  208
   573.77   0.020  209
   434.33   0.021  210
   271.97   0.020  211
   216.50   0.021  212
   181.21   0.020  213
   194.38   0.021  214
   325.01   0.020  215
   442.21   0.021  216
   389.07   0.020  217
   346.87   0.021  218
   354.97   0.020  219
   345.70   0.021  220
   512.71   0.020  221
   586.78   0.021  222
   620.04   0.020  223
   649.67   0.021  224
   547.25   0.020  225
   587.94   0.021  226
   535.24   0.020  227
   504.67   0.021  228
   309.45   0.020  229
   529.45   0.021  230
   806.76   0.020  231
   878.57   0.021  232
   408.62   0.020  233
   427.13   0.020  234
   355.27   0.021  235
   275.40   0.020  236
   273.53   0.021  237
   256.30   0.020  238
   254.74   0.021  239
   257.55   0.020  240
   256.43   0.021  241
   251.22   0.020  242
   253.70   0.021  243
   253.70   0.020  244
   255.56   0.021  245
   252.28   0.020  246
   252.07   0.021  247
   251.27   0.020  248
   246.56   0.021  249
   255.75   0.020  250
   246.82   0.021  251
   252.49   0.020  252
   245.93   0.021  253
   252.01   0.020  254
   267.14   0.021  255
   287.22   0.020    0
   375.28   0.021    1
   385.60   0.020    2
   545.30   0.020    3
   593.76   0.021    4
   756.42   0.020    5
   577.36   0.021    6
   610.96   0.020    7
   469.74   0.021    8
   277.78   0.020    9
   208.47   0.021   10
   219.64   0.020   11
   282.70   0.021   12
   360.21   0.020   13
   319.66   0.021   14
   283.88   0.020   15
   321.23   0.021   16
   390.84   0.020   17
   491.05   0.021   18
   466.14   0.020   19
   500.18   0.021   20
   579.65   0.020   21
   731.63   0.021   22
   581.65   0.020   23
   660.00   0.021   24
   562.24   0.020   25
   504.58   0.021   26
   544.56   0.020   27
   778.95   0.020   28
   623.89   0.021   29
   528.82   0.020   30
   396.94   0.021   31
   440.15   0.020   32
   314.52   0.021   33
   269.89   0.020   34
   265.23   0.021   35
   257.88   0.020   36
   256.18   0.021   37
   259.31   0.020   38
   251.56   0.021   39
   254.28   0.020   40
   256.01   0.021   41
   253.93   0.020   42
   252.29   0.021   43
   251.00   0.020   44
   248.86   0.021   45
   250.86   0.020   46
   244.93   0.021   47
   244.72   0.020   48
   248.05   0.021   49
   257.96   0.020   50
   255.62   0.021   51
   259.33   0.020   52
   270.50   0.020   53
   282.75   0.021   54
   370.54   0.020   55
   336.86   0.021   56
   566.66   0.020   57
   487.56   0.021   58
   737.95   0.020   59
   550.28   0.021   60
   409.43   0.020   61
   300.97   0.021   62
   230.47   0.020   63
   222.06   0.021   64
   245.29   0.020   65
   339.53   0.021   66
   373.77   0.020   67
   361.86   0.021   68
   300.57   0.020   69
   302.84   0.021   70
   439.21   0.020   71
   570.56   0.021   72
   606.48   0.020   73
   638.22   0.021   74
   629.50   0.020   75
   538.34   0.021   76
   629.84   0.020   77
   540.17   0.020   78
   722.94   0.021   79
   388.56   0.020   80
   790.33   0.021   81
   591.44   0.020   82
   356.92   0.021   83
   396.17   0.020   84
   316.65   0.021   85
   266.08   0.020   86
   258.15   0.021   87
   256.63   0.020   88
   259.51   0.021   89
   258.75   0.020   90
   257.89   0.021   91
   251.65   0.020   92
   248.07   0.021   93
   244.80   0.020   94
   248.16   0.021   95
   258.54   0.020   96
   259.65   0.021   97
   260.54   0.020   98
   247.77   0.021   99
   244.26   0.020  100
   242.39   0.021  101
   242.31   0.020  102
   247.94   0.020  103
   249.35   0.021  104
   263.21   0.020  105
   255.86   0.021  106
   266.69   0.020  107
   293.61   0.021  108
   392.30   0.020  109
   485.25   0.021  110
   669.84   0.020  111
   606.23   0.021  112
   747.99   0.020  113
   718.08   0.021  114
   620.99   0.020  115
   475.83   0.021  116
   296.51   0.020  117
   242.04   0.021  118
   298.08   0.020  119
   327.68   0.021  120
   378.77   0.020  121
   349.40   0.021  122
   410.00   0.020  123
   487.59   0.021  124
   567.61   0.020  125
   618.27   0.021  126
   717.30   0.020  127
   619.25   0.020  128
   646.08   0.021  129
   695.44   0.020  130
   510.79   0.021  131
   214.89   0.020  132
   489.73   0.021  133
   770.82   0.020  134
   715.90   0.021  135
   672.45   0.020  136
   543.82   0.021  137
   380.23   0.020  138
   275.83   0.021  139
   279.00   0.020  140
   263.52   0.021  141
   258.05   0.020  142
   260.51   0.021  143
   264.76   0.020  144
   248.36   0.021  145
   251.07   0.020  146
   254.41   0.021  147
   252.24   0.020  148
   251.09   0.021  149
   253.38   0.020  150
   252.22   0.021  151
   248.85   0.020  152
   248.07   0.020  153
   245.45   0.021  154
   247.80   0.020  155
   247.99   0.021  156
   246.17   0.020  157
   263.62   0.021  158
   274.00   0.020  159
   281.35   0.021  160
   386.05   0.020  161
   318.65   0.021  162
   613.59   0.020  163
   531.98   0.021  164
   763.46   0.020  165
   680.77   0.021  166
   595.04   0.020  167
   475.85   0.021  168
   371.35   0.020  169
   288.27   0.021  170
   287.51   0.020  171
   322.24   0.021  172
   430.91   0.020  173
   413.32   0.021  174
   390.65   0.020  175
   397.41   0.021  176
   383.84   0.020  177
   373.26   0.020  178
   546.61   0.021  179
   647.70   0.020  180
   739.79   0.021  181
   578.05   0.020  182
   608.27   0.021  183
   521.30   0.020  184
   459.73   0.021  185
   706.39   0.020  186
   745.22   0.021  187
   761.93   0.020  188
   857.76   0.021  189
   556.51   0.020  190
   423.52   0.021  191
   284.69   0.020  192
   276.59   0.021  193
   271.42   0.020  194
   261.00   0.021  195
   256.49   0.020  196
   252.51   0.021  197
   252.79   0.020  198
   244.33   0.021  199
   244.57   0.020  200
   247.74   0.021  201
   255.02   0.020  202
   241.96   0.020  203
   253.60   0.021  204
   247.31   0.020  205
   248.79   0.021  206
   250.12   0.020  207
   248.72   0.021  208
   258.94   0.020  209
   258.05   0.021  210
   253.12   0.020  211
   271.27   0.021  212
   290.66   0.020  213
   384.81   0.021  214
   435.24   0.020  215
   626.36   0.021  216
   692.43   0.020  217
   738.93   0.021  218
   634.47   0.020  219
   405.42   0.021  220
   358.53   0.020  221
   291.40   0.021  222
   264.46   0.020  223
   265.67   0.021  224
   295.91   0.020  225
   323.14   0.021  226
   305.55   0.020  227
   276.40   0.020  228
   301.82   0.021  229
   388.28   0.020  230
   553.01   0.021  231
   582.79   0.020  232
   646.18   0.021  233
   737.63   0.020  234
   643.84   0.021  235
   719.58   0.020  236
   679.30   0.021  237
   523.37   0.020  238
   251.72   0.021  239
   616.42   0.020  240
   820.75   0.021  241
   790.68   0.020  242
   389.24   0.021  243
   298.37   0.020  244
   258.26   0.021  245
   266.82   0.020  246
   255.80   0.021  247
   253.30   0.020  248
   259.48   0.021  249
   252.96   0.020  250
   243.27   0.021  251
   255.71   0.020  252
   254.39   0.020  253
   261.09   0.021  254
   254.43   0.020  255
   253.19   0.021    0
   252.67   0.020    1
   252.98   0.021    2
   251.64   0.020    3
   237.76   0.021    4
   255.63   0.020    5
   246.96   0.021    6
   254.42   0.020    7
   261.03   0.021    8
   268.53   0.020    9
   284.52   0.021   10
   384.96   0.020   11
   355.80   0.021   12
   543.13   0.020   13
   534.97   0.021   14
   448.55   0.020   15
   613.78   0.021   16
   614.47   0.020   17
   440.63   0.021   18
   396.80   0.020   19
   355.44   0.021   20
   278.26   0.020   21
   289.27   0.020   22
   349.94   0.021   23
   324.39   0.020   24
   306.34   0.021   25
   399.91   0.020   26
   444.51   0.021   27
   462.35   0.020   28
   607.12   0.021   29
   690.13   0.020   30
   726.24   0.021   31
   537.40   0.020   32
   703.70   0.021   33
   589.22   0.020   34
   520.25   0.021   35
   706.59   0.020   36
   764.55   0.021   37
   746.77   0.020   38
   878.41   0.021   39
   573.90   0.020   40
   446.25   0.021   41
   303.55   0.020   42
   267.49   0.021   43
   265.01   0.020   44
   256.67   0.021   45
   251.50   0.020   46
   255.83   0.020   47
   254.29   0.021   48
   253.09   0.020   49
   256.58   0.021   50
   253.20   0.020   51
   249.26   0.021   52
   243.67   0.020   53
   251.94   0.021   54
   248.51   0.020   55
   250.12   0.021   56
   256.76   0.020   57
   241.78   0.021   58
   250.64   0.020   59
   257.70   0.021   60
   269.54   0.020   61
   273.58   0.021   62
   354.93   0.020   63
   310.30   0.021   64
   573.91   0.020   65
   594.13   0.021   66
   634.06   0.020   67
   709.98   0.021   68
   693.89   0.020   69
   425.14   0.021   70
   368.63   0.020   71
   318.57   0.020   72
   323.22   0.021   73
   268.49   0.020   74
   259.08   0.021   75
   339.02   0.020   76
   367.76   0.021   77
   375.26   0.020   78
   417.42   0.021   79
   457.57   0.020   80
   488.99   0.021   81
   574.60   0.020   82
   650.49   0.021   83
   739.95   0.020   84
   559.11   0.021   85
   695.04   0.020   86
   592.73   0.021   87
   525.82   0.020   88
   303.52   0.021   89
   576.49   0.020   90
   793.50   0.021   91
   675.52   0.020   92
   617.44   0.021   93
   501.76   0.020   94
   445.26   0.021   95
   308.48   0.020   96
   273.84   0.020   97
   261.36   0.021   98
   253.76   0.020   99
   259.16   0.021  100
   257.75   0.020  101
   255.71   0.021  102
   245.51   0.020  103
   251.20   0.021  104
   258.73   0.020  105
   252.17   0.021  106
   243.56   0.020  107
   247.73   0.021  108
   252.76   0.020  109
   247.11   0.021  110
   250.33   0.020  111
   252.89   0.021  112
   253.97   0.020  113
   262.72   0.021  114
   279.40   0.020  115
   414.13   0.021  116
   343.82   0.020  117
   544.04   0.021  118
   603.77   0.020  119
   392.74   0.021  120
   583.84   0.020  121
   586.14   0.020  122
   421.47   0.021  123
   372.08   0.020  124
   332.19   0.021  125
   322.92   0.020  126
   317.68   0.021  127
   339.92   0.020  128
   336.13   0.021  129
   372.05   0.020  130
   401.94   0.021  131
   409.74   0.020  132
   487.65   0.021  133
   630.21   0.020  134
   690.73   0.021  135
   722.91   0.020  136
   562.38   0.021  137
   676.31   0.020  138
   596.18   0.021  139
   504.42   0.020  140
   356.62   0.021  141
   697.75   0.020  142
   783.81   0.021  143
   695.71   0.020  144
   539.18   0.021  145
   472.03   0.020  146
   438.35   0.020  147
   288.72   0.021  148
   270.38   0.020  149
   262.48   0.021  150
   255.29   0.020  151
   260.93   0.021  152
   258.70   0.020  153
   249.68   0.021  154
   244.52   0.020  155
   250.55   0.021  156
   253.37   0.020  157
   255.02   0.021  158
   253.02   0.020  159
   248.91   0.021  160
   247.85   0.020  161
   252.24   0.021  162
   252.37   0.020  163
   251.43   0.021  164
   244.11   0.020  165
   252.24   0.021  166
   256.17   0.020  167
   265.53   0.021  168
   304.68   0.020  169
   374.27   0.021  170
   526.89   0.020  171
   595.57   0.020  172
   576.45   0.021  173
   737.53   0.020  174
   609.78   0.021  175
   385.56   0.020  176
   329.46   0.021  177
   226.69   0.020  178
   194.14   0.021  179
   247.57   0.020  180
   309.42   0.021  181
   335.19   0.020  182
   305.39   0.021  183
   298.55   0.020  184
   312.68   0.021  185
   333.95   0.020  186
   420.33   0.021  187
   563.42   0.020  188
   571.06   0.021  189
   563.55   0.020  190
   598.22   0.021  191
   591.84   0.020  192
   553.84   0.021  193
   631.23   0.020  194
   548.52   0.021  195
   534.33   0.020  196
   665.03   0.020  197
   798.04   0.021  198
   789.48   0.020  199
   776.31   0.021  200
   441.74   0.020  201
   408.63   0.021  202
   355.63   0.020  203
   283.11   0.021  204
   278.33   0.020  205
   261.27   0.021  206
   250.90   0.020  207
   248.32   0.021  208
   252.28   0.020  209
   254.30   0.021  210
   250.60   0.020  211
   255.87   0.021  212
   256.75   0.020  213
   256.35   0.021  214
   253.69   0.020  215
   254.82   0.021  216
   255.93   0.020  217
   250.71   0.021  218
   256.30   0.020  219
   251.20   0.021  220
   244.59   0.020  221
   247.10   0.020  222
   251.72   0.021  223
   260.18   0.020  224
   251.70   0.021  225
   265.43   0.020  226
   282.66   0.021  227
   351.10   0.020  228
   349.06   0.021  229
   515.83   0.020  230
   236.38   0.021  231
   647.46   0.020  232
   376.43   0.021  233
   374.68   0.020  234
   324.80   0.021  235
   228.65   0.020  236
   193.22   0.021  237
   209.93   0.020  238
   263.77   0.021  239
   283.99   0.020  240
   236.34   0.021  241
   295.76   0.020  242
   424.01   0.021  243
   496.14   0.020  244
   550.33   0.021  245
   520.08   0.020  246
   618.44   0.020  247
   558.45   0.021  248
   520.19   0.020  249
   518.43   0.021  250
   511.09   0.020  251
   280.74   0.021  252
   677.06   0.020  253
   715.43   0.021  254
   397.16   0.020  255
   241.95   0.021    0
   252.68   0.020    1
   250.66   0.021    2
   249.04   0.020    3
   252.53   0.021    4
   255.68   0.020    5
   257.61   0.021    6
   259.30   0.020    7
   257.70   0.021    8
   255.01   0.020    9
   256.37   0.021   10
   258.11   0.020   11
   255.36   0.021   12
   254.16   0.020   13
   256.94   0.021   14
   256.10   0.020   15
   253.45   0.020   16
   251.64   0.021   17
   250.10   0.020   18
   253.39   0.021   19
   254.15   0.020   20
   253.25   0.021   21
   257.50   0.020   22
   254.46   0.021   23
   251.12   0.020   24
   251.31   0.021   25
   251.30   0.020   26
   253.07   0.021   27
   253.06   0.020   28
   252.32   0.021   29
   254.26   0.020   30
   254.36   0.021   31
   255.26   0.020   32
   255.36   0.021   33
   255.56   0.020   34
   254.34   0.021   35
