   254.71   0.020  164
   253.63   0.021  165
   252.59   0.020  166
   253.63   0.021  167
   255.78   0.020  168
   251.42   0.021  169
   255.71   0.020  170
   255.64   0.021  171
   253.66   0.020  172
   255.73   0.021  173
   254.62   0.020  174
   254.87   0.021  175
   254.64   0.020  176
   257.69   0.021  177
   251.56   0.020  178
   254.69   0.021  179
   252.53   0.020  180
   253.66   0.021  181
   255.68   0.020  182
   250.55   0.021  183
   254.77   0.020  184
   255.57   0.020  185
   254.62   0.021  186
   258.87   0.020  187
   251.85   0.021  188
   255.78   0.020  189
   253.70   0.021  190
   257.83   0.020  191
   255.71   0.021  192
   253.65   0.020  193
   249.22   0.021  194
   256.63   0.020  195
   254.71   0.021  196
   256.77   0.020  197
   255.73   0.021  198
   249.48   0.020  199
   255.90   0.021  200
   253.68   0.020  201
   248.11   0.021  202
   257.69   0.020  203
   256.74   0.021  204
   249.67   0.020  205
   256.82   0.021  206
   253.53   0.020  207
   245.98   0.021  208
   257.83   0.020  209
   258.04   0.020  210
   246.53   0.021  211
   256.74   0.020  212
   252.53   0.021  213
   256.77   0.020  214
   254.62   0.021  215
   255.66   0.020  216
   255.66   0.021  217
   254.58   0.020  218
   253.63   0.021  219
   254.71   0.020  220
   253.68   0.021  221
   254.64   0.020  222
   253.61   0.021  223
   256.68   0.020  224
   254.62   0.021  225
   253.68   0.020  226
   254.64   0.021  227
   253.63   0.020  228
   254.71   0.021  229
   254.62   0.020  230
   253.54   0.021  231
   253.56   0.020  232
   253.61   0.021  233
   253.63   0.020  234
   254.71   0.020  235
   254.64   0.021  236
   252.59   0.020  237
   255.64   0.021  238
   255.66   0.020  239
   252.53   0.021  240
   253.61   0.020  241
   254.64   0.021  242
   252.61   0.020  243
   253.70   0.021  244
   253.70   0.020  245
   255.66   0.021  246
   255.73   0.020  247
   254.71   0.021  248
   253.61   0.020  249
   252.66   0.021  250
   254.69   0.020  251
   254.71   0.021  252
   254.67   0.020  253
   254.71   0.021  254
   254.58   0.020  255
   253.61   0.021    0
   255.73   0.020    1
   254.64   0.021    2
   255.80   0.020    3
   253.63   0.020    4
   255.73   0.021    5
   251.60   0.020    6
   251.58   0.021    7
   255.71   0.020    8
   253.56   0.021    9
   254.67   0.020   10
   254.60   0.021   11
   254.74   0.020   12
   254.79   0.021   13
   253.56   0.020   14
   255.68   0.021   15
   254.69   0.020   16
   254.71   0.021   17
   254.64   0.020   18
   257.77   0.021   19
   253.50   0.020   20
   253.27   0.021   21
   257.51   0.020   22
   254.75   0.021   23
   256.95   0.020   24
   257.13   0.021   25
   248.64   0.020   26
   247.05   0.021   27
   255.92   0.020   28
   250.96   0.020   29
   254.16   0.021   30
   250.83   0.020   31
   260.06   0.021   32
   262.16   0.020   33
   275.59   0.021   34
   262.55   0.020   35
   212.40   0.021   36
   232.30   0.020   37
   258.69   0.021   38
   367.99   0.020   39
   436.29   0.021   40
   398.82   0.020   41
   418.04   0.021   42
   421.60   0.020   43
   443.91   0.021   44
   481.90   0.020   45
   443.19   0.021   46
   390.50   0.020   47
   339.32   0.021   48
   284.59   0.020   49
   260.75   0.021   50
   361.15   0.020   51
   414.00   0.021   52
   328.77   0.020   53
   309.08   0.020   54
   277.60   0.021   55
   222.57   0.020   56
   305.65   0.021   57
   275.63   0.020   58
   271.28   0.021   59
   324.84   0.020   60
   348.95   0.021   61
   349.78   0.020   62
   201.53   0.021   63
   591.47   0.020   64
   762.76   0.021   65
   648.10   0.020   66
   563.28   0.021   67
   354.69   0.020   68
   508.11   0.021   69
   310.21   0.020   70
   315.50   0.021   71
   290.78   0.020   72
   310.24   0.021   73
   281.45   0.020   74
   271.23   0.021   75
   249.41   0.020   76
   251.31   0.021   77
   266.45   0.020   78
   262.65   0.020   79
   247.69   0.021   80
   246.82   0.020   81
   246.82   0.021   82
   251.00   0.020   83
   254.15   0.021   84
   251.51   0.020   85
   251.40   0.021   86
   256.80   0.020   87
   258.71   0.021   88
   254.96   0.020   89
   250.29   0.021   90
   255.14   0.020   91
   256.49   0.021   92
   255.59   0.020   93
   244.99   0.021   94
   246.50   0.020   95
   281.16   0.021   96
   304.24   0.020   97
   324.86   0.021   98
   563.06   0.020   99
   593.83   0.021  100
   678.74   0.020  101
   563.12   0.021  102
   509.28   0.020  103
   530.34   0.020  104
   437.08   0.021  105
   415.96   0.020  106
   379.01   0.021  107
   336.89   0.020  108
   316.89   0.021  109
   319.83   0.020  110
   337.01   0.021  111
   395.61   0.020  112
   296.88   0.021  113
   429.02   0.020  114
   521.35   0.021  115
   472.61   0.020  116
   468.56   0.021  117
   496.54   0.020  118
   562.50   0.021  119
   514.65   0.020  120
   503.68   0.021  121
   511.78   0.020  122
   740.76   0.021  123
   737.39   0.020  124
   690.08   0.021  125
   599.33   0.020  126
   385.55   0.021  127
   327.98   0.020  128
   367.91   0.020  129
   288.43   0.021  130
   270.62   0.020  131
   267.70   0.021  132
   256.51   0.020  133
   264.10   0.021  134
   255.46   0.020  135
   256.46   0.021  136
   255.03   0.020  137
   252.64   0.021  138
   256.90   0.020  139
   254.44   0.021  140
   256.43   0.020  141
   258.50   0.021  142
   254.74   0.020  143
   252.22   0.021  144
   250.18   0.020  145
   252.53   0.021  146
   254.48   0.020  147
   250.98   0.021  148
   252.01   0.020  149
   258.53   0.021  150
   276.96   0.020  151
   302.12   0.021  152
   288.61   0.020  153
   543.28   0.020  154
   686.61   0.021  155
   605.00   0.020  156
   682.81   0.021  157
   666.50   0.020  158
   570.45   0.021  159
   485.49   0.020  160
   403.91   0.021  161
   357.40   0.020  162
   339.13   0.021  163
   328.77   0.020  164
   269.87   0.021  165
   247.27   0.020  166
   367.80   0.021  167
   426.26   0.020  168
   372.35   0.021  169
   443.31   0.020  170
   511.53   0.021  171
   602.78   0.020  172
   656.20   0.021  173
   575.90   0.020  174
   548.41   0.021  175
   561.98   0.020  176
   520.56   0.021  177
   508.12   0.020  178
   176.10   0.020  179
   544.46   0.021  180
   852.01   0.020  181
   579.32   0.021  182
   441.96   0.020  183
   565.15   0.021  184
   357.08   0.020  185
   306.40   0.021  186
   338.11   0.020  187
   293.62   0.021  188
   273.05   0.020  189
   263.93   0.021  190
   259.89   0.020  191
   255.23   0.021  192
   246.57   0.020  193
   250.51   0.021  194
   252.76   0.020  195
   260.80   0.021  196
   260.03   0.020  197
   255.91   0.021  198
   252.84   0.020  199
   256.34   0.021  200
   255.47   0.020  201
   254.02   0.021  202
   246.36   0.020  203
   240.51   0.020  204
   262.51   0.020  206
   269.00   0.021  207
   371.59   0.020  208
   354.02   0.021  209
   555.51   0.020  210
   572.62   0.021  211
   494.84   0.021  213
   516.54   0.020  214
   480.13   0.021  215
   486.80   0.020  216
   401.33   0.021  217
   350.16   0.020  218
   313.59   0.020  220
   282.68   0.021  221
   339.78   0.020  222
   362.67   0.021  223
   386.31   0.020  224
   436.69   0.021  225
   588.46   0.021  227
   598.44   0.020  228
   694.89   0.020  229
   576.75   0.021  230
   615.77   0.020  231
   591.56   0.021  232
   363.45   0.021  234
   362.71   0.020  235
   831.37   0.021  236
   607.67   0.020  237
   777.62   0.021  238
   441.43   0.020  239
   314.24   0.020  241
   296.98   0.021  242
   280.89   0.020  243
   268.65   0.021  244
   274.00   0.020  245
   253.83   0.021  246
   249.49   0.021  248
   243.89   0.020  249
   250.52   0.021  250
   252.11   0.020  251
   258.97   0.021  252
   258.83   0.020  253
   249.38   0.021  255
   251.40   0.020    0
   255.49   0.021    1
   257.89   0.020    2
   261.07   0.021    3
   250.10   0.020    4
   254.46   0.020    6
   267.22   0.021    7
   314.84   0.020    8
   339.81   0.021    9
   542.81   0.020   10
   740.06   0.021   11
   614.72   0.020   12
   615.35   0.021   13
   601.20   0.020   14
   565.43   0.021   15
   436.29   0.020   16
   327.67   0.021   17
   278.39   0.020   18
   317.00   0.020   20
   373.38   0.021   21
   367.82   0.020   22
   422.39   0.020   23
   469.68   0.021   24
   480.00   0.020   25
   570.31   0.021   26
   612.47   0.020   27
   707.60   0.021   28
   555.64   0.020   29
   595.38   0.021   30
   602.06   0.020   31
   691.28   0.021   32
   823.58   0.020   33
   802.74   0.021   34
   721.36   0.020   35
   285.78   0.021   36
   457.97   0.020   37
   394.72   0.021   38
   296.56   0.020   39
   272.33   0.021   40
   253.55   0.020   41
   257.06   0.021   42
   263.36   0.020   43
   263.29   0.021   44
   257.02   0.020   45
   253.59   0.021   46
   248.48   0.020   47
   250.78   0.020   48
   251.63   0.021   49
   255.78   0.020   50
   259.84   0.021   51
   260.82   0.020   52
   256.25   0.021   53
   248.97   0.020   54
   249.11   0.021   55
   253.04   0.020   56
   260.16   0.021   57
   257.40   0.020   58
   250.60   0.021   59
   248.49   0.020   60
   259.52   0.021   61
   304.13   0.020   62
   352.59   0.021   63
   548.31   0.020   64
   737.67   0.021   65
   644.48   0.020   66
   601.64   0.021   67
   592.05   0.020   68
   521.54   0.021   69
   429.44   0.020   70
   358.11   0.021   71
   321.39   0.020   72
   309.52   0.020   73
   293.74   0.021   74
   310.43   0.020   75
   363.83   0.021   76
   378.94   0.020   77
   377.60   0.021   78
   411.79   0.020   79
   562.18   0.021   80
   611.27   0.020   81
   656.06   0.021   82
   623.55   0.020   83
   541.85   0.021   84
   584.66   0.020   85
   522.19   0.021   86
   602.04   0.020   87
   722.17   0.021   88
   650.08   0.020   89
   647.93   0.021   90
   695.81   0.020   91
   435.43   0.021   92
   392.75   0.020   93
   328.27   0.021   94
   294.87   0.020   95
   272.23   0.021   96
   263.94   0.020   97
   270.85   0.020   98
   271.21   0.021   99
   253.64   0.020  100
   245.85   0.021  101
   240.10   0.020  102
   237.01   0.021  103
   245.05   0.020  104
   245.68   0.021  105
   264.96   0.020  106
   261.66   0.021  107
   260.79   0.020  108
   252.89   0.021  109
   246.93   0.020  110
   247.67   0.021  111
   264.16   0.020  112
   260.75   0.021  113
   248.23   0.020  114
   246.84   0.021  115
   248.83   0.020  116
   268.45   0.021  117
   352.85   0.020  118
   379.70   0.021  119
   618.57   0.020  120
   696.83   0.021  121
   662.90   0.020  122
   577.20   0.020  123
   431.70   0.021  124
   367.62   0.020  125
   319.13   0.021  126
   330.33   0.020  127
   368.84   0.021  128
   388.69   0.020  129
   366.77   0.021  130
   443.66   0.020  131
   414.91   0.021  132
   414.50   0.020  133
   564.05   0.021  134
   605.83   0.020  135
   618.74   0.021  136
   590.52   0.020  137
   528.80   0.021  138
   586.45   0.020  139
   534.49   0.021  140
   603.11   0.020  141
   726.13   0.021  142
   627.09   0.020  143
   648.42   0.021  144
   766.85   0.020  145
   474.96   0.021  146
   378.54   0.020  147
   312.08   0.020  148
   284.23   0.021  149
   257.69   0.020  150
   244.56   0.021  151
   267.57   0.020  152
   259.93   0.021  153
   242.12   0.020  154
   247.98   0.021  155
   240.83   0.020  156
   252.48   0.021  157
   258.07   0.020  158
   266.14   0.021  159
   260.87   0.020  160
   258.03   0.021  161
   256.00   0.020  162
   254.09   0.021  163
   253.06   0.020  164
   252.74   0.021  165
   248.14   0.020  166
   246.16   0.021  167
   258.55   0.020  168
   260.70   0.021  169
   276.05   0.020  170
   334.03   0.021  171
   393.23   0.020  172
   598.52   0.020  173
   611.25   0.021  174
   677.86   0.020  175
   695.75   0.021  176
   574.94   0.020  177
   447.79   0.021  178
   394.00   0.020  179
   331.64   0.021  180
   277.09   0.020  181
   293.20   0.021  182
   322.51   0.020  183
   384.09   0.021  184
   366.46   0.020  185
   354.79   0.021  186
   440.11   0.020  187
   515.61   0.021  188
   543.96   0.020  189
   604.43   0.021  190
   673.59   0.020  191
   579.58   0.021  192
   567.64   0.020  193
   561.66   0.021  194
   525.04   0.020  195
   561.09   0.021  196
   674.70   0.020  197
   816.29   0.020  198
   631.52   0.021  199
   775.10   0.020  200
   429.55   0.021  201
   461.36   0.020  202
   278.26   0.021  203
   269.71   0.020  204
   264.26   0.021  205
   258.22   0.020  206
   263.13   0.021  207
   265.86   0.020  208
   256.94   0.021  209
   246.57   0.020  210
   251.99   0.020  212
   255.67   0.021  213
   254.76   0.020  214
   256.83   0.021  215
   253.75   0.020  216
   252.88   0.021  217
   256.13   0.020  218
   249.30   0.021  219
   251.22   0.020  220
   251.11   0.021  221
   252.63   0.020  222
   254.50   0.020  223
   274.58   0.021  224
   291.44   0.021  226
   548.84   0.020  227
   733.09   0.021  228
   676.91   0.020  229
   729.80   0.021  230
   661.27   0.020  231
   376.36   0.020  233
   299.23   0.021  234
   264.69   0.020  235
   332.42   0.021  236
   423.71   0.020  237
   438.74   0.021  238
   390.61   0.021  240
   477.56   0.020  241
   554.77   0.021  242
   600.32   0.020  243
   680.70   0.021  244
   598.18   0.020  245
   608.68   0.020  247
   519.27   0.020  248
   611.31   0.021  249
   585.54   0.020  250
   564.03   0.021  251
   681.06   0.020  252
   439.03   0.020  254
   370.32   0.021  255
   297.19   0.020    0
   288.34   0.021    1
   266.53   0.020    2
   274.22   0.021    3
   258.30   0.021    5
   251.23   0.020    6
   251.65   0.021    7
   255.30   0.020    8
   254.32   0.021    9
   252.25   0.020   10
   248.07   0.020   12
   255.56   0.021   13
   257.62   0.020   14
   254.02   0.021   15
   248.83   0.020   16
   249.22   0.020   17
   253.33   0.021   18
   250.07   0.020   19
   245.40   0.021   20
   254.92   0.020   21
   259.29   0.021   22
   276.15   0.020   23
   313.90   0.021   24
   561.00   0.021   26
   666.57   0.020   27
   585.82   0.021   28
   534.87   0.020   29
   496.10   0.021   30
   457.41   0.020   31
   442.09   0.021   32
   383.98   0.020   33
   312.67   0.021   34
   241.73   0.020   35
   206.21   0.021   36
   292.14   0.020   37
   317.19   0.021   38
   381.84   0.020   39
   464.30   0.021   40
   419.77   0.020   41
   408.42   0.020   42
   474.96   0.021   43
   500.26   0.020   44
   567.29   0.021   45
   575.84   0.020   46
   550.02   0.021   47
   581.95   0.020   48
   578.36   0.021   49
   511.27   0.020   50
   760.07   0.021   51
   878.57   0.020   52
   683.01   0.021   53
   343.04   0.020   54
   520.10   0.021   55
   353.92   0.020   56
   279.03   0.021   57
   275.50   0.020   58
   258.98   0.021   59
   263.65   0.020   60
   268.57   0.021   61
   260.93   0.020   62
   261.81   0.021   63
   245.75   0.020   64
   257.02   0.021   65
   239.28   0.020   66
   240.76   0.020   67
   250.40   0.021   68
   254.68   0.020   69
   261.10   0.021   70
   258.67   0.020   71
   251.59   0.021   72
   242.11   0.020   73
   243.02   0.021   74
   268.45   0.020   75
   256.70   0.021   76
   252.28   0.020   77
   249.12   0.021   78
   264.97   0.020   79
   257.94   0.021   80
   268.80   0.020   81
   465.09   0.021   82
   541.87   0.020   83
   598.37   0.021   84
   551.48   0.020   85
   640.06   0.021   86
   631.68   0.020   87
   543.04   0.021   88
   378.29   0.020   89
   301.97   0.021   90
   265.97   0.020   91
   213.88   0.020   92
   262.70   0.021   93
   406.49   0.020   94
   415.31   0.021   95
   384.58   0.020   96
   426.09   0.021   97
   449.69   0.020   98
   480.87   0.021   99
   541.59   0.020  100
   694.57   0.021  101
   629.04   0.020  102
   536.92   0.021  103
   569.85   0.020  104
   566.72   0.021  105
   655.99   0.020  106
   601.58   0.021  107
   589.82   0.020  108
   752.14   0.021  109
   353.59   0.020  110
   429.46   0.021  111
   391.70   0.020  112
   287.95   0.021  113
   263.04   0.020  114
   257.60   0.021  115
   257.59   0.020  116
   263.12   0.020  117
   258.86   0.021  118
   252.94   0.020  119
   246.19   0.021  120
   252.37   0.020  121
   254.11   0.021  122
   251.22   0.020  123
   254.28   0.021  124
   252.37   0.020  125
   257.02   0.021  126
   255.83   0.020  127
   256.97   0.021  128
   256.26   0.020  129
   255.41   0.021  130
   251.87   0.020  131
   253.54   0.021  132
   252.81   0.020  133
   247.69   0.021  134
   251.40   0.020  135
   258.16   0.021  136
   252.50   0.020  137
   433.74   0.021  138
   482.54   0.020  139
   672.78   0.021  140
   568.51   0.020  141
   471.17   0.020  142
   524.97   0.021  143
   419.00   0.020  144
   337.65   0.021  145
   310.66   0.020  146
   266.95   0.021  147
   263.53   0.020  148
   332.92   0.021  149
   310.11   0.020  150
   338.42   0.021  151
   402.33   0.020  152
   465.86   0.021  153
   459.02   0.020  154
   459.84   0.021  155
   573.87   0.020  156
   510.70   0.021  157
   479.13   0.020  158
   554.56   0.021  159
   509.91   0.020  160
   510.10   0.021  161
   247.69   0.020  162
   271.88   0.021  163
   532.93   0.020  164
   634.30   0.021  165
   539.80   0.020  166
   307.25   0.020  167
   268.07   0.021  168
   255.11   0.020  169
   254.64   0.021  170
   258.10   0.020  171
   258.03   0.021  172
   257.08   0.020  173
   257.22   0.021  174
   253.00   0.020  175
   254.19   0.021  176
   255.98   0.020  177
