   255.53   0.021  156
   254.52   0.020  157
   255.56   0.021  158
   254.50   0.020  159
   254.52   0.020  160
   254.67   0.021  161
   254.48   0.020  162
   254.52   0.021  163
   255.53   0.020  164
   254.58   0.021  165
   253.56   0.020  166
   253.44   0.021  167
   254.54   0.020  168
   254.54   0.021  169
   254.54   0.020  170
   254.51   0.021  171
   255.58   0.020  172
   252.46   0.021  173
   255.56   0.020  174
   256.60   0.021  175
   255.62   0.020  176
   253.50   0.021  177
   254.48   0.020  178
   255.56   0.021  179
   253.52   0.020  180
   255.58   0.021  181
   255.62   0.020  182
   255.56   0.021  183
   254.54   0.020  184
   254.54   0.020  185
   254.54   0.021  186
   254.48   0.020  187
   253.62   0.021  188
   255.58   0.020  189
   254.58   0.021  190
   255.45   0.020  191
   254.52   0.021  192
   254.54   0.020  193
   251.49   0.021  194
   255.56   0.020  195
   253.56   0.021  196
   256.51   0.020  197
   255.58   0.021  198
   254.54   0.020  199
   254.54   0.021  200
   253.47   0.020  201
   254.63   0.021  202
   254.57   0.020  203
   254.60   0.021  204
   255.50   0.020  205
   254.54   0.021  206
   254.57   0.020  207
   257.68   0.021  208
   255.58   0.020  209
   251.47   0.020  210
   250.52   0.021  211
   254.57   0.020  212
   254.48   0.021  213
   252.55   0.020  214
   255.62   0.021  215
   252.45   0.020  216
   253.55   0.021  217
   256.60   0.020  218
   251.83   0.021  219
   248.12   0.020  220
   256.49   0.021  221
   254.49   0.020  222
   255.62   0.021  223
   256.60   0.020  224
   254.52   0.021  225
   256.60   0.020  226
   256.60   0.021  227
   252.85   0.020  228
   245.96   0.021  229
   255.40   0.020  230
   259.77   0.021  231
   252.42   0.020  232
   255.53   0.021  233
   253.45   0.020  234
   249.38   0.020  235
   259.57   0.021  236
   253.47   0.020  237
   265.92   0.021  238
   264.77   0.020  239
   252.90   0.021  240
   252.04   0.020  241
   257.02   0.021  242
   256.68   0.020  243
   255.66   0.021  244
   256.80   0.020  245
   254.77   0.021  246
   256.49   0.020  247
   263.37   0.021  248
   252.78   0.020  249
   234.39   0.021  250
   222.38   0.020  251
   240.55   0.021  252
   405.55   0.020  253
   407.08   0.021  254
   362.34   0.020  255
   378.98   0.021    0
   364.55   0.020    1
   382.56   0.021    2
   411.81   0.020    3
   359.73   0.020    4
   354.91   0.021    5
   359.53   0.020    6
   330.95   0.021    7
   281.62   0.020    8
   249.49   0.021    9
   319.41   0.020   10
   289.04   0.021   11
   256.74   0.020   12
   321.38   0.021   13
   297.28   0.020   14
   214.67   0.021   15
   221.80   0.020   16
   209.99   0.021   17
   220.92   0.020   18
   272.35   0.021   19
   310.30   0.020   20
   277.98   0.021   21
    88.14   0.020   22
   443.32   0.021   23
   580.78   0.020   24
   598.56   0.021   25
   365.37   0.020   26
   262.40   0.021   27
   400.44   0.020   28
   336.36   0.020   29
   380.27   0.021   30
   317.42   0.020   31
   279.66   0.021   32
   269.52   0.020   33
   258.71   0.021   34
   253.56   0.020   35
   254.73   0.021   36
   251.99   0.020   37
   253.90   0.021   38
   257.71   0.020   39
   255.75   0.021   40
   251.63   0.020   41
   254.77   0.021   42
   258.45   0.020   43
   253.41   0.021   44
   255.71   0.020   45
   248.05   0.021   46
   250.85   0.020   47
   255.14   0.021   48
   254.26   0.020   49
   252.21   0.021   50
   248.49   0.020   51
   246.36   0.021   52
   257.23   0.020   53
   271.75   0.020   54
   319.83   0.021   55
   403.99   0.020   56
   539.48   0.021   57
   587.30   0.020   58
   620.53   0.021   59
   559.78   0.020   60
   523.14   0.021   61
   473.51   0.020   62
   423.14   0.021   63
   378.78   0.020   64
   394.36   0.021   65
   378.09   0.020   66
   350.51   0.021   67
   322.26   0.020   68
   323.19   0.021   69
   400.62   0.020   70
   325.28   0.021   71
   442.49   0.020   72
   441.56   0.021   73
   388.92   0.020   74
   573.50   0.021   75
   600.60   0.020   76
   487.83   0.021   77
   537.17   0.020   78
   536.90   0.020   79
   459.85   0.021   80
   546.99   0.020   81
   518.39   0.021   82
   786.17   0.020   83
   572.69   0.021   84
   402.35   0.020   85
   568.31   0.021   86
   386.96   0.020   87
   324.03   0.021   88
   318.19   0.020   89
   286.37   0.021   90
   268.54   0.020   91
   256.96   0.021   92
   248.29   0.020   93
   253.80   0.021   94
   247.56   0.020   95
   254.40   0.021   96
   243.87   0.020   97
   240.45   0.021   98
   247.16   0.020   99
   270.56   0.021  100
   256.32   0.020  101
   256.83   0.021  102
   257.48   0.020  103
   247.85   0.020  104
   257.77   0.021  105
   254.77   0.020  106
   261.92   0.021  107
   255.42   0.020  108
   251.72   0.021  109
   250.66   0.020  110
   260.23   0.021  111
   290.89   0.020  112
   342.67   0.021  113
   408.20   0.020  114
   567.98   0.021  115
   613.55   0.020  116
   632.76   0.021  117
   625.77   0.020  118
   606.24   0.021  119
   454.41   0.020  120
   323.48   0.020  122
   269.89   0.021  123
   302.62   0.020  124
   276.80   0.021  125
   305.38   0.020  126
   436.60   0.021  127
   406.29   0.020  128
   363.85   0.020  129
   515.61   0.021  130
   556.08   0.020  131
   484.47   0.021  132
   562.54   0.020  133
   550.39   0.021  134
   524.51   0.021  136
   718.73   0.020  137
   653.80   0.021  138
   705.80   0.020  139
   590.61   0.021  140
   604.11   0.020  141
   365.94   0.020  143
   289.82   0.021  144
   298.84   0.020  145
   263.85   0.021  146
   249.57   0.020  147
   250.34   0.021  148
   262.87   0.021  150
   249.34   0.020  151
   257.89   0.021  152
   253.98   0.020  153
   251.75   0.020  154
   253.90   0.021  155
   260.96   0.021  157
   256.95   0.020  158
   256.47   0.021  159
   251.55   0.020  160
   250.88   0.021  161
   259.46   0.020  162
   258.58   0.020  164
   251.22   0.021  165
   251.69   0.020  166
   282.09   0.021  167
   303.87   0.020  168
   321.57   0.021  169
   632.11   0.021  171
   676.42   0.020  172
   583.78   0.021  173
   593.19   0.020  174
   501.59   0.021  175
   440.41   0.020  176
   364.81   0.021  177
   337.45   0.020  178
   352.62   0.020  179
   315.66   0.021  180
   353.77   0.020  181
   420.32   0.021  182
   395.98   0.020  183
   382.48   0.021  184
   513.96   0.020  185
   543.85   0.021  186
   497.88   0.020  187
   456.06   0.021  188
   467.97   0.020  189
   521.10   0.021  190
   518.02   0.020  191
   509.87   0.021  192
   529.70   0.020  193
   707.58   0.021  194
   766.66   0.020  195
   628.57   0.021  196
   733.20   0.020  197
   378.70   0.021  198
   364.28   0.020  199
   359.17   0.021  200
   294.17   0.020  201
   289.33   0.021  202
   265.13   0.020  203
   266.89   0.020  204
   257.85   0.021  205
   257.71   0.020  206
   252.01   0.021  207
   249.75   0.020  208
   249.98   0.021  209
   253.80   0.020  210
   254.55   0.021  211
   257.22   0.020  212
   258.32   0.021  213
   257.99   0.020  214
   253.03   0.021  215
   252.27   0.020  216
   254.40   0.021  217
   255.41   0.020  218
   250.93   0.021  219
   252.48   0.020  220
   251.37   0.021  221
   254.48   0.020  222
   266.39   0.021  223
   300.49   0.020  224
   281.37   0.021  225
   524.17   0.020  226
   685.88   0.021  227
   551.05   0.020  228
   603.81   0.020  229
   626.65   0.021  230
   584.40   0.020  231
   362.65   0.021  232
   330.74   0.020  233
   305.17   0.021  234
   336.20   0.020  235
   301.84   0.021  236
   313.97   0.020  237
   413.12   0.021  238
   380.43   0.020  239
   315.96   0.021  240
   428.29   0.020  241
   595.47   0.021  242
   601.57   0.020  243
   627.96   0.021  244
   559.91   0.020  245
   562.20   0.021  246
   565.46   0.020  247
   534.46   0.021  248
   683.13   0.020  249
   738.46   0.021  250
   604.78   0.020  251
   363.17   0.021  252
   514.98   0.020  253
   351.36   0.020  254
   338.17   0.021  255
   309.21   0.020    0
   277.39   0.021    1
   268.76   0.020    2
   271.40   0.021    3
   260.69   0.020    4
   260.23   0.021    5
   257.51   0.020    6
   252.39   0.021    7
   260.01   0.020    8
   255.57   0.021    9
   253.46   0.020   10
   249.31   0.021   11
   256.79   0.020   12
   255.62   0.021   13
   257.75   0.020   14
   256.90   0.021   15
   251.86   0.020   16
   252.20   0.021   17
   252.42   0.020   18
   242.18   0.021   19
   251.76   0.020   20
   261.19   0.021   21
   282.11   0.020   22
   301.53   0.020   23
   394.15   0.021   24
   587.78   0.020   25
   549.12   0.021   26
   652.50   0.020   27
   542.57   0.021   28
   488.89   0.020   29
   422.00   0.021   30
   373.38   0.020   31
   346.02   0.021   32
   361.71   0.020   33
   371.26   0.021   34
   352.74   0.020   35
   311.36   0.021   36
   383.66   0.020   37
   418.42   0.021   38
   378.47   0.020   39
   418.70   0.021   40
   501.71   0.020   41
   582.67   0.021   42
   556.46   0.020   43
   491.86   0.021   44
   561.57   0.020   45
   545.24   0.021   46
   507.35   0.020   47
   508.27   0.020   48
   667.89   0.021   49
   742.99   0.020   50
   711.47   0.021   51
   624.89   0.020   52
   476.19   0.021   53
   375.66   0.020   54
   308.50   0.021   55
   354.20   0.020   56
   304.76   0.021   57
   278.02   0.020   58
   268.40   0.021   59
   263.17   0.020   60
   255.82   0.021   61
   254.87   0.020   62
   254.45   0.021   63
   254.05   0.020   64
   253.81   0.021   65
   254.19   0.020   66
   257.29   0.021   67
   254.13   0.020   68
   255.78   0.021   69
   256.03   0.020   70
   248.22   0.021   71
   250.76   0.020   72
   258.46   0.020   73
   252.99   0.021   74
   259.77   0.020   75
   258.33   0.021   76
   252.19   0.020   77
   259.31   0.021   78
   305.72   0.020   79
   380.61   0.021   80
   552.63   0.020   81
   600.55   0.021   82
   679.93   0.020   83
   586.23   0.021   84
   422.50   0.021   86
   385.52   0.020   87
   326.19   0.021   88
   307.91   0.020   89
   348.94   0.021   90
   410.58   0.020   91
   394.27   0.020   93
   467.47   0.021   94
   420.36   0.020   95
   380.53   0.021   96
   386.60   0.020   97
   454.88   0.020   98
   471.95   0.020  100
   481.85   0.021  101
   503.96   0.020  102
   478.18   0.021  103
   386.26   0.020  104
   569.53   0.021  105
   758.67   0.021  107
   586.56   0.020  108
   452.04   0.021  109
   357.31   0.020  110
   373.36   0.021  111
   364.82   0.020  112
   266.26   0.020  114
   265.36   0.021  115
   262.06   0.020  116
   257.93   0.021  117
   256.59   0.020  118
   253.60   0.021  119
   254.60   0.021  121
   254.55   0.020  122
   254.47   0.020  123
   252.73   0.021  124
   254.76   0.020  125
   255.52   0.021  126
   254.95   0.021  128
   251.93   0.020  129
   254.02   0.021  130
   256.90   0.020  131
   249.52   0.021  132
   244.19   0.020  133
   263.97   0.020  135
   285.03   0.021  136
   311.55   0.020  137
   461.79   0.021  138
   656.17   0.020  139
   543.80   0.021  140
   616.27   0.020  141
   540.66   0.021  142
   554.78   0.020  143
   457.80   0.021  144
   375.21   0.020  145
   364.18   0.021  146
   364.27   0.020  147
   321.17   0.021  149
   315.30   0.020  150
   394.34   0.021  151
   424.10   0.020  152
   403.30   0.021  153
   411.80   0.020  154
   517.09   0.020  156
   460.99   0.021  157
   464.54   0.020  158
   512.90   0.021  159
   522.79   0.020  160
   504.64   0.021  161
   507.69   0.020  162
   528.26   0.021  163
   737.88   0.020  164
   716.59   0.021  165
   548.39   0.020  166
   345.39   0.021  167
   381.62   0.020  168
   318.37   0.021  169
   296.53   0.020  170
   280.31   0.021  171
   264.06   0.020  172
   261.22   0.020  173
   263.89   0.021  174
   257.19   0.020  175
   253.41   0.021  176
   240.16   0.020  177
   249.91   0.021  178
   255.70   0.020  179
   251.39   0.021  180
   257.95   0.020  181
   258.33   0.021  182
   254.80   0.020  183
   252.59   0.021  184
   245.47   0.020  185
   242.51   0.021  186
   243.91   0.020  187
   264.27   0.021  188
   265.07   0.020  189
   263.06   0.021  190
   251.92   0.020  191
   234.48   0.021  192
   268.21   0.020  193
   288.97   0.021  194
   322.48   0.020  195
   397.85   0.021  196
   576.41   0.020  197
   605.08   0.020  198
   574.96   0.021  199
   552.05   0.020  200
   543.24   0.021  201
   422.13   0.020  202
   354.87   0.021  203
   306.16   0.020  204
   310.76   0.021  205
   297.94   0.020  206
   280.50   0.021  207
   357.70   0.020  208
   401.87   0.021  209
   391.79   0.020  210
   445.50   0.021  211
   474.96   0.020  212
   434.83   0.021  213
   492.27   0.020  214
   688.34   0.021  215
   550.04   0.020  216
   579.65   0.021  217
   572.34   0.020  218
   561.67   0.021  219
   555.35   0.020  220
   729.34   0.021  221
   647.97   0.020  222
   575.47   0.020  223
   388.12   0.021  224
   530.30   0.020  225
   355.81   0.021  226
   302.62   0.020  227
   346.49   0.021  228
   290.32   0.020  229
   276.14   0.021  230
   270.28   0.020  231
   263.87   0.021  232
   253.72   0.020  233
   253.66   0.021  234
   251.69   0.020  235
   251.14   0.021  236
   254.99   0.020  237
   253.09   0.021  238
   253.94   0.020  239
   255.82   0.021  240
   255.86   0.020  241
   255.00   0.021  242
   253.12   0.020  243
   248.21   0.021  244
   248.09   0.020  245
   258.42   0.021  246
   256.00   0.020  247
   251.39   0.020  248
   253.25   0.021  249
   253.14   0.020  250
   259.99   0.021  251
   288.38   0.020  252
   312.65   0.021  253
   375.26   0.020  254
   556.47   0.021  255
   605.48   0.020    0
   623.40   0.021    1
   536.97   0.020    2
   551.70   0.021    3
   418.09   0.020    4
   358.92   0.021    5
   302.27   0.020    6
   289.20   0.021    7
   245.05   0.020    8
   356.89   0.021    9
   426.81   0.020   10
   412.39   0.021   11
   406.30   0.020   12
   398.24   0.021   13
   433.18   0.020   14
   504.54   0.021   15
   497.11   0.020   16
   441.77   0.020   17
   473.58   0.021   18
   522.09   0.020   19
   512.30   0.021   20
   506.42   0.020   21
   510.53   0.021   22
   707.13   0.020   23
   742.29   0.021   24
   572.56   0.020   25
   452.60   0.021   26
   423.38   0.020   27
   363.70   0.021   28
   352.94   0.020   29
   303.03   0.021   30
   281.44   0.020   31
   281.15   0.021   32
   263.85   0.020   33
   246.70   0.021   34
   243.72   0.020   35
   243.26   0.021   36
   263.06   0.020   37
   253.50   0.021   38
   244.31   0.020   39
   259.89   0.021   40
   255.41   0.020   41
   266.29   0.020   42
   257.07   0.021   43
   256.45   0.020   44
   247.26   0.021   45
   247.52   0.020   46
   251.67   0.021   47
   256.35   0.020   48
   261.37   0.021   49
   257.30   0.020   50
   249.08   0.021   51
   247.41   0.020   52
   286.63   0.021   53
   306.14   0.020   54
   299.48   0.021   55
   556.60   0.020   56
   576.83   0.021   57
   594.77   0.020   58
   535.08   0.021   59
   531.64   0.020   60
   411.52   0.021   61
   353.81   0.020   62
   310.53   0.021   63
   290.99   0.020   64
   299.00   0.021   65
   324.31   0.020   66
   340.27   0.020   67
   359.46   0.021   68
   498.33   0.020   69
   406.60   0.020   71
   372.73   0.021   72
   398.14   0.020   73
   616.20   0.021   74
   632.53   0.020   75
   526.72   0.021   76
   715.02   0.021   78
   230.06   0.020   79
   728.13   0.021   80
   556.31   0.020   81
   422.72   0.021   82
   421.75   0.020   83
   290.66   0.020   85
   261.98   0.021   86
   255.89   0.020   87
   253.72   0.021   88
   259.20   0.020   89
   255.04   0.021   90
   254.02   0.020   92
   254.81   0.021   93
   253.86   0.020   94
   258.82   0.021   95
   253.89   0.020   96
   252.60   0.021   97
   255.54   0.021   99
   252.53   0.020  100
   253.86   0.021  101
   254.40   0.020  102
   254.87   0.021  103
   250.29   0.020  104
   248.42   0.021  105
   253.80   0.020  106
   260.03   0.021  107
   289.33   0.020  108
   288.46   0.021  109
   301.29   0.020  110
   543.56   0.021  111
   569.72   0.021  113
   487.65   0.020  114
   547.14   0.021  115
   421.40   0.020  116
   337.78   0.020  117
   320.07   0.021  118
   305.32   0.020  119
   297.14   0.021  120
   327.34   0.020  121
   349.68   0.021  122
   374.74   0.020  123
   422.79   0.021  124
   418.41   0.020  125
   390.23   0.021  126
   451.75   0.020  127
   477.75   0.021  128
   527.01   0.020  129
   563.95   0.021  130
   527.92   0.020  131
   547.40   0.021  132
   544.49   0.020  133
   542.89   0.021  134
   552.50   0.020  135
   747.61   0.021  136
   644.79   0.020  137
   625.21   0.021  138
   377.63   0.020  139
   342.37   0.021  140
   365.91   0.020  141
   278.61   0.020  142
   274.57   0.021  143
   266.88   0.020  144
   261.12   0.021  145
   261.88   0.020  146
   258.79   0.021  147
   254.03   0.020  148
   254.63   0.021  149
   254.66   0.020  150
   251.83   0.021  151
   252.64   0.020  152
   252.78   0.021  153
   255.47   0.020  154
   256.38   0.021  155
   252.30   0.020  156
   255.74   0.021  157
   256.03   0.020  158
   250.37   0.021  159
   249.08   0.020  160
   247.97   0.021  161
   252.33   0.020  162
   251.98   0.021  163
   252.81   0.020  164
   251.47   0.021  165
   251.78   0.020  166
   258.82   0.020  167
   280.70   0.021  168
   307.83   0.020  169
   433.44   0.021  170
   549.62   0.020  171
   556.97   0.021  172
   567.65   0.020  173
   482.66   0.021  174
   508.65   0.020  175
   370.32   0.021  176
   306.50   0.020  177
   286.01   0.021  178
   247.06   0.020  179
   268.10   0.021  180
   272.43   0.020  181
   348.09   0.021  182
   387.81   0.020  183
   526.89   0.021  184
   570.76   0.020  185
   602.24   0.021  186
   596.51   0.020  187
   520.32   0.021  188
   504.95   0.020  189
   491.80   0.021  190
   435.17   0.020  191
   387.91   0.020  192
   516.24   0.021  193
   480.08   0.020  194
   429.18   0.021  195
   737.71   0.020  196
   370.01   0.021  197
   261.84   0.020  198
   289.17   0.021  199
   275.27   0.020  200
   258.03   0.021  201
   254.58   0.020  202
   256.68   0.021  203
   257.18   0.020  204
   256.90   0.021  205
   254.14   0.020  206
   253.79   0.021  207
   255.19   0.020  208
   254.91   0.021  209
   258.59   0.020  210
   251.93   0.021  211
   253.31   0.020  212
   257.49   0.021  213
   252.89   0.020  214
   254.07   0.021  215
   259.42   0.020  216
   256.58   0.020  217
   255.42   0.021  218
   251.41   0.020  219
   254.46   0.021  220
   254.23   0.020  221
   258.70   0.021  222
   257.63   0.020  223
   257.02   0.021  224
   248.68   0.020  225
   253.37   0.021  226
   258.60   0.020  227
   247.40   0.021  228
   255.30   0.020  229
   254.14   0.021  230
   244.76   0.020  231
   253.15   0.021  232
   253.90   0.020  233
   254.95   0.021  234
   253.08   0.020  235
   255.03   0.021  236
   254.95   0.020  237
   255.03   0.021  238
   254.95   0.020  239
   254.99   0.021  240
   253.97   0.020  241
   253.09   0.020  242
   252.96   0.021  243
   254.05   0.020  244
   256.04   0.021  245
   255.03   0.020  246
   254.99   0.021  247
   253.94   0.020  248
   254.05   0.021  249
   254.95   0.020  250
   253.97   0.021  251
   252.96   0.020  252
   252.96   0.021  253
   254.99   0.020  254
   253.94   0.021  255
   252.92   0.020    0
   255.96   0.021    1
   252.88   0.020    2
   253.86   0.021    3
   253.97   0.020    4
   255.07   0.021    5
   253.94   0.020    6
   253.97   0.021    7
   255.03   0.020    8
   253.94   0.021    9
   253.97   0.020   10
   253.82   0.020   11
   253.94   0.021   12
   253.00   0.020   13
   255.02   0.021   14
   256.00   0.020   15
   254.99   0.021   16
   255.11   0.020   17
   254.92   0.021   18
   252.96   0.020   19
   255.02   0.021   20
   253.86   0.020   21
   255.03   0.021   22
   254.99   0.020   23
   252.89   0.021   24
   256.00   0.020   25
   252.88   0.021   26
   255.03   0.020   27
   253.86   0.021   28
   255.02   0.020   29
   254.99   0.021   30
   255.02   0.020   31
   255.07   0.021   32
   255.03   0.020   33
   255.00   0.021   34
   254.99   0.020   35
   257.14   0.020   36
   255.11   0.021   37
   256.16   0.020   38
   254.99   0.021   39
   258.27   0.020   40
   251.62   0.021   41
   254.95   0.020   42
   256.12   0.021   43
   250.94   0.020   44
   253.89   0.021   45
   254.05   0.020   46
   249.88   0.021   47
   255.81   0.020   48
   253.78   0.021   49
   258.15   0.020   50
   255.02   0.021   51
