   255.11   0.020  176
   256.13   0.021  177
   255.20   0.020  178
   253.01   0.021  179
   252.92   0.020  180
   255.11   0.021  181
   255.17   0.020  182
   255.20   0.021  183
   255.09   0.020  184
   257.27   0.021  185
   255.25   0.020  186
   256.10   0.021  187
   255.11   0.020  188
   255.14   0.021  189
   255.14   0.020  190
   253.06   0.021  191
   254.02   0.020  192
   255.11   0.021  193
   255.25   0.020  194
   256.26   0.021  195
   254.23   0.020  196
   251.84   0.021  197
   252.03   0.020  198
   256.37   0.021  199
   257.25   0.020  200
   254.99   0.020  201
   256.10   0.021  202
   253.14   0.020  203
   254.10   0.021  204
   255.20   0.020  205
   257.19   0.021  206
   256.18   0.020  207
   255.33   0.021  208
   254.15   0.020  209
   253.95   0.021  210
   249.66   0.020  211
   253.95   0.021  212
   256.10   0.020  213
   251.92   0.021  214
   250.48   0.020  215
   256.31   0.021  216
   256.31   0.020  217
   251.03   0.021  218
   251.40   0.020  219
   257.38   0.021  220
   256.23   0.020  221
   256.10   0.021  222
   254.05   0.020  223
   254.92   0.021  224
   255.30   0.020  225
   255.09   0.020  226
   253.01   0.021  227
   252.18   0.020  228
   256.37   0.021  229
   257.25   0.020  230
   256.37   0.021  231
   256.10   0.020  232
   258.40   0.021  233
   251.14   0.020  234
   257.44   0.021  235
   256.08   0.020  236
   254.10   0.021  237
   250.10   0.020  238
   257.27   0.021  239
   257.41   0.020  240
   252.03   0.021  241
   257.17   0.020  242
   256.23   0.021  243
   257.41   0.020  244
   259.47   0.021  245
   250.84   0.020  246
   244.06   0.021  247
   247.73   0.020  248
   257.33   0.021  249
   250.77   0.020  250
   254.49   0.020  251
   258.54   0.021  252
   256.37   0.020  253
   256.37   0.021  254
   252.70   0.020  255
   250.86   0.021    0
   259.64   0.020    1
   258.15   0.021    2
   253.01   0.020    3
   252.80   0.021    4
   258.54   0.020    5
   260.70   0.021    6
   261.88   0.020    7
   255.01   0.021    8
   255.09   0.020    9
   256.23   0.021   10
   258.46   0.020   11
   258.34   0.021   12
   255.09   0.020   13
   254.13   0.021   14
   255.04   0.020   15
   254.10   0.021   16
   255.09   0.020   17
   259.39   0.021   18
   256.10   0.020   19
   255.22   0.020   20
   256.14   0.021   21
   254.15   0.020   22
   255.22   0.021   23
   256.03   0.020   24
   252.99   0.021   25
   254.13   0.020   26
   255.09   0.021   27
   256.08   0.020   28
   254.21   0.021   29
   255.20   0.020   30
   254.07   0.021   31
   256.08   0.020   32
   256.21   0.021   33
   254.04   0.020   34
   257.02   0.020   36
   253.24   0.021   37
   255.02   0.020   38
   260.39   0.021   39
   261.36   0.020   40
   270.16   0.021   41
   246.78   0.021   43
   261.68   0.020   44
   252.31   0.020   45
   242.13   0.021   46
   236.03   0.020   47
   240.29   0.021   48
   334.44   0.020   49
   459.40   0.021   50
   394.66   0.020   51
   402.33   0.021   52
   403.45   0.020   53
   427.58   0.021   54
   460.71   0.020   55
   409.35   0.021   56
   380.33   0.020   57
   321.07   0.021   58
   247.53   0.020   59
   330.93   0.021   60
   421.70   0.020   61
   324.70   0.021   62
    73.83   0.021   64
   319.97   0.020   65
   501.37   0.021   66
   342.20   0.020   67
   218.89   0.021   68
   243.36   0.020   69
   410.28   0.021   71
   567.36   0.020   72
   423.16   0.021   73
   827.55   0.020   74
   552.10   0.021   75
   544.91   0.020   76
   381.37   0.020   78
   385.89   0.021   79
   323.26   0.020   80
   272.86   0.021   81
   256.34   0.020   82
   256.16   0.021   83
   265.28   0.020   84
   268.43   0.021   85
   255.04   0.020   86
   250.16   0.021   87
   251.86   0.020   88
   248.12   0.021   89
   245.56   0.020   90
   244.13   0.021   91
   240.29   0.020   92
   249.65   0.021   93
   249.42   0.020   94
   270.91   0.020   95
   266.59   0.021   96
   255.19   0.020   97
   251.01   0.020   99
   255.44   0.021  100
   254.12   0.020  101
   240.22   0.021  102
   251.76   0.020  103
   257.88   0.021  104
   276.47   0.020  105
   335.48   0.021  106
   524.31   0.020  107
   492.34   0.021  108
   635.23   0.020  109
   591.87   0.021  110
   493.65   0.020  111
   483.55   0.021  112
   472.95   0.020  113
   453.98   0.021  114
   409.58   0.020  115
   364.55   0.021  116
   323.08   0.020  117
   330.46   0.021  118
   352.53   0.020  119
   321.68   0.020  120
   335.59   0.021  121
   357.16   0.020  122
   402.11   0.021  123
   482.60   0.020  124
   539.67   0.021  125
   659.88   0.020  126
   640.29   0.021  127
   583.93   0.020  128
   550.40   0.021  129
   533.69   0.020  130
   503.92   0.021  131
   544.81   0.020  132
   756.31   0.021  133
   765.33   0.020  134
   694.25   0.021  135
   572.81   0.020  136
   265.72   0.021  137
   315.75   0.020  138
   301.56   0.021  139
   327.79   0.020  140
   306.72   0.021  141
   279.87   0.020  142
   259.65   0.021  143
   256.15   0.020  144
   255.67   0.020  145
   258.39   0.021  146
   241.96   0.020  147
   255.35   0.021  148
   258.64   0.020  149
   246.17   0.021  150
   257.24   0.020  151
   258.47   0.021  152
   250.17   0.020  153
   250.27   0.021  154
   254.19   0.020  155
   258.33   0.021  156
   241.56   0.020  157
   257.14   0.021  158
   266.27   0.020  159
   270.16   0.021  160
   390.21   0.020  161
   545.11   0.021  162
   621.03   0.020  163
   470.15   0.021  164
   543.11   0.020  165
   654.17   0.021  166
   571.64   0.020  167
   410.67   0.021  168
   286.67   0.020  169
   313.38   0.020  170
   364.48   0.021  171
   385.82   0.020  172
   387.28   0.021  173
   373.67   0.020  174
   343.32   0.021  175
   339.63   0.020  176
   457.80   0.021  177
   502.08   0.020  178
   597.17   0.021  179
   675.99   0.020  180
   669.45   0.021  181
   596.15   0.020  182
   613.83   0.021  183
   525.30   0.020  184
   570.58   0.021  185
   764.75   0.020  186
   808.06   0.021  187
   756.41   0.020  188
   716.28   0.021  189
   293.47   0.020  190
   527.18   0.021  191
   333.20   0.020  192
   282.60   0.021  193
   271.19   0.020  194
   256.12   0.020  195
   249.63   0.021  196
   258.15   0.020  197
   257.74   0.021  198
   247.81   0.020  199
   246.78   0.021  200
   247.90   0.020  201
   251.52   0.021  202
   250.64   0.020  203
   251.34   0.021  204
   254.60   0.020  205
   251.87   0.021  206
   255.01   0.020  207
   248.04   0.021  208
   246.61   0.020  209
   239.31   0.021  210
   259.05   0.020  211
   266.12   0.021  212
   265.67   0.020  213
   290.98   0.021  214
   347.38   0.020  215
   590.67   0.021  216
   679.00   0.020  217
   716.59   0.021  218
   585.72   0.020  219
   767.76   0.020  220
   577.60   0.021  221
   420.54   0.020  222
   347.21   0.021  223
   318.52   0.020  224
   285.09   0.021  225
   319.90   0.020  226
   393.00   0.021  227
   394.03   0.020  228
   326.69   0.021  229
   409.68   0.020  230
   552.06   0.021  231
   570.01   0.020  232
   619.50   0.021  233
   729.95   0.020  234
   596.76   0.021  235
   609.55   0.020  236
   609.34   0.021  237
   506.12   0.020  238
   599.33   0.021  239
   767.93   0.020  240
   649.07   0.021  241
   607.37   0.020  242
   459.03   0.021  243
   416.96   0.020  244
   286.62   0.020  245
   306.53   0.021  246
   279.44   0.020  247
   265.75   0.021  248
   263.86   0.020  249
   255.74   0.021  250
   253.22   0.020  251
   256.43   0.021  252
   256.27   0.020  253
   257.91   0.021  254
   251.65   0.020  255
   257.75   0.021    0
   251.46   0.020    1
   246.95   0.021    2
   248.20   0.020    3
   256.08   0.021    4
   266.98   0.020    5
   253.17   0.021    6
   234.81   0.020    7
   236.10   0.021    8
   260.86   0.020    9
   291.88   0.021   10
   381.79   0.020   11
   579.37   0.021   12
   691.58   0.020   13
   606.29   0.020   14
   671.20   0.021   15
   578.97   0.020   16
   493.88   0.021   17
   482.66   0.020   18
   385.11   0.021   19
   313.61   0.020   20
   309.66   0.021   21
   289.79   0.020   22
   315.75   0.021   23
   293.01   0.020   24
   284.83   0.021   25
   509.44   0.020   26
   551.17   0.021   27
   556.85   0.020   28
   616.44   0.021   29
   742.21   0.020   30
   551.29   0.021   31
   616.54   0.020   32
   545.89   0.021   33
   598.51   0.020   34
   717.10   0.021   35
   664.17   0.020   36
   684.32   0.021   37
   443.26   0.020   38
   393.32   0.020   39
   438.85   0.021   40
   337.70   0.020   41
   283.70   0.021   42
   269.08   0.020   43
   257.75   0.021   44
   259.91   0.020   45
   255.46   0.021   46
   255.40   0.020   47
   252.32   0.021   48
   253.51   0.020   49
   255.53   0.021   50
   252.13   0.020   51
   251.11   0.021   52
   253.20   0.020   53
   250.24   0.021   54
   249.46   0.020   55
   247.35   0.021   56
   252.65   0.020   57
   254.48   0.021   58
   256.53   0.020   59
   258.58   0.021   60
   267.76   0.020   61
   303.17   0.021   62
   356.82   0.020   63
   554.21   0.020   64
   710.24   0.021   65
   585.20   0.020   66
   741.35   0.021   67
   679.30   0.020   68
   556.71   0.021   69
   447.81   0.020   70
   405.98   0.021   71
   340.20   0.020   72
   306.14   0.021   73
   273.72   0.020   74
   273.67   0.021   75
   290.23   0.020   76
   433.09   0.021   77
   391.01   0.020   78
   448.94   0.021   79
   565.87   0.020   80
   640.23   0.021   81
   614.59   0.020   82
   610.93   0.021   83
   590.74   0.020   84
   628.10   0.021   85
   618.77   0.020   86
   563.47   0.021   87
   826.21   0.020   88
   757.90   0.020   89
   564.09   0.021   90
   605.97   0.020   91
   483.71   0.021   92
   349.41   0.020   93
   292.18   0.021   94
   305.30   0.020   95
   263.35   0.021   96
   266.00   0.020   97
   264.80   0.021   98
   249.38   0.020   99
   244.29   0.021  100
   245.28   0.020  101
   247.22   0.021  102
   248.37   0.020  103
   250.36   0.021  104
   251.03   0.020  105
   252.31   0.021  106
   255.40   0.020  107
   253.32   0.021  108
   248.56   0.020  109
   254.65   0.021  110
   255.31   0.020  111
   245.99   0.021  112
   249.96   0.020  113
   262.79   0.020  114
   282.87   0.021  115
   383.93   0.020  116
   566.38   0.021  117
   735.32   0.020  118
   594.78   0.021  119
   625.75   0.020  120
   650.00   0.021  121
   509.28   0.020  122
   485.08   0.021  123
   418.74   0.020  124
   360.17   0.021  125
   330.92   0.020  126
   328.23   0.021  127
   268.18   0.020  128
   250.53   0.021  129
   440.33   0.020  130
   528.98   0.021  131
   568.57   0.020  132
   597.86   0.021  133
   736.74   0.020  134
   578.00   0.021  135
   560.52   0.020  136
   584.22   0.021  137
   715.23   0.020  138
   560.62   0.020  139
   714.24   0.021  140
   698.48   0.020  141
   570.46   0.021  142
   359.50   0.020  143
   294.63   0.021  144
   259.84   0.020  145
   262.58   0.021  146
   257.73   0.020  147
   260.26   0.021  148
   249.19   0.020  149
   257.47   0.021  150
   252.82   0.020  151
   257.44   0.021  152
   253.55   0.020  153
   250.03   0.021  154
   246.89   0.020  155
   249.94   0.021  156
   250.24   0.020  157
   250.22   0.021  158
   252.25   0.020  159
   256.08   0.021  160
   254.20   0.020  161
   253.18   0.021  162
   245.03   0.020  163
   258.35   0.020  164
   264.34   0.021  165
   266.17   0.020  166
   364.07   0.021  167
   478.35   0.020  168
   621.20   0.021  169
   664.30   0.020  170
   593.70   0.021  171
   519.32   0.020  172
   532.11   0.021  173
   507.00   0.020  174
   474.65   0.021  175
   397.26   0.020  176
   347.49   0.021  177
   325.16   0.020  178
   319.23   0.021  179
   288.48   0.020  180
   324.96   0.021  181
   501.23   0.020  182
   498.47   0.021  183
   514.05   0.020  184
   566.29   0.021  185
   558.41   0.020  186
   668.23   0.021  187
   612.37   0.020  188
   679.15   0.020  189
   622.87   0.021  190
   523.53   0.020  191
   519.52   0.021  192
   701.42   0.020  193
   722.18   0.021  194
   683.91   0.020  195
   771.70   0.021  196
   518.04   0.020  197
   350.07   0.021  198
   310.96   0.020  199
   313.62   0.021  200
   272.04   0.020  201
   269.14   0.021  202
   261.77   0.020  203
   258.36   0.021  204
   247.88   0.020  205
   245.82   0.021  206
   245.85   0.020  207
   247.92   0.021  208
   250.03   0.020  209
   253.14   0.021  210
   247.91   0.020  211
   253.27   0.021  212
   259.72   0.020  213
   253.29   0.020  214
   248.86   0.021  215
   254.31   0.020  216
   245.82   0.021  217
   252.48   0.020  218
   261.81   0.021  219
   270.21   0.020  220
   312.41   0.021  221
   387.45   0.020  222
   596.61   0.021  223
   544.92   0.020  224
   572.27   0.021  225
   624.60   0.020  226
   618.67   0.021  227
   401.43   0.020  228
   353.31   0.021  229
   309.95   0.020  230
   274.98   0.021  231
   269.20   0.020  232
   268.20   0.021  233
   348.46   0.020  234
   412.81   0.021  235
   399.69   0.020  236
   451.14   0.021  237
   464.91   0.020  238
   502.94   0.020  239
   585.27   0.021  240
   672.12   0.020  241
   653.60   0.021  242
   602.42   0.020  243
   586.70   0.021  244
   544.97   0.020  245
   249.39   0.021  246
   737.01   0.020  247
   833.41   0.021  248
   757.33   0.020  249
   844.66   0.021  250
   437.81   0.020  251
   401.50   0.021  252
   324.16   0.020  253
   329.13   0.021  254
   285.19   0.020  255
   259.98   0.021    0
   264.39   0.020    1
   259.20   0.021    2
   250.32   0.020    3
   249.34   0.021    4
   249.73   0.020    5
   258.48   0.021    6
   259.00   0.020    7
   253.52   0.020    8
   250.40   0.021    9
   249.73   0.020   10
   251.76   0.021   11
   249.07   0.020   12
   250.45   0.021   13
   240.76   0.020   14
   253.07   0.021   15
   254.57   0.020   16
   263.64   0.021   17
   318.51   0.020   18
   372.77   0.021   19
   620.11   0.020   20
   605.83   0.021   21
   608.04   0.020   22
   741.25   0.021   23
   601.79   0.020   24
   416.44   0.021   25
   322.42   0.020   26
   288.00   0.021   27
   281.97   0.020   28
   297.71   0.021   29
   362.63   0.020   30
   361.92   0.021   31
   313.05   0.020   32
   399.71   0.020   33
   502.07   0.021   34
   542.28   0.020   35
   580.03   0.021   36
   635.09   0.020   37
   598.50   0.021   38
   586.62   0.020   39
   658.19   0.021   40
   563.02   0.020   41
   521.88   0.021   42
   564.46   0.020   43
   441.14   0.021   44
   808.46   0.020   45
   621.54   0.021   46
   514.39   0.020   47
   405.12   0.021   48
   385.89   0.020   49
   332.92   0.021   50
   321.15   0.020   51
   286.33   0.021   52
   273.13   0.020   53
   275.79   0.021   54
   265.97   0.020   55
   238.84   0.021   56
   249.32   0.020   57
   243.31   0.020   58
   231.31   0.021   59
   233.84   0.020   60
   240.20   0.021   61
   257.50   0.020   62
   257.74   0.021   63
   256.36   0.020   64
   249.58   0.021   65
   259.24   0.020   66
   253.03   0.021   67
   251.07   0.020   68
   251.92   0.021   69
   259.69   0.020   70
   271.97   0.021   71
   295.81   0.020   72
   403.86   0.021   73
   647.38   0.020   74
   468.98   0.021   75
   758.90   0.020   76
   616.07   0.021   77
   567.28   0.020   78
   436.04   0.021   79
   365.88   0.020   80
   313.70   0.021   81
   297.67   0.020   82
   281.36   0.020   83
   282.99   0.021   84
   388.17   0.020   85
   455.82   0.021   86
   412.59   0.020   87
   418.69   0.021   88
   448.08   0.020   89
   559.16   0.021   90
   636.50   0.020   91
   697.92   0.021   92
   573.47   0.020   93
   578.50   0.021   94
   619.31   0.020   95
   514.02   0.021   96
   357.45   0.020   97
   583.21   0.021   98
   754.71   0.020   99
   590.19   0.021  100
   710.20   0.020  101
   399.23   0.021  102
   509.94   0.020  103
   273.21   0.021  104
   306.87   0.020  105
   297.70   0.021  106
   277.33   0.020  107
   268.02   0.020  108
   260.62   0.021  109
   249.30   0.020  110
   247.97   0.021  111
   247.23   0.020  112
   247.39   0.021  113
   247.25   0.020  114
   256.31   0.021  115
   254.30   0.020  116
   254.38   0.021  117
   254.61   0.020  118
   251.67   0.021  119
   252.03   0.020  120
   248.42   0.021  121
   244.46   0.020  122
   256.84   0.021  123
   258.36   0.020  124
   269.44   0.021  125
   312.65   0.020  126
   407.07   0.021  127
   569.27   0.020  128
   735.15   0.021  129
   614.79   0.020  130
   728.04   0.021  131
   605.86   0.020  132
   411.08   0.020  133
   351.91   0.021  134
   316.94   0.020  135
   277.03   0.021  136
   261.26   0.020  137
   263.36   0.021  138
   339.13   0.020  139
   423.05   0.021  140
   421.21   0.020  141
   436.60   0.021  142
   437.22   0.020  143
   540.49   0.021  144
   609.60   0.020  145
   608.38   0.021  146
   630.50   0.020  147
   617.42   0.021  148
   627.05   0.020  149
   541.85   0.021  150
   504.11   0.020  151
   719.03   0.021  152
   628.00   0.020  153
   391.85   0.021  154
   539.78   0.020  155
   452.39   0.021  156
   310.65   0.020  158
   276.24   0.021  159
   257.80   0.020  160
   253.54   0.021  161
   270.85   0.020  162
   251.50   0.021  163
   244.26   0.021  165
   247.79   0.020  166
   252.20   0.021  167
   255.29   0.020  168
   255.62   0.021  169
   252.66   0.020  170
   256.56   0.021  171
   254.77   0.020  172
   253.36   0.021  173
   259.80   0.020  174
   247.08   0.021  175
   260.90   0.020  176
   261.48   0.021  177
   271.89   0.020  178
   312.38   0.021  179
   480.14   0.020  180
   554.32   0.021  181
   640.90   0.020  182
   554.91   0.020  183
   671.63   0.021  184
   597.12   0.020  185
   395.10   0.021  186
   318.68   0.020  187
   282.80   0.021  188
   248.97   0.020  189
   299.97   0.021  190
   390.40   0.020  191
   300.59   0.020  193
   384.47   0.021  194
   497.95   0.020  195
   476.54   0.021  196
   572.65   0.020  197
   617.25   0.021  198
   587.32   0.021  200
   630.97   0.020  201
   609.25   0.021  202
   504.59   0.020  203
   200.03   0.021  204
   617.50   0.020  205
   738.69   0.021  206
   668.24   0.020  207
   635.52   0.020  208
   387.99   0.021  209
   382.75   0.020  210
   363.87   0.021  211
   321.92   0.020  212
   262.53   0.020  214
   258.70   0.021  215
   258.72   0.020  216
   250.42   0.021  217
   252.12   0.020  218
   253.33   0.021  219
   250.62   0.021  221
   253.34   0.020  222
   256.57   0.021  223
   253.41   0.020  224
   251.69   0.021  225
   253.68   0.020  226
   249.69   0.020  228
   242.39   0.021  229
   256.54   0.020  230
   255.58   0.021  231
   260.56   0.020  232
   281.55   0.020  233
   566.57   0.020  235
   623.53   0.021  236
   666.59   0.020  237
   641.98   0.021  238
   546.56   0.020  239
   449.49   0.021  240
   309.58   0.021  242
   299.55   0.020  243
   267.65   0.021  244
   309.45   0.020  245
   434.09   0.021  246
   428.70   0.020  247
   386.85   0.020  249
   430.37   0.021  250
   466.78   0.020  251
   614.12   0.021  252
   732.22   0.020  253
   619.55   0.021  254
   710.31   0.021    0
   549.14   0.020    1
   516.44   0.020    2
   529.46   0.021    3
   758.09   0.020    4
   594.73   0.021    5
   409.13   0.021    7
   570.79   0.020    8
   317.62   0.021    9
   278.46   0.020   10
   265.49   0.021   11
   259.24   0.020   12
   253.02   0.020   14
   253.81   0.021   15
   252.43   0.020   16
   253.37   0.021   17
   253.93   0.020   18
   256.00   0.021   19
   252.32   0.021   21
   252.97   0.020   22
   251.89   0.021   23
   250.87   0.020   24
   256.34   0.021   25
   252.67   0.020   26
   252.93   0.021   28
   255.33   0.020   29
   268.76   0.021   30
   275.60   0.020   31
   312.08   0.021   32
   372.87   0.020   33
   355.65   0.020   35
   460.27   0.021   36
   484.24   0.020   37
   516.43   0.021   38
   352.28   0.020   39
   263.00   0.021   40
   284.36   0.021   42
   271.79   0.020   43
   296.21   0.021   44
   318.06   0.020   45
   407.94   0.021   46
   403.17   0.020   47
   462.07   0.020   49
   572.67   0.021   50
   672.83   0.020   51
   588.22   0.020   52
   546.34   0.021   53
   560.60   0.020   54
   506.98   0.020   56
   519.45   0.021   57
   361.45   0.020   58
   574.23   0.021   59
   699.90   0.020   60
   312.15   0.021   61
   266.05   0.021   63
   254.64   0.020   64
   258.99   0.021   65
   264.04   0.020   66
   250.94   0.021   67
   256.96   0.020   68
   257.36   0.020   70
   246.38   0.021   71
   254.74   0.020   72
   250.57   0.021   73
   256.96   0.020   74
   240.55   0.021   75
   256.72   0.020   77
   258.24   0.021   78
   253.45   0.020   79
   258.25   0.021   80
   255.18   0.020   81
   257.38   0.021   82
   260.60   0.021   84
