   254.50   0.020  197
   253.49   0.021  198
   255.56   0.020  199
   255.32   0.021  200
   254.52   0.020  201
   251.52   0.021  202
   254.41   0.020  203
   255.28   0.021  204
   254.55   0.020  205
   254.36   0.021  206
   254.50   0.020  207
   255.46   0.021  208
   255.46   0.020  209
   254.50   0.020  210
   253.40   0.021  211
   257.65   0.020  212
   255.47   0.021  213
   254.41   0.020  214
   254.41   0.021  215
   256.67   0.020  216
   251.78   0.021  217
   253.45   0.020  218
   251.10   0.021  219
   254.32   0.020  220
   254.45   0.021  221
   255.72   0.020  222
   256.47   0.021  223
   250.10   0.020  224
   253.44   0.021  225
   254.45   0.020  226
   256.77   0.021  227
   256.67   0.020  228
   253.45   0.021  229
   255.47   0.020  230
   253.45   0.021  231
   249.35   0.020  232
   251.37   0.021  233
   253.49   0.020  234
   254.55   0.020  235
   249.03   0.021  236
   252.08   0.020  237
   248.38   0.021  238
   253.45   0.020  239
   253.40   0.021  240
   255.46   0.020  241
   248.65   0.021  242
   254.46   0.020  243
   253.54   0.021  244
   251.41   0.020  245
   257.78   0.021  246
   257.14   0.020  247
   251.47   0.021  248
   255.07   0.020  249
   255.11   0.021  250
   258.79   0.020  251
   250.05   0.021  252
   254.55   0.020  253
   252.38   0.021  254
   248.96   0.020  255
   258.24   0.021    0
   252.19   0.020    1
   254.55   0.021    2
   254.55   0.020    3
   257.62   0.020    4
   252.29   0.021    5
   255.47   0.020    6
   255.59   0.021    7
   255.62   0.020    8
   255.47   0.021    9
   256.52   0.020   10
   254.55   0.021   11
   255.61   0.020   12
   254.41   0.021   13
   254.41   0.020   14
   255.39   0.021   15
   255.57   0.020   16
   254.29   0.021   17
   255.47   0.020   18
   254.41   0.021   19
   254.41   0.020   20
   254.50   0.021   21
   253.49   0.020   22
   254.37   0.021   23
   255.51   0.020   24
   254.41   0.021   25
   253.49   0.020   26
   253.40   0.021   27
   253.44   0.020   28
   254.32   0.020   29
   254.36   0.021   30
   254.45   0.020   31
   253.44   0.021   32
   254.55   0.020   33
   254.50   0.021   34
   255.37   0.020   35
   253.17   0.021   36
   253.40   0.020   37
   253.36   0.021   38
   253.40   0.020   39
   255.51   0.021   40
   255.51   0.020   41
   253.36   0.021   42
   254.41   0.020   43
   254.41   0.021   44
   254.46   0.020   45
   254.52   0.021   46
   254.37   0.020   47
   254.46   0.021   48
   254.43   0.020   49
   255.47   0.021   50
   255.36   0.020   51
   255.39   0.021   52
   256.54   0.020   53
   259.33   0.020   54
   257.35   0.021   55
   259.52   0.020   56
   258.36   0.021   57
   254.12   0.020   58
   249.05   0.021   59
   251.81   0.020   60
   261.38   0.021   61
   256.33   0.020   62
   254.38   0.021   63
   249.61   0.020   64
   252.81   0.021   65
   253.65   0.020   66
   263.00   0.021   67
   257.92   0.020   68
   262.11   0.021   69
   262.46   0.020   70
   244.51   0.021   71
   235.39   0.020   72
   377.36   0.021   73
   526.28   0.020   74
   452.32   0.021   75
   462.96   0.020   76
   453.08   0.021   77
   401.44   0.020   78
   386.34   0.020   79
   413.20   0.021   80
   390.85   0.020   81
   315.25   0.021   82
   275.89   0.020   83
   226.94   0.021   84
   134.51   0.020   85
   320.14   0.021   86
   474.53   0.020   87
   356.42   0.021   88
   257.20   0.020   89
   231.61   0.021   90
   218.99   0.020   91
   375.08   0.021   92
   354.34   0.020   93
   338.86   0.021   94
   579.97   0.020   95
   471.01   0.021   96
   707.07   0.020   97
   564.23   0.021   98
   413.48   0.020   99
   528.51   0.021  100
   410.73   0.020  101
   394.14   0.021  102
   289.77   0.020  103
   272.42   0.020  104
   262.96   0.021  105
   257.81   0.020  106
   253.31   0.021  107
   253.31   0.020  108
   250.34   0.021  109
   256.72   0.020  110
   253.48   0.021  111
   253.90   0.020  112
   253.78   0.021  113
   254.31   0.020  114
   254.17   0.021  115
   251.09   0.020  116
   249.21   0.021  117
   253.51   0.020  118
   246.89   0.021  119
   241.31   0.020  120
   251.28   0.021  121
   256.66   0.020  122
   260.30   0.021  123
   268.43   0.020  124
   308.87   0.021  125
   350.75   0.020  126
   470.27   0.021  127
   574.26   0.020  128
   387.27   0.020  129
   600.37   0.021  130
   699.82   0.020  131
   681.23   0.021  132
   413.10   0.021  134
   354.83   0.020  135
   291.28   0.021  136
   289.60   0.020  137
   292.51   0.021  138
   361.39   0.020  139
   417.30   0.021  140
   388.18   0.020  141
   457.57   0.021  142
   597.38   0.021  144
   706.48   0.020  145
   725.40   0.021  146
   609.38   0.020  147
   717.94   0.021  148
   553.32   0.020  149
   720.54   0.021  150
   886.11   0.020  151
   835.95   0.021  152
   613.88   0.020  153
   625.79   0.020  154
   422.69   0.021  155
   442.40   0.020  156
   293.21   0.021  157
   284.69   0.020  158
   267.57   0.021  159
   265.16   0.020  160
   260.40   0.021  161
   257.75   0.020  162
   254.77   0.021  163
   258.64   0.020  164
   259.11   0.021  165
   252.85   0.020  166
   248.67   0.021  167
   251.31   0.020  168
   252.45   0.021  169
   250.81   0.020  170
   247.68   0.021  171
   248.53   0.020  172
   254.55   0.021  173
   245.51   0.020  174
   257.74   0.021  175
   260.06   0.020  176
   271.67   0.021  177
   317.67   0.020  178
   327.02   0.020  179
   497.68   0.021  180
   573.76   0.020  181
   563.26   0.021  182
   553.73   0.020  183
   623.40   0.021  184
   709.54   0.020  185
   536.96   0.021  186
   406.38   0.020  187
   342.12   0.021  188
   318.01   0.020  189
   311.19   0.021  190
   295.45   0.020  191
   321.34   0.021  192
   421.73   0.020  193
   377.99   0.021  194
   441.96   0.020  195
   554.82   0.021  196
   566.80   0.020  197
   624.27   0.021  198
   683.10   0.020  199
   555.72   0.021  200
   636.04   0.020  201
   534.39   0.021  202
   631.21   0.020  203
   709.00   0.020  204
   559.69   0.021  205
   722.46   0.021  207
   420.14   0.020  208
   347.36   0.021  209
   320.94   0.020  210
   293.13   0.021  211
   262.25   0.020  212
   261.52   0.020  214
   251.41   0.021  215
   246.33   0.020  216
   249.86   0.021  217
   254.74   0.020  218
   254.47   0.021  219
   250.75   0.021  221
   253.86   0.020  222
   248.30   0.021  223
   237.50   0.020  224
   237.17   0.021  225
   259.74   0.020  226
   257.17   0.020  228
   258.13   0.020  229
   268.82   0.021  230
   298.13   0.020  231
   309.66   0.021  232
   664.11   0.020  233
   751.52   0.020  235
   473.91   0.021  236
   633.01   0.020  237
   533.10   0.021  238
   379.01   0.020  239
   284.47   0.021  240
   264.99   0.021  242
   330.32   0.020  243
   376.12   0.021  244
   419.46   0.020  245
   396.53   0.021  246
   415.81   0.020  247
   554.10   0.020  249
   592.91   0.021  250
   668.22   0.020  251
   642.01   0.021  252
   613.67   0.020  253
   638.74   0.020  254
   207.30   0.020    0
   706.69   0.021    1
   877.50   0.020    2
   795.13   0.021    3
   420.37   0.020    4
   422.26   0.021    5
   304.27   0.020    6
   306.42   0.021    7
   272.56   0.020    8
   265.89   0.021    9
   259.43   0.020   10
   256.37   0.021   11
   254.44   0.020   12
   249.34   0.020   14
   251.42   0.021   15
   250.10   0.020   16
   254.85   0.021   17
   249.73   0.020   18
   249.72   0.021   19
   243.88   0.021   21
   250.55   0.020   22
   254.15   0.020   23
   260.90   0.021   24
   270.75   0.020   25
   326.83   0.021   26
   614.61   0.021   28
   536.77   0.020   29
   738.52   0.021   30
   442.75   0.020   31
   594.82   0.021   32
   442.27   0.020   33
   274.19   0.020   35
   276.43   0.021   36
   307.39   0.020   37
   334.60   0.021   38
   427.82   0.020   39
   416.97   0.021   40
   414.01   0.020   41
   435.73   0.021   42
   524.41   0.020   43
   559.16   0.021   44
   603.45   0.020   45
   689.77   0.021   46
   597.42   0.020   47
   565.82   0.021   49
   654.77   0.020   50
   706.73   0.021   51
   840.37   0.020   52
   621.65   0.021   53
   446.13   0.020   54
   339.80   0.020   56
   266.57   0.021   57
   265.06   0.020   58
   266.62   0.021   59
   252.27   0.020   60
   258.40   0.021   61
   254.43   0.021   63
   253.86   0.020   64
   256.15   0.021   65
   252.96   0.020   66
   252.91   0.021   67
   251.72   0.020   68
   249.16   0.020   70
   248.55   0.021   71
   250.55   0.020   72
   248.79   0.020   73
   239.72   0.021   74
   252.63   0.020   75
   265.21   0.020   77
   296.90   0.021   78
   287.06   0.020   79
   440.08   0.021   80
   619.87   0.020   81
   666.92   0.021   82
   673.04   0.020   83
   617.19   0.021   84
   529.26   0.020   85
   360.31   0.021   86
   311.12   0.020   87
   301.17   0.021   88
   283.28   0.020   89
   304.39   0.020   91
   388.81   0.021   92
   419.13   0.020   93
   433.69   0.021   94
   472.84   0.020   95
   545.30   0.021   96
   595.73   0.020   97
   729.97   0.020   98
   611.27   0.021   99
   647.09   0.020  100
   646.39   0.021  101
   599.27   0.020  102
   651.71   0.021  103
   858.87   0.020  104
   751.84   0.021  105
   886.11   0.020  106
   519.21   0.021  107
   393.39   0.020  108
   287.20   0.021  109
   280.00   0.020  110
   266.15   0.020  112
   273.50   0.021  113
   261.31   0.020  114
   241.02   0.021  115
   239.92   0.020  116
   242.52   0.021  117
   259.43   0.021  119
   262.15   0.020  120
   252.89   0.021  121
   243.22   0.020  122
   245.14   0.020  123
   269.41   0.021  124
   247.34   0.021  126
   249.41   0.020  127
   257.55   0.021  128
   264.39   0.020  129
   272.10   0.021  130
   311.90   0.020  131
   401.60   0.021  132
   591.61   0.020  133
   645.79   0.021  134
   595.55   0.020  135
   693.36   0.021  136
   617.31   0.020  137
   435.88   0.021  138
   317.63   0.021  140
   282.97   0.020  141
   285.22   0.021  142
   304.31   0.020  143
   312.13   0.021  144
   401.71   0.020  145
   484.47   0.020  147
   536.81   0.020  148
   596.06   0.021  149
   668.26   0.020  150
   739.56   0.021  151
   576.88   0.020  152
   689.95   0.021  153
   617.71   0.020  154
   704.65   0.021  155
   574.95   0.020  156
   693.55   0.021  157
   505.44   0.020  158
   382.42   0.021  159
   278.20   0.021  161
   274.05   0.020  162
   261.37   0.021  163
   256.97   0.020  164
   258.85   0.021  165
   253.36   0.020  166
   239.76   0.021  167
   250.51   0.020  168
   251.04   0.021  169
   255.04   0.020  170
   258.43   0.021  171
   245.39   0.020  172
   255.18   0.020  173
   249.65   0.021  174
   250.97   0.020  175
   251.40   0.021  176
   236.46   0.020  177
   244.61   0.021  178
   252.29   0.020  179
   262.47   0.021  180
   254.07   0.020  181
   292.60   0.021  182
   326.58   0.020  183
   587.00   0.021  184
   600.32   0.020  185
   651.32   0.021  186
   667.19   0.020  187
   646.14   0.021  188
   476.40   0.020  189
   347.79   0.021  190
   265.85   0.020  191
   285.25   0.021  192
   292.92   0.020  193
   296.78   0.021  194
   381.53   0.020  195
   397.95   0.021  196
   389.00   0.020  197
   414.46   0.020  198
   512.28   0.021  199
   551.40   0.020  200
   595.52   0.021  201
   693.63   0.020  202
   564.03   0.021  203
   618.39   0.020  204
   574.68   0.021  205
   542.79   0.020  206
   344.87   0.021  207
   664.65   0.020  208
   780.86   0.021  209
   763.25   0.020  210
   886.11   0.021  211
   674.35   0.020  212
   356.23   0.021  213
   338.99   0.020  214
   282.16   0.021  215
   272.50   0.020  216
   262.16   0.021  217
   261.59   0.020  218
   258.35   0.021  219
   251.76   0.020  220
   248.72   0.021  221
   248.85   0.020  222
   252.49   0.020  223
   251.86   0.021  224
   253.46   0.020  225
   252.79   0.021  226
   248.52   0.020  227
   244.12   0.021  228
   253.01   0.020  229
   257.04   0.021  230
   250.55   0.020  231
   251.76   0.021  232
   252.26   0.020  233
   260.18   0.021  234
   294.70   0.020  235
   338.84   0.021  236
   555.61   0.020  237
   684.61   0.021  238
   622.89   0.020  239
   660.71   0.021  240
   641.48   0.020  241
   532.24   0.021  242
   403.96   0.020  243
   357.04   0.021  244
   318.81   0.020  245
   293.54   0.021  246
   302.37   0.020  247
   345.74   0.020  248
   358.33   0.021  249
   414.42   0.020  250
   482.65   0.021  251
   553.23   0.020  252
   564.10   0.021  253
   626.56   0.020  254
   677.80   0.021  255
   562.89   0.020    0
   639.04   0.021    1
   537.16   0.020    2
   394.19   0.021    3
   760.96   0.020    4
   747.81   0.021    5
   750.71   0.020    6
   886.11   0.021    7
   595.58   0.020    8
   401.00   0.021    9
   345.09   0.020   10
   296.31   0.021   11
   275.23   0.020   12
   273.85   0.021   13
   266.35   0.020   14
   259.41   0.021   15
   243.05   0.020   16
   246.86   0.020   17
   249.58   0.021   18
   252.70   0.020   19
   253.65   0.021   20
   255.08   0.020   21
   249.64   0.021   22
   247.74   0.020   23
   239.67   0.021   24
   242.13   0.020   25
   254.14   0.021   26
   253.50   0.020   27
   260.11   0.021   28
   260.68   0.020   29
   263.25   0.021   30
   280.85   0.020   31
   331.93   0.021   32
   369.08   0.020   33
   575.01   0.021   34
   568.87   0.020   35
   610.47   0.021   36
   655.52   0.020   37
   611.43   0.021   38
   438.82   0.020   39
   349.32   0.021   40
   282.90   0.020   41
   256.91   0.020   42
   311.09   0.021   43
   273.62   0.020   44
   293.67   0.021   45
   367.23   0.020   46
   423.92   0.021   47
   553.75   0.020   48
   579.51   0.021   49
   653.47   0.020   50
   641.53   0.021   51
   588.06   0.020   52
   650.34   0.021   53
   533.81   0.020   54
   339.21   0.021   55
   719.99   0.020   56
   750.04   0.021   57
   630.73   0.020   58
   886.11   0.021   59
   641.47   0.020   60
   396.32   0.021   61
   315.21   0.020   62
   285.13   0.021   63
   277.58   0.020   64
   257.24   0.021   65
   267.46   0.020   66
   258.92   0.020   67
   252.87   0.021   68
   245.86   0.020   69
   246.18   0.021   70
   253.95   0.020   71
   251.68   0.021   72
   255.79   0.020   73
   247.04   0.021   74
   247.68   0.020   75
   248.83   0.021   76
   247.13   0.020   77
   255.49   0.021   78
   253.29   0.020   79
   256.52   0.021   80
   262.43   0.020   81
   267.83   0.021   82
   289.55   0.020   83
   305.03   0.021   84
   529.09   0.020   85
   586.41   0.021   86
   769.00   0.020   87
   620.14   0.021   88
   557.92   0.020   89
   459.74   0.021   90
   353.39   0.020   91
   349.14   0.020   92
   333.10   0.021   93
   292.42   0.020   94
   258.64   0.021   95
   274.66   0.020   96
   336.79   0.021   97
   409.11   0.020   98
   397.73   0.021   99
   503.87   0.020  100
   565.44   0.021  101
   574.46   0.020  102
   623.97   0.021  103
   709.14   0.020  104
   573.23   0.021  105
   653.99   0.020  106
   612.17   0.021  107
   505.16   0.020  108
   355.22   0.021  109
   583.07   0.020  110
   756.67   0.021  111
   714.09   0.020  112
   374.35   0.021  113
   373.45   0.020  114
   377.22   0.021  115
   288.53   0.020  116
   306.34   0.020  117
   258.42   0.021  118
   257.82   0.020  119
   266.18   0.021  120
   250.60   0.020  121
   239.02   0.021  122
   249.40   0.020  123
   258.02   0.021  124
   252.92   0.020  125
   253.21   0.021  126
   252.94   0.020  127
   253.66   0.021  128
   249.77   0.020  129
   249.91   0.021  130
   249.31   0.020  131
   248.52   0.021  132
   255.27   0.020  133
   256.70   0.021  134
   262.25   0.020  135
   256.59   0.021  136
   291.16   0.020  137
   297.35   0.021  138
   541.88   0.020  139
   560.13   0.021  140
   738.63   0.020  141
   584.03   0.020  142
   602.24   0.021  143
   524.93   0.020  144
   413.59   0.021  145
   322.56   0.020  146
   312.95   0.021  147
   247.35   0.020  148
   268.33   0.021  149
   337.15   0.020  150
   333.74   0.021  151
   391.36   0.020  152
   420.40   0.021  153
   392.35   0.020  154
   536.34   0.021  155
   602.83   0.020  156
   703.60   0.021  157
   607.60   0.020  158
   565.83   0.021  159
   617.11   0.020  160
   543.42   0.021  161
   537.18   0.020  162
   171.76   0.021  163
   744.02   0.020  164
   601.39   0.021  165
   628.44   0.020  166
   484.99   0.020  167
   419.84   0.021  168
   303.75   0.020  169
   282.44   0.021  170
   264.02   0.020  171
   257.59   0.021  172
   260.85   0.020  173
   252.43   0.021  174
   235.40   0.020  175
   236.82   0.021  176
   247.38   0.020  177
   257.00   0.021  178
   255.76   0.020  179
   251.57   0.021  180
   254.12   0.020  181
   253.66   0.021  182
   249.51   0.020  183
   248.62   0.021  184
   256.45   0.020  185
   248.85   0.021  186
   245.26   0.020  187
   251.76   0.021  188
   256.93   0.020  189
   262.56   0.021  190
   306.39   0.020  191
   380.90   0.020  192
   557.09   0.021  193
   582.20   0.020  194
   672.11   0.021  195
   575.33   0.020  196
   401.59   0.021  197
   357.43   0.020  198
   337.93   0.021  199
   314.03   0.020  200
   287.68   0.021  201
   289.76   0.020  202
   316.38   0.021  203
   380.41   0.020  204
   383.45   0.021  205
   381.21   0.020  206
   517.38   0.021  207
   559.45   0.020  208
   605.89   0.021  209
   688.40   0.020  210
   597.43   0.021  211
   590.18   0.020  212
   602.98   0.021  213
   537.91   0.020  214
   535.21   0.021  215
   656.01   0.020  216
   593.90   0.020  217
   720.73   0.021  218
   589.64   0.020  219
   805.59   0.021  220
   492.87   0.020  221
   368.75   0.021  222
   305.78   0.020  223
   306.60   0.021  224
   289.33   0.020  225
   270.67   0.021  226
   258.55   0.020  227
   247.90   0.021  228
   253.65   0.020  229
   255.24   0.021  230
   247.04   0.020  231
   247.84   0.021  232
   248.27   0.020  233
   255.92   0.021  234
   255.22   0.020  235
   253.68   0.021  236
   251.88   0.020  237
   248.01   0.021  238
   257.23   0.020  239
   257.97   0.021  240
   259.82   0.020  241
   254.69   0.020  242
   262.13   0.021  243
   316.52   0.020  244
   394.36   0.021  245
   609.54   0.020  246
   535.14   0.021  247
   545.55   0.020  248
   659.81   0.021  249
   542.01   0.020  250
   473.52   0.021  251
   366.06   0.020  252
   340.67   0.021  253
   352.82   0.020  254
   308.74   0.021  255
   311.89   0.020    0
   341.33   0.021    1
   325.69   0.020    2
   332.46   0.021    3
   340.66   0.020    4
   570.70   0.021    5
   603.40   0.020    6
   643.88   0.021    7
   692.58   0.020    8
   544.72   0.021    9
   666.84   0.020   10
   629.18   0.020   11
   626.44   0.021   12
   597.29   0.020   13
   746.39   0.021   14
   748.91   0.020   15
   885.55   0.021   16
   594.44   0.020   17
   478.99   0.021   18
   294.90   0.020   19
   267.43   0.021   20
   259.35   0.020   21
   250.61   0.021   22
   256.43   0.020   23
   257.07   0.021   24
   252.30   0.020   25
   251.72   0.021   26
   254.17   0.020   27
   252.08   0.021   28
   252.86   0.020   29
   253.82   0.021   30
   253.68   0.020   31
   251.61   0.021   32
   251.20   0.020   33
   252.28   0.021   34
   249.93   0.020   35
   249.59   0.020   36
   251.97   0.021   37
   247.92   0.020   38
   246.83   0.021   39
   255.76   0.020   40
   268.67   0.021   41
   291.88   0.020   42
   380.54   0.021   43
   532.55   0.020   44
   452.54   0.021   45
   563.48   0.020   46
   493.35   0.021   47
   412.37   0.020   48
   432.04   0.021   49
   339.88   0.020   50
   273.61   0.021   51
   210.21   0.020   52
   215.10   0.021   53
   288.27   0.020   54
   343.57   0.021   55
   391.33   0.020   56
   480.14   0.021   57
   509.97   0.020   58
   523.07   0.021   59
   568.96   0.020   60
   520.97   0.020   61
   564.80   0.021   62
   569.25   0.020   63
   520.22   0.021   64
   510.60   0.020   65
   211.50   0.021   66
   246.13   0.020   67
   612.82   0.021   68
   617.19   0.020   69
   488.31   0.021   70
   284.50   0.020   71
   262.78   0.021   72
   260.92   0.020   73
   267.78   0.021   74
   262.42   0.020   75
   262.15   0.021   76
   260.13   0.020   77
   255.05   0.021   78
   255.91   0.020   79
   252.31   0.021   80
   254.83   0.020   81
   255.51   0.021   82
   252.62   0.020   83
   256.72   0.021   84
   256.65   0.020   85
   254.55   0.020   86
   256.45   0.021   87
   245.89   0.020   88
   255.67   0.021   89
   256.74   0.020   90
   254.11   0.021   91
   248.90   0.020   92
   250.80   0.021   93
   256.01   0.020   94
   254.25   0.021   95
   252.96   0.020   96
   250.75   0.021   97
   251.68   0.020   98
   254.78   0.021   99
   256.71   0.020  100
