   252.70   0.021  125
   252.86   0.020  126
   254.87   0.021  127
   256.81   0.020  128
   252.96   0.021  129
   251.52   0.020  130
   254.70   0.021  131
   253.71   0.020  132
   251.67   0.021  133
   254.62   0.020  134
   252.68   0.021  135
   254.79   0.020  136
   254.79   0.021  137
   253.71   0.020  138
   249.19   0.021  139
   251.93   0.020  140
   254.88   0.021  141
   255.70   0.020  142
   250.58   0.021  143
   256.06   0.020  144
   253.11   0.021  145
   252.59   0.020  146
   257.05   0.020  148
   258.90   0.020  149
   254.46   0.021  150
   253.98   0.020  151
   254.46   0.021  152
   256.29   0.020  153
   247.79   0.021  154
   248.63   0.020  155
   257.84   0.021  156
   248.92   0.020  157
   253.38   0.021  158
   255.55   0.020  159
   254.69   0.021  160
   254.62   0.020  161
   255.55   0.021  162
   253.45   0.020  163
   253.45   0.021  164
   253.37   0.020  165
   253.45   0.021  166
   253.62   0.020  167
   252.59   0.021  168
   255.63   0.020  169
   253.60   0.021  170
   255.55   0.020  171
   254.53   0.021  172
   254.47   0.020  173
   255.55   0.020  174
   254.46   0.021  175
   254.38   0.020  176
   253.46   0.021  177
   254.46   0.020  178
   254.61   0.021  179
   254.61   0.020  180
   253.38   0.021  181
   254.46   0.020  182
   255.71   0.021  183
   254.62   0.020  184
   253.45   0.021  185
   255.63   0.020  186
   251.28   0.021  187
   255.63   0.020  188
   252.29   0.021  189
   253.53   0.020  190
   256.56   0.021  191
   255.63   0.020  192
   256.65   0.021  193
   254.78   0.020  194
   253.16   0.021  195
   254.54   0.020  196
   254.54   0.021  197
   255.34   0.020  198
   253.60   0.020  199
   254.69   0.021  200
   253.61   0.020  201
   252.37   0.021  202
   253.54   0.020  203
   253.52   0.021  204
   252.51   0.020  205
   252.59   0.021  206
   254.79   0.020  207
   254.70   0.021  208
   254.69   0.020  209
   254.79   0.021  210
   253.30   0.020  211
   255.80   0.021  212
   258.15   0.020  213
   254.70   0.021  214
   254.61   0.020  215
   256.89   0.021  216
   254.26   0.020  217
   257.90   0.021  218
   253.70   0.020  219
   258.15   0.021  220
   254.71   0.020  221
   253.78   0.021  222
   254.69   0.020  223
   254.70   0.020  224
   254.81   0.021  225
   254.61   0.020  226
   254.79   0.021  227
   253.52   0.020  228
   254.79   0.021  229
   253.70   0.020  230
   253.78   0.021  231
   255.75   0.020  232
   254.74   0.021  233
   254.88   0.020  234
   255.75   0.021  235
   257.83   0.020  236
   262.04   0.021  237
   259.32   0.020  238
   250.58   0.021  239
   252.72   0.020  240
   253.93   0.021  241
   255.87   0.020  242
   256.72   0.021  243
   254.31   0.020  244
   252.69   0.021  245
   253.54   0.020  246
   253.80   0.021  247
   253.76   0.020  248
   257.65   0.020  249
   254.74   0.021  250
   254.70   0.020  251
   254.98   0.021  252
   251.38   0.020  253
   248.75   0.021  254
   245.04   0.020  255
   395.87   0.021    0
   503.76   0.020    1
   407.83   0.021    2
   416.11   0.020    3
   400.03   0.021    4
   363.30   0.020    5
   343.64   0.021    6
   323.41   0.020    7
   325.45   0.021    8
   406.04   0.020    9
   362.06   0.021   10
   260.69   0.020   11
   291.97   0.021   12
   388.06   0.020   13
   360.36   0.021   14
   284.74   0.020   15
   272.51   0.021   16
   252.52   0.020   17
   303.43   0.020   18
   449.61   0.021   19
   433.88   0.020   20
   416.71   0.021   21
   303.11   0.020   22
   451.24   0.021   23
   604.90   0.020   24
   585.93   0.021   25
   256.70   0.020   26
   313.95   0.021   27
   570.67   0.020   28
   370.05   0.020   30
   309.45   0.021   31
   272.85   0.020   32
   262.51   0.021   33
   253.14   0.020   34
   260.43   0.021   35
   251.10   0.020   36
   253.44   0.021   37
   253.15   0.020   38
   243.37   0.021   39
   251.31   0.020   40
   249.10   0.021   41
   249.01   0.020   42
   246.03   0.021   44
   251.36   0.020   45
   261.21   0.021   46
   250.86   0.020   47
   258.85   0.021   48
   257.39   0.020   49
   249.39   0.020   51
   257.67   0.021   52
   315.28   0.020   53
   353.48   0.021   54
   571.96   0.020   55
   475.70   0.021   56
   584.40   0.021   58
   609.31   0.020   59
   497.91   0.021   60
   295.34   0.020   61
   259.04   0.021   62
   300.20   0.020   63
   390.56   0.020   65
   399.47   0.021   66
   337.31   0.020   67
   347.13   0.020   68
   419.70   0.021   69
   453.26   0.020   70
   604.89   0.020   72
   654.54   0.021   73
   609.01   0.020   74
   580.41   0.021   75
   624.26   0.020   76
   657.28   0.021   77
   505.10   0.020   78
   817.13   0.021   79
   674.54   0.020   80
   592.87   0.021   81
   541.04   0.020   82
   441.89   0.021   83
   333.27   0.020   84
   276.13   0.020   86
   259.04   0.021   87
   252.00   0.020   88
   261.37   0.021   89
   259.77   0.020   90
   250.60   0.021   91
   251.85   0.020   92
   250.08   0.020   93
   252.15   0.021   94
   253.11   0.020   95
   250.14   0.021   96
   248.24   0.020   97
   256.60   0.021   98
   251.67   0.020   99
   253.06   0.021  100
   252.26   0.020  101
   251.46   0.021  102
   251.64   0.020  103
   260.10   0.021  104
   267.73   0.020  105
   278.05   0.021  106
   350.78   0.020  107
   534.46   0.021  108
   496.94   0.020  109
   572.53   0.021  110
   727.29   0.020  111
   609.59   0.021  112
   502.40   0.020  113
   500.39   0.021  114
   543.09   0.020  115
   416.50   0.021  116
   326.39   0.020  117
   372.06   0.020  118
   426.36   0.021  119
   360.69   0.020  120
   323.96   0.021  121
   298.26   0.020  122
   307.17   0.021  123
   375.13   0.020  124
   571.04   0.021  125
   650.23   0.020  126
   740.56   0.021  127
   543.03   0.020  128
   666.58   0.021  129
   516.63   0.020  130
   283.74   0.021  131
   545.02   0.020  132
   784.15   0.021  133
   629.28   0.020  134
   811.03   0.021  135
   601.88   0.020  136
   381.93   0.021  137
   295.61   0.020  138
   266.08   0.021  139
   257.99   0.020  140
   251.49   0.021  141
   260.98   0.020  142
   261.29   0.020  143
   255.22   0.021  144
   254.79   0.020  145
   258.81   0.021  146
   260.35   0.020  147
   251.29   0.021  148
   254.54   0.020  149
   256.47   0.021  150
   241.47   0.020  151
   245.30   0.021  152
   246.95   0.020  153
   250.45   0.021  154
   254.99   0.020  155
   253.60   0.021  156
   253.73   0.020  157
   262.61   0.021  158
   284.52   0.020  159
   389.88   0.021  160
   567.76   0.020  161
   606.31   0.021  162
   602.78   0.020  163
   554.21   0.021  164
   575.82   0.020  165
   508.82   0.021  166
   498.46   0.020  167
   460.91   0.020  168
   381.11   0.021  169
   380.22   0.020  170
   343.13   0.021  171
   300.24   0.020  172
   326.25   0.021  173
   312.55   0.020  174
   270.31   0.021  175
   396.24   0.020  176
   556.47   0.021  177
   581.81   0.020  178
   623.20   0.021  179
   687.37   0.020  180
   590.32   0.021  181
   573.61   0.020  182
   608.34   0.021  183
   528.46   0.020  184
   412.03   0.021  185
   619.82   0.020  186
   680.99   0.021  187
   623.37   0.020  188
   719.27   0.021  189
   552.42   0.020  190
   383.59   0.021  191
   268.71   0.020  192
   257.48   0.020  193
   250.30   0.021  194
   253.77   0.020  195
   255.10   0.021  196
   247.41   0.020  197
   253.69   0.021  198
   254.53   0.020  199
   254.39   0.021  200
   253.36   0.020  201
   252.44   0.021  202
   252.89   0.020  203
   255.41   0.021  204
   255.64   0.020  205
   245.17   0.021  206
   248.33   0.020  207
   247.09   0.021  208
   255.26   0.020  209
   254.74   0.021  210
   255.91   0.020  211
   287.71   0.021  212
   357.76   0.020  213
   494.71   0.021  214
   592.43   0.020  215
   419.06   0.021  216
   608.31   0.020  217
   656.05   0.020  218
   529.86   0.021  219
   482.03   0.020  220
   385.14   0.020  222
   335.07   0.021  223
   315.66   0.020  224
   309.72   0.021  225
   309.21   0.020  226
   318.09   0.021  227
   440.98   0.021  229
   477.18   0.020  230
   524.92   0.021  231
   584.84   0.020  232
   666.45   0.021  233
   628.31   0.020  234
   568.48   0.020  236
   566.10   0.021  237
   385.69   0.020  238
   582.58   0.021  239
   812.95   0.020  240
   634.95   0.021  241
   578.29   0.020  243
   510.56   0.021  244
   294.40   0.020  245
   274.40   0.021  246
   260.34   0.020  247
   259.95   0.021  248
   256.27   0.021  250
   255.14   0.020  251
   249.78   0.021  252
   249.96   0.020  253
   250.23   0.021  254
   254.10   0.020  255
   251.05   0.020    1
   252.01   0.021    2
   251.50   0.020    3
   245.70   0.021    4
   242.19   0.020    5
   253.30   0.021    6
   256.37   0.020    7
   266.16   0.021    8
   298.72   0.020    9
   297.61   0.021   10
   569.13   0.020   11
   510.29   0.020   12
   570.86   0.021   13
   544.44   0.020   14
   492.42   0.021   15
   449.41   0.020   16
   481.88   0.021   17
   425.97   0.020   18
   448.37   0.021   19
   370.45   0.020   20
   294.27   0.021   21
   317.13   0.020   22
   325.77   0.021   23
   337.31   0.020   24
   399.31   0.021   25
   410.77   0.020   26
   394.32   0.021   27
   528.83   0.020   28
   592.91   0.021   29
   664.54   0.020   30
   695.72   0.021   31
   555.26   0.020   32
   585.29   0.021   33
   558.45   0.020   34
   598.18   0.021   35
   422.39   0.020   36
   739.48   0.020   37
   745.13   0.021   38
   536.31   0.020   39
   628.63   0.021   40
   391.11   0.020   41
   427.14   0.021   42
   307.09   0.020   43
   279.54   0.021   44
   255.92   0.020   45
   252.38   0.021   46
   259.03   0.020   47
   252.29   0.021   48
   246.80   0.020   49
   253.57   0.021   50
   253.21   0.020   51
   257.35   0.021   52
   259.25   0.020   53
   256.24   0.021   54
   253.54   0.020   55
   251.85   0.021   56
   252.06   0.020   57
   249.64   0.021   58
   243.18   0.020   59
   263.25   0.021   60
   259.69   0.020   61
   264.12   0.020   62
   310.42   0.021   63
   344.05   0.020   64
   572.32   0.021   65
   634.62   0.020   66
   544.31   0.021   67
   547.74   0.020   68
   642.56   0.021   69
   516.73   0.020   70
   412.49   0.021   71
   329.08   0.020   72
   298.12   0.021   73
   291.23   0.020   74
   285.53   0.021   75
   280.04   0.020   76
   366.19   0.021   77
   484.81   0.020   78
   452.81   0.021   79
   448.60   0.020   80
   539.38   0.021   81
   608.44   0.020   82
   691.70   0.021   83
   620.92   0.020   84
   586.41   0.021   85
   580.32   0.020   86
   569.94   0.020   87
   452.05   0.021   88
   713.82   0.020   89
   662.53   0.021   90
   723.72   0.020   91
   836.41   0.021   92
   597.17   0.020   93
   353.21   0.021   94
   329.94   0.020   95
   272.06   0.021   96
   259.93   0.020   97
   251.98   0.021   98
   261.57   0.020   99
   257.36   0.021  100
   259.73   0.020  101
   251.41   0.021  102
   251.66   0.020  103
   250.32   0.021  104
   253.68   0.020  105
   253.58   0.021  106
   252.53   0.020  107
   251.96   0.021  108
   250.36   0.020  109
   251.59   0.021  110
   246.37   0.020  111
   246.76   0.020  112
   246.35   0.021  113
   255.23   0.020  114
   259.16   0.021  115
   261.15   0.020  116
   318.40   0.021  117
   375.20   0.020  118
   572.31   0.021  119
   387.65   0.020  120
   737.77   0.021  121
   537.07   0.020  122
   467.31   0.021  123
   383.95   0.020  124
   315.43   0.021  125
   310.42   0.020  126
   318.20   0.021  127
   312.99   0.020  128
   336.14   0.021  129
   322.25   0.020  130
   310.82   0.021  131
   362.37   0.020  132
   442.55   0.021  133
   528.70   0.020  134
   582.57   0.021  135
   640.39   0.020  136
   687.93   0.020  137
   575.87   0.021  138
   653.75   0.020  139
   563.89   0.021  140
   526.64   0.020  141
   545.94   0.021  142
   721.11   0.021  144
   664.72   0.020  145
   456.99   0.021  146
   391.19   0.020  147
   390.29   0.021  148
   284.09   0.020  149
   261.60   0.020  151
   259.53   0.021  152
   261.29   0.020  153
   256.81   0.021  154
   246.02   0.020  155
   249.84   0.021  156
   252.44   0.021  158
   248.56   0.020  159
   250.87   0.021  160
   254.02   0.020  161
   255.84   0.020  162
   251.61   0.021  163
   245.20   0.021  165
   247.89   0.020  166
   252.74   0.021  167
   256.06   0.020  168
   264.96   0.021  169
   278.79   0.020  170
   420.99   0.020  172
   563.09   0.021  173
   624.73   0.020  174
   615.14   0.021  175
   500.05   0.020  176
   427.39   0.021  177
   429.06   0.020  178
   511.43   0.021  179
   388.87   0.020  180
   374.16   0.021  181
   318.07   0.020  182
   260.63   0.021  183
   368.67   0.020  184
   313.73   0.021  185
   323.57   0.020  186
   501.44   0.020  187
   559.35   0.021  188
   615.91   0.020  189
   715.22   0.021  190
   555.91   0.020  191
   619.57   0.021  192
   593.09   0.020  193
   581.93   0.021  194
   534.52   0.020  195
   511.71   0.021  196
   660.76   0.020  197
   592.98   0.021  198
   718.56   0.020  199
   482.74   0.021  200
   490.46   0.020  201
   327.72   0.021  202
   278.51   0.020  203
   262.36   0.021  204
   263.04   0.020  205
   263.26   0.021  206
   253.30   0.020  207
   245.72   0.021  208
   252.11   0.020  209
   239.97   0.021  210
   248.51   0.020  211
   258.00   0.020  212
   256.63   0.021  213
   248.74   0.020  214
   254.86   0.021  215
   256.06   0.020  216
   251.61   0.021  217
   251.99   0.020  218
   246.29   0.021  219
   234.21   0.020  220
   256.95   0.021  221
   258.39   0.020  222
   260.23   0.021  223
   360.04   0.020  224
   400.67   0.021  225
   590.61   0.020  226
   266.71   0.021  227
   600.99   0.020  228
   664.51   0.021  229
   584.17   0.020  230
   391.19   0.021  231
   327.86   0.020  232
   277.14   0.021  233
   274.88   0.020  234
   280.57   0.021  235
   276.33   0.020  236
   339.74   0.020  237
   418.23   0.021  238
   411.64   0.020  239
   421.57   0.021  240
   464.75   0.020  241
   495.87   0.021  242
   561.63   0.020  243
   676.81   0.021  244
   601.09   0.020  245
   563.26   0.021  246
   533.46   0.020  247
   357.26   0.021  248
   602.04   0.020  249
   738.63   0.021  250
   613.70   0.020  251
   606.15   0.021  252
   393.43   0.020  253
   394.83   0.021  254
   361.52   0.020  255
   276.77   0.021    0
   260.78   0.020    1
   259.38   0.021    2
   252.10   0.020    3
   256.31   0.021    4
   259.07   0.020    5
   254.15   0.020    6
   258.73   0.021    7
   255.56   0.020    8
   255.63   0.021    9
   247.46   0.020   10
   256.88   0.021   11
   258.98   0.020   12
   253.80   0.021   13
   244.70   0.020   14
   245.12   0.021   15
   248.93   0.020   16
   252.38   0.021   17
   236.38   0.020   18
   254.70   0.021   19
   260.87   0.020   20
   264.84   0.021   21
   334.61   0.020   22
   358.19   0.021   23
   581.14   0.020   24
   578.70   0.021   25
   737.81   0.020   26
   605.94   0.021   27
   592.80   0.020   28
   480.06   0.021   29
   387.82   0.020   30
   326.85   0.020   31
   330.62   0.021   32
   336.96   0.020   33
   335.73   0.021   34
   376.30   0.020   35
   411.83   0.021   36
   412.75   0.020   37
   383.11   0.021   38
   460.11   0.020   39
   568.44   0.021   40
   620.89   0.020   41
   704.28   0.021   42
   556.79   0.020   43
   614.10   0.021   44
   549.97   0.020   45
   543.00   0.021   46
   512.97   0.020   47
   608.16   0.021   48
   769.12   0.020   49
   572.59   0.021   50
   352.22   0.020   51
   489.82   0.021   52
   402.26   0.020   53
   291.83   0.021   54
   265.54   0.020   55
   269.65   0.020   56
   267.24   0.021   57
   260.46   0.020   58
   261.49   0.021   59
   246.93   0.020   60
   251.64   0.021   61
   252.03   0.020   62
   252.10   0.021   63
   252.83   0.020   64
   255.26   0.020   66
   251.24   0.021   67
   246.15   0.020   68
   247.06   0.021   69
   258.00   0.020   70
   261.77   0.021   71
   260.67   0.021   73
   269.43   0.020   74
   268.18   0.021   75
   320.53   0.020   76
   396.06   0.021   77
   545.68   0.020   78
   506.13   0.020   80
   593.90   0.020   81
   598.63   0.021   82
   476.06   0.020   83
   393.02   0.021   84
   378.87   0.020   85
   261.95   0.020   87
   288.04   0.021   88
   300.65   0.020   89
   371.25   0.021   90
   521.08   0.020   91
   514.90   0.021   92
   472.99   0.021   94
   590.21   0.020   95
   671.17   0.021   96
   641.89   0.020   97
   590.36   0.021   98
   573.68   0.020   99
   511.30   0.020  101
   118.80   0.021  102
   732.28   0.020  103
   773.85   0.021  104
   543.10   0.020  105
   599.20   0.020  106
   470.06   0.020  108
   302.56   0.021  109
   286.03   0.020  110
   263.04   0.021  111
   251.04   0.020  112
   255.88   0.021  113
   250.87   0.020  114
   253.95   0.021  115
   251.52   0.020  116
   255.40   0.021  117
   256.47   0.020  118
   251.80   0.021  119
   252.59   0.020  120
   248.05   0.021  121
   252.77   0.020  122
   251.92   0.021  123
   252.84   0.020  124
   249.99   0.021  125
   243.41   0.020  126
   257.13   0.021  127
   271.44   0.020  128
   295.13   0.021  129
   311.37   0.020  130
   506.21   0.020  131
   601.50   0.021  132
   354.67   0.020  133
   542.23   0.021  134
   554.42   0.020  135
   499.93   0.021  136
   445.04   0.020  137
   462.93   0.021  138
   332.57   0.020  139
   240.04   0.021  140
   250.04   0.020  141
   303.49   0.021  142
   365.42   0.020  143
   355.49   0.021  144
   363.18   0.020  145
   372.44   0.021  146
   482.33   0.020  147
   569.92   0.021  148
   583.70   0.020  149
   584.22   0.021  150
   594.19   0.020  151
   552.94   0.021  152
   557.48   0.020  153
   548.96   0.021  154
   511.19   0.020  155
   432.29   0.020  156
   386.60   0.021  157
   803.05   0.020  158
   685.09   0.021  159
   584.84   0.020  160
   446.80   0.021  161
   437.55   0.020  162
   312.95   0.021  163
   273.13   0.020  164
   272.28   0.021  165
   266.91   0.020  166
   260.96   0.021  167
   260.57   0.020  168
   250.05   0.021  169
   244.63   0.020  170
   253.31   0.021  171
   251.66   0.020  172
   253.00   0.021  173
   252.99   0.020  174
   255.70   0.021  175
   252.50   0.020  176
   247.63   0.021  177
   253.09   0.020  178
   251.52   0.021  179
   251.11   0.020  180
   255.19   0.020  181
   255.40   0.021  182
   261.09   0.020  183
   277.88   0.021  184
   362.21   0.020  185
   317.54   0.021  186
   567.15   0.020  187
   432.32   0.021  188
   721.89   0.020  189
   595.05   0.021  190
   549.42   0.020  191
   424.37   0.021  192
   340.75   0.020  193
   297.49   0.021  194
   326.30   0.020  195
   316.79   0.021  196
   295.99   0.020  197
   315.54   0.021  198
   338.45   0.020  199
   315.78   0.021  200
   409.19   0.020  201
   542.73   0.021  202
   529.25   0.020  203
   558.19   0.021  204
   653.02   0.020  205
   649.33   0.020  206
   546.15   0.021  207
   623.47   0.020  208
   600.95   0.021  209
   510.62   0.020  210
   118.61   0.021  211
   506.47   0.020  212
   771.40   0.021  213
   886.11   0.020  214
   603.04   0.021  215
   374.07   0.020  216
   315.85   0.021  217
   263.80   0.020  218
   262.91   0.021  219
   265.52   0.020  220
   249.93   0.021  221
   256.53   0.020  222
   252.63   0.021  223
   251.99   0.020  224
   251.47   0.021  225
   250.82   0.020  226
   250.09   0.021  227
   254.06   0.020  228
   252.16   0.021  229
   251.06   0.020  230
   249.76   0.020  231
   247.43   0.021  232
   244.83   0.020  233
   250.07   0.021  234
   245.11   0.020  235
   253.85   0.021  236
   262.08   0.020  237
   265.13   0.021  238
   347.48   0.020  239
   335.38   0.021  240
   539.95   0.020  241
   557.69   0.021  242
   593.76   0.020  243
   568.36   0.021  244
   587.94   0.020  245
   457.49   0.021  246
   351.51   0.020  247
   306.99   0.021  248
   274.66   0.020  249
   276.78   0.020  251
   316.28   0.021  252
   353.12   0.020  253
   366.23   0.021  254
   441.64   0.020  255
   522.94   0.020    0
   530.19   0.020    2
   560.25   0.021    3
   481.14   0.020    4
   523.67   0.021    5
   597.68   0.020    6
   532.27   0.021    7
   524.64   0.021    9
   462.26   0.020   10
   143.47   0.021   11
   707.64   0.020   12
   745.39   0.021   13
   597.56   0.020   14
   537.32   0.020   16
   311.06   0.021   17
   245.46   0.020   18
   401.24   0.021   19
   326.10   0.020   20
   279.33   0.021   21
   262.61   0.021   23
   257.45   0.020   24
   258.88   0.020   25
   256.48   0.021   26
   256.86   0.020   27
   254.80   0.021   28
   253.53   0.020   29
   255.84   0.021   30
   257.11   0.020   31
   252.92   0.021   32
   252.52   0.020   33
   256.06   0.021   34
   255.26   0.020   35
   257.89   0.021   36
   256.81   0.020   37
   250.10   0.021   38
   257.08   0.020   39
   255.75   0.021   40
   254.60   0.020   41
   250.47   0.021   42
   249.49   0.020   43
   248.52   0.021   44
   254.61   0.020   45
   257.62   0.021   46
   256.32   0.020   47
   243.83   0.021   48
   247.16   0.020   49
   252.62   0.020   50
