   259.14   0.020  213
   258.32   0.021  214
   258.15   0.020  215
   257.19   0.021  216
   257.09   0.020  217
   259.38   0.021  218
   259.20   0.020  219
   258.37   0.021  220
   258.28   0.020  221
   259.12   0.021  222
   260.39   0.020  223
   259.33   0.021  224
   258.15   0.020  225
   257.99   0.021  226
   256.08   0.020  227
   259.12   0.021  228
   261.46   0.020  229
   256.08   0.020  230
   257.09   0.021  231
   256.90   0.020  232
   257.09   0.021  233
   257.44   0.020  234
   254.05   0.021  235
   259.35   0.020  236
   251.94   0.021  237
   260.59   0.020  238
   256.63   0.021  239
   258.07   0.020  240
   259.38   0.021  241
   254.48   0.020  242
   260.14   0.021  243
   253.54   0.020  244
   258.23   0.021  245
   254.85   0.020  246
   259.17   0.021  247
   260.48   0.020  248
   252.43   0.021  249
   259.17   0.020  250
   253.41   0.021  251
   260.26   0.020  252
   254.09   0.021  253
   258.23   0.020  254
   258.15   0.020  255
   258.19   0.021    0
   259.25   0.020    1
   258.20   0.021    2
   257.14   0.020    3
   258.11   0.021    4
   258.15   0.020    5
   258.15   0.021    6
   257.14   0.020    7
   258.20   0.021    8
   257.06   0.020    9
   258.20   0.021   10
   259.09   0.020   11
   259.22   0.021   12
   257.06   0.020   13
   258.07   0.021   14
   258.15   0.020   15
   258.03   0.021   16
   257.14   0.020   17
   258.15   0.021   18
   256.08   0.020   19
   259.20   0.021   20
   258.11   0.020   21
   257.14   0.021   22
   258.15   0.020   23
   258.19   0.020   24
   257.09   0.021   25
   255.89   0.020   26
   257.14   0.021   27
   258.13   0.020   28
   259.25   0.021   29
   258.19   0.020   30
   259.30   0.021   31
   258.23   0.020   32
   259.25   0.021   33
   258.23   0.020   34
   259.08   0.021   35
   259.17   0.020   36
   259.17   0.021   37
   257.06   0.020   38
   257.14   0.021   39
   258.11   0.020   40
   258.28   0.021   41
   259.22   0.020   42
   259.25   0.021   43
   256.86   0.020   44
   256.98   0.021   45
   257.99   0.020   46
   259.25   0.021   47
   258.11   0.020   48
   256.10   0.020   49
   259.17   0.021   50
   258.11   0.020   51
   260.34   0.021   52
   258.03   0.020   53
   259.12   0.021   54
   259.35   0.020   55
   259.17   0.021   56
   259.38   0.020   57
   258.23   0.021   58
   261.44   0.020   59
   257.22   0.021   60
   259.05   0.020   61
   258.23   0.021   62
   258.03   0.020   63
   253.08   0.021   64
   253.44   0.020   65
   257.09   0.021   66
   261.49   0.020   67
   258.11   0.021   68
   262.59   0.020   69
   253.46   0.021   70
   253.79   0.020   71
   260.26   0.021   72
   260.23   0.020   73
   260.02   0.020   74
   260.85   0.021   75
   259.17   0.020   76
   255.72   0.021   77
   259.14   0.020   78
   259.04   0.021   79
   259.25   0.020   80
   259.20   0.021   81
   257.13   0.020   82
   259.12   0.021   83
   260.14   0.020   84
   260.18   0.021   85
   258.07   0.020   86
   257.14   0.021   87
   258.07   0.020   88
   257.17   0.021   89
   257.20   0.020   90
   257.14   0.021   91
   258.21   0.020   92
   257.06   0.021   93
   258.12   0.020   94
   257.20   0.021   95
   257.06   0.020   96
   258.11   0.021   97
   258.07   0.020   98
   259.04   0.020   99
   259.91   0.021  100
   260.22   0.020  101
   261.25   0.021  102
   263.66   0.020  103
   260.22   0.021  104
   244.56   0.020  105
   260.99   0.021  106
   345.22   0.020  107
   608.37   0.021  108
   487.98   0.020  109
   481.51   0.021  110
   478.62   0.020  111
   443.70   0.021  112
   441.55   0.020  113
   420.17   0.021  114
   360.12   0.020  115
   314.34   0.021  116
   267.48   0.020  117
   227.81   0.021  118
   320.67   0.020  119
   448.12   0.021  120
   372.05   0.020  121
   339.51   0.021  122
   372.13   0.020  123
   319.23   0.020  124
   333.36   0.021  125
   349.61   0.020  126
   390.37   0.021  127
   445.24   0.020  128
   465.30   0.021  129
   446.95   0.020  130
   856.48   0.021  131
  1353.66   0.020  132
   782.14   0.021  133
   383.22   0.020  134
   608.32   0.021  135
   425.72   0.020  136
   309.52   0.021  137
   343.53   0.020  138
   350.03   0.021  139
   293.43   0.020  140
   276.06   0.021  141
   263.49   0.020  142
   252.16   0.021  143
   254.04   0.020  144
   261.54   0.021  145
   252.28   0.020  146
   252.66   0.021  147
   257.36   0.020  148
   261.11   0.020  149
   262.45   0.021  150
   256.31   0.020  151
   262.39   0.021  152
   261.02   0.020  153
   261.31   0.021  154
   256.95   0.020  155
   256.34   0.021  156
   257.06   0.020  157
   253.39   0.021  158
   242.07   0.020  159
   259.87   0.021  160
   261.80   0.020  161
   271.04   0.021  162
   361.53   0.020  163
   469.85   0.021  164
   624.44   0.020  165
   935.46   0.021  166
   635.72   0.020  167
   528.28   0.021  168
   524.82   0.020  169
   498.99   0.021  170
   483.12   0.020  171
   392.49   0.021  172
   333.78   0.020  173
   338.07   0.020  174
   347.79   0.021  175
   344.87   0.020  176
   343.62   0.021  177
   380.79   0.020  178
   439.40   0.021  179
   406.95   0.020  180
   523.61   0.021  181
   624.31   0.020  182
   653.86   0.021  183
   822.47   0.020  184
   852.33   0.021  185
   876.40   0.020  186
   840.06   0.021  187
   685.78   0.020  188
   298.50   0.021  189
  1522.94   0.020  190
  1738.68   0.021  191
  1092.40   0.020  192
  1079.05   0.021  193
   649.11   0.020  194
   422.19   0.021  195
   295.39   0.020  196
   268.11   0.021  197
   267.13   0.020  198
   261.13   0.020  199
   265.31   0.021  200
   261.69   0.020  201
   258.81   0.021  202
   252.49   0.020  203
   255.63   0.021  204
   255.19   0.020  205
   261.10   0.021  206
   257.28   0.020  207
   261.04   0.021  208
   257.59   0.020  209
   256.33   0.021  210
   252.23   0.020  211
   251.51   0.021  212
   250.37   0.020  213
   250.98   0.021  214
   259.52   0.020  215
   260.65   0.021  216
   268.44   0.020  217
   312.63   0.021  218
   408.25   0.020  219
   744.45   0.021  220
   678.89   0.020  221
  1202.28   0.021  222
   611.88   0.020  223
   510.50   0.020  224
   429.65   0.021  225
   431.46   0.020  226
   417.68   0.021  227
   353.25   0.020  228
   308.14   0.021  229
   278.91   0.020  230
   303.82   0.021  231
   330.33   0.020  232
   353.45   0.021  233
   379.22   0.020  234
   408.56   0.021  235
   444.78   0.020  236
   502.95   0.021  237
   727.80   0.020  238
   740.89   0.021  239
   707.48   0.020  240
   720.89   0.021  241
   835.71   0.020  242
   757.46   0.021  243
   464.20   0.020  244
   324.95   0.021  245
  1328.84   0.020  246
  1220.03   0.021  247
   938.44   0.020  248
   352.08   0.020  249
   487.23   0.021  250
   401.42   0.020  251
   283.11   0.021  252
   285.93   0.020  253
   257.95   0.021  254
   262.48   0.020  255
   262.33   0.021    0
   259.75   0.020    1
   251.69   0.021    2
   253.62   0.020    3
   259.19   0.021    4
   256.86   0.020    5
   256.83   0.021    6
   257.15   0.020    7
   259.35   0.021    8
   260.93   0.020    9
   258.07   0.021   10
   252.06   0.020   11
   251.81   0.021   12
   249.40   0.020   13
   258.15   0.021   14
   259.38   0.020   15
   257.78   0.021   16
   269.06   0.020   17
   271.19   0.020   18
   445.74   0.021   19
   751.00   0.020   20
   940.60   0.021   21
  1385.53   0.020   22
   713.16   0.021   23
   605.02   0.020   24
   484.65   0.021   25
   306.55   0.020   26
   272.23   0.021   27
   327.65   0.020   28
   332.65   0.021   29
   332.84   0.020   30
   379.01   0.021   31
   401.07   0.020   32
   450.41   0.021   33
   518.63   0.020   34
   522.23   0.021   35
   595.50   0.020   36
   746.00   0.021   37
   785.36   0.020   38
   722.57   0.021   39
   864.15   0.020   40
   797.83   0.021   41
   667.67   0.020   42
   152.40   0.020   43
   870.95   0.021   44
  1359.18   0.020   45
   795.07   0.021   46
   846.13   0.020   47
   487.86   0.021   48
   411.93   0.020   49
   313.47   0.021   50
   294.38   0.020   51
   276.22   0.021   52
   263.12   0.020   53
   272.57   0.021   54
   268.62   0.020   55
   267.53   0.021   56
   250.80   0.020   57
   256.38   0.021   58
   251.97   0.020   59
   253.18   0.021   60
   258.11   0.020   61
   259.65   0.021   62
   255.92   0.020   63
   255.61   0.021   64
   249.11   0.020   65
   254.41   0.021   66
   253.30   0.020   67
   256.73   0.020   68
   243.28   0.021   69
   252.80   0.020   70
   259.40   0.021   71
   270.07   0.020   72
   276.57   0.021   73
   347.12   0.020   74
   607.65   0.021   75
   667.22   0.020   76
  1487.69   0.021   77
   696.54   0.020   78
   596.18   0.021   79
   537.67   0.020   80
   402.44   0.021   81
   305.14   0.020   82
   284.35   0.021   83
   282.40   0.020   84
   303.35   0.021   85
   335.42   0.020   86
   381.74   0.021   87
   414.61   0.020   88
   405.06   0.021   89
   436.81   0.020   90
   535.98   0.021   91
   652.84   0.020   92
   736.85   0.020   93
   723.09   0.021   94
   687.76   0.020   95
   828.71   0.021   96
   855.82   0.020   97
   791.66   0.021   98
   277.76   0.020   99
  1272.98   0.021  100
  1211.90   0.020  101
   851.34   0.021  102
   764.36   0.020  103
   445.45   0.021  104
   447.72   0.020  105
   307.60   0.021  106
   309.92   0.020  107
   265.73   0.021  108
   266.44   0.020  109
   267.51   0.021  110
   253.02   0.020  111
   250.25   0.021  112
   249.25   0.020  113
   254.98   0.021  114
   250.53   0.020  115
   259.80   0.021  116
   260.13   0.020  117
   256.08   0.020  118
   259.24   0.021  119
   245.53   0.020  120
   248.57   0.021  121
   249.83   0.020  122
   255.85   0.021  123
   247.06   0.020  124
   250.60   0.021  125
   256.93   0.020  126
   260.66   0.021  127
   259.04   0.020  128
   370.83   0.021  129
   669.28   0.020  130
   743.16   0.021  131
  1332.96   0.020  132
   731.59   0.021  133
   574.93   0.020  134
   499.96   0.021  135
   376.90   0.020  136
   325.95   0.021  137
   291.97   0.020  138
   292.27   0.021  139
   317.56   0.020  140
   342.43   0.021  141
   418.98   0.020  142
   448.83   0.020  143
   402.48   0.021  144
   404.32   0.020  145
   592.43   0.021  146
   760.63   0.020  147
   773.78   0.021  148
   792.50   0.020  149
   767.75   0.021  150
   962.33   0.020  151
   885.85   0.021  152
   619.48   0.020  153
   679.94   0.021  154
  1356.73   0.020  155
   996.08   0.021  156
   759.70   0.020  157
   342.72   0.021  158
   538.54   0.020  159
   379.38   0.021  160
   286.96   0.020  161
   271.89   0.021  162
   263.44   0.020  163
   262.15   0.021  164
   262.49   0.020  165
   259.25   0.021  166
   256.25   0.020  167
   256.58   0.020  168
   255.92   0.021  169
   254.85   0.020  170
   256.46   0.021  171
   262.21   0.020  172
   261.27   0.021  173
   259.51   0.020  174
   252.00   0.021  175
   246.15   0.020  176
   248.51   0.021  177
   256.21   0.020  178
   253.42   0.021  179
   254.24   0.020  180
   256.20   0.021  181
   267.79   0.020  182
   269.77   0.021  183
   344.85   0.020  184
   594.02   0.021  185
   793.00   0.020  186
   649.41   0.021  187
   522.80   0.020  188
   474.48   0.021  189
   373.51   0.020  190
   343.86   0.021  191
   335.87   0.020  192
   322.82   0.020  193
   325.15   0.021  194
   332.86   0.020  195
   363.32   0.021  196
   407.54   0.020  197
   431.38   0.021  198
   476.09   0.020  199
   549.38   0.021  200
   664.28   0.020  201
   747.54   0.021  202
   751.00   0.020  203
   709.32   0.021  204
   890.90   0.020  205
   820.43   0.021  206
   535.95   0.020  207
   466.05   0.021  208
  1302.63   0.020  209
  1229.79   0.021  210
   647.42   0.020  211
   345.67   0.021  212
   529.60   0.020  213
   391.83   0.021  214
   287.19   0.020  215
   286.96   0.021  216
   266.52   0.020  217
   260.39   0.020  218
   261.34   0.021  219
   260.69   0.020  220
   258.59   0.021  221
   255.67   0.020  222
   255.56   0.021  223
   256.43   0.020  224
   258.30   0.021  225
   258.30   0.020  226
   257.43   0.021  227
   257.35   0.020  228
   256.25   0.021  229
   253.51   0.020  230
   250.91   0.021  231
   251.12   0.020  232
   253.87   0.021  233
   254.61   0.020  234
   256.08   0.021  235
   260.23   0.020  236
   259.13   0.021  237
   322.87   0.020  238
   458.10   0.021  239
   780.73   0.020  240
   666.51   0.021  241
   983.17   0.020  242
   614.62   0.020  243
   580.40   0.021  244
   428.26   0.020  245
   329.51   0.021  246
   284.26   0.020  247
   261.00   0.021  248
   275.51   0.020  249
   292.85   0.021  250
   376.75   0.020  251
   480.20   0.021  252
   448.81   0.020  253
   403.19   0.021  254
   453.41   0.020  255
   524.17   0.021    0
   581.89   0.020    1
   818.56   0.021    2
   843.55   0.020    3
   683.35   0.021    4
   853.46   0.020    5
   862.99   0.021    6
   754.89   0.020    7
   529.46   0.021    8
   961.84   0.020    9
   936.63   0.021   10
   460.83   0.020   11
   485.20   0.020   12
   439.11   0.021   13
   281.25   0.020   14
   290.74   0.021   15
   271.10   0.020   16
   262.69   0.021   17
   267.55   0.020   18
   263.60   0.021   19
   261.02   0.020   20
   251.95   0.021   21
   250.15   0.020   22
   250.22   0.021   23
   258.32   0.020   24
   253.37   0.021   25
   260.37   0.021   27
   255.90   0.020   28
   251.07   0.021   29
   251.51   0.020   30
   248.30   0.021   31
   254.43   0.020   32
   256.54   0.021   33
   260.83   0.020   34
   252.44   0.021   35
   260.34   0.020   36
   261.56   0.020   37
   316.09   0.021   38
   511.21   0.020   39
   824.66   0.021   40
   927.57   0.020   41
   692.03   0.021   42
   579.66   0.020   43
   563.03   0.021   44
   417.30   0.020   45
   304.93   0.021   46
   273.12   0.020   47
   303.34   0.021   48
   362.83   0.020   49
   385.29   0.021   50
   389.31   0.020   51
   407.11   0.021   52
   392.12   0.020   53
   401.30   0.021   54
   481.23   0.020   55
   645.29   0.021   56
   783.29   0.020   57
   724.05   0.021   58
   670.99   0.020   59
   817.70   0.021   60
   912.17   0.020   61
   783.15   0.020   62
   439.12   0.021   63
  1144.40   0.020   64
  1572.35   0.021   65
  1078.98   0.020   66
  1190.12   0.021   67
   496.97   0.020   68
   451.31   0.021   69
   353.19   0.020   70
   297.25   0.021   71
   280.17   0.020   72
   274.21   0.021   73
   267.56   0.020   74
   265.59   0.021   75
   255.43   0.020   76
   257.44   0.021   77
   257.17   0.020   78
   255.74   0.021   79
   255.37   0.020   80
   254.66   0.021   81
   260.53   0.021   83
   257.30   0.020   84
   255.78   0.021   85
   250.96   0.020   86
   253.83   0.020   87
   254.77   0.021   88
   253.59   0.020   89
   256.76   0.021   90
   268.36   0.020   91
   260.24   0.021   92
   279.49   0.020   93
   528.49   0.021   94
   748.22   0.020   95
   693.26   0.020   97
   589.88   0.021   98
   529.92   0.020   99
   442.78   0.021  100
   420.31   0.020  101
   395.33   0.021  102
   337.49   0.020  103
   332.64   0.021  104
   322.41   0.020  105
   347.85   0.021  106
   389.05   0.020  107
   383.41   0.021  108
   368.02   0.020  109
   646.50   0.020  111
   722.82   0.020  112
   821.99   0.021  113
   721.39   0.020  114
   802.41   0.021  115
   929.29   0.020  116
   580.10   0.020  118
   157.30   0.021  119
  1149.00   0.020  120
  1081.17   0.021  121
   865.76   0.020  122
   276.99   0.021  123
   389.30   0.021  125
   308.74   0.020  126
   282.86   0.021  127
   264.73   0.020  128
   263.77   0.021  129
   259.79   0.020  130
   255.93   0.020  132
   255.71   0.021  133
   255.72   0.020  134
   253.61   0.021  135
   255.28   0.020  136
   256.49   0.020  137
   259.91   0.021  138
   258.40   0.020  139
   256.58   0.021  140
   249.78   0.020  141
   251.55   0.021  142
   250.93   0.020  143
   250.08   0.021  144
   254.61   0.020  145
   259.67   0.021  146
   259.02   0.020  147
   269.58   0.021  148
   262.10   0.020  149
   318.71   0.021  150
   500.44   0.020  151
   529.86   0.020  153
  1231.84   0.021  154
   632.49   0.020  155
   501.92   0.021  156
   361.96   0.020  157
   283.80   0.021  158
   257.08   0.020  159
   244.87   0.021  160
   255.79   0.020  161
   249.56   0.020  162
   298.78   0.021  163
   382.56   0.020  164
   418.99   0.021  165
   421.42   0.021  167
   529.00   0.020  168
   833.65   0.021  169
   814.83   0.020  170
   691.58   0.021  171
   864.68   0.020  172
   644.84   0.020  174
   334.75   0.021  175
  1291.69   0.020  176
  1274.76   0.021  177
   878.79   0.020  178
   714.59   0.021  179
   445.68   0.021  181
   354.52   0.020  182
   285.32   0.021  183
   270.12   0.020  184
   264.95   0.021  185
   258.40   0.020  186
   251.76   0.021  188
   254.98   0.020  189
   260.77   0.021  190
   264.69   0.020  191
   258.76   0.021  192
   252.69   0.020  193
   262.30   0.020  195
   258.85   0.021  196
   256.49   0.020  197
   259.92   0.021  198
   258.84   0.020  199
   255.42   0.021  200
   256.58   0.021  202
   255.36   0.020  203
   253.06   0.021  204
   252.33   0.020  205
   250.91   0.021  206
   263.04   0.020  207
   345.42   0.020  209
   541.28   0.021  210
   409.51   0.020  211
   837.15   0.020  212
   527.70   0.021  213
   281.34   0.020  214
   248.23   0.020  216
   207.42   0.021  217
   194.29   0.020  218
   229.24   0.021  219
   245.23   0.020  220
   228.84   0.021  221
   240.65   0.021  223
   309.64   0.020  224
   310.45   0.021  225
   557.18   0.020  226
   604.93   0.021  227
   594.36   0.020  228
   766.53   0.020  230
   454.59   0.021  231
   465.83   0.020  232
   275.02   0.021  233
   338.45   0.020  234
   270.74   0.021  235
   260.72   0.020  237
   259.44   0.021  238
   254.27   0.020  239
   257.28   0.021  240
   258.69   0.020  241
   259.15   0.021  242
   258.54   0.021  244
   257.71   0.020  245
   257.97   0.021  246
   258.91   0.020  247
   258.63   0.021  248
   255.69   0.020  249
   256.70   0.020  251
   258.78   0.021  252
   257.84   0.020  253
   258.75   0.021  254
   259.77   0.020  255
   258.81   0.021    0
   257.84   0.021    2
   256.88   0.020    3
   252.90   0.021    4
   256.72   0.020    5
   256.49   0.020    6
   260.94   0.021    7
   257.73   0.021    9
   258.91   0.020   10
   257.55   0.021   11
   258.75   0.020   12
   256.58   0.021   13
   263.06   0.020   14
   263.36   0.020   16
   251.68   0.021   17
