   258.64   0.021   59
   254.57   0.020   60
   257.74   0.021   61
   256.67   0.020   62
   258.86   0.021   63
   256.67   0.020   64
   255.63   0.021   65
   255.65   0.020   66
   256.71   0.020   67
   256.67   0.021   68
   256.65   0.020   69
   256.71   0.021   70
   257.74   0.020   71
   256.67   0.021   72
   256.63   0.020   73
   257.72   0.021   74
   255.59   0.020   75
   257.72   0.021   76
   256.67   0.020   77
   256.67   0.021   78
   256.71   0.020   79
   257.68   0.021   80
   256.69   0.020   81
   257.72   0.021   82
   253.65   0.020   83
   256.73   0.021   84
   256.71   0.020   85
   256.73   0.021   86
   257.71   0.020   87
   257.71   0.021   88
   255.65   0.020   89
   255.68   0.021   90
   256.67   0.020   91
   256.67   0.020   92
   255.71   0.021   93
   256.77   0.020   94
   257.68   0.021   95
   256.67   0.020   96
   256.71   0.021   97
   259.81   0.020   98
   255.62   0.021   99
   256.73   0.020  100
   257.59   0.021  101
   256.71   0.020  102
   258.76   0.021  103
   258.80   0.020  104
   254.64   0.021  105
   257.68   0.020  106
   259.66   0.021  107
   258.64   0.020  108
   260.87   0.021  109
   257.62   0.020  110
   259.71   0.021  111
   255.68   0.020  112
   257.68   0.021  113
   257.65   0.020  114
   256.39   0.021  115
   258.70   0.020  116
   257.82   0.020  117
   257.78   0.021  118
   256.71   0.020  119
   256.92   0.021  120
   257.66   0.020  121
   257.65   0.021  122
   261.74   0.020  123
   258.76   0.021  124
   258.80   0.020  125
   257.74   0.021  126
   254.66   0.020  127
   257.68   0.021  128
   258.76   0.020  129
   257.61   0.021  130
   253.25   0.020  131
   256.73   0.021  132
   259.88   0.020  133
   254.70   0.021  134
   258.82   0.020  135
   257.74   0.021  136
   258.76   0.020  137
   256.44   0.021  138
   260.93   0.020  139
   251.59   0.021  140
   261.03   0.020  141
   258.49   0.020  142
   259.75   0.021  143
   263.06   0.020  144
   258.86   0.021  145
   258.74   0.020  146
   256.61   0.021  147
   255.36   0.020  148
   256.61   0.021  149
   258.68   0.020  150
   258.80   0.021  151
   257.72   0.020  152
   257.62   0.021  153
   255.71   0.020  154
   257.62   0.021  155
   255.65   0.020  156
   256.67   0.021  157
   257.68   0.020  158
   256.67   0.021  159
   257.72   0.020  160
   258.70   0.021  161
   257.65   0.020  162
   258.70   0.021  163
   256.65   0.020  164
   258.79   0.021  165
   257.68   0.020  166
   256.73   0.020  167
   255.59   0.021  168
   257.68   0.020  169
   258.67   0.021  170
   256.67   0.020  171
   257.61   0.021  172
   257.59   0.020  173
   258.72   0.021  174
   259.64   0.020  175
   259.79   0.021  176
   254.64   0.020  177
   257.81   0.021  178
   256.60   0.020  179
   256.69   0.021  180
   258.74   0.020  181
   256.63   0.021  182
   257.71   0.020  183
   257.68   0.021  184
   257.71   0.020  185
   258.71   0.021  186
   257.59   0.020  187
   258.66   0.021  188
   260.82   0.020  189
   260.67   0.021  190
   264.95   0.020  191
   270.96   0.020  192
   267.04   0.021  193
   233.14   0.020  194
   228.83   0.021  195
   246.40   0.020  196
   311.59   0.021  197
   482.75   0.020  198
   439.35   0.021  199
   396.28   0.020  200
   404.03   0.021  201
   411.18   0.020  202
   415.98   0.021  203
   394.74   0.020  204
   382.92   0.021  205
   354.61   0.020  206
   269.20   0.021  207
   216.33   0.020  208
   295.17   0.021  209
   328.82   0.020  210
   266.10   0.021  211
   318.89   0.020  212
   375.50   0.021  213
   339.48   0.020  214
   344.15   0.021  215
   338.08   0.020  216
   364.39   0.020  217
   400.53   0.021  218
   408.62   0.020  219
    58.22   0.021  220
   260.52   0.020  221
   966.38   0.021  222
   696.00   0.020  223
   379.34   0.021  224
   422.59   0.020  225
   350.90   0.021  226
   359.12   0.020  227
   332.42   0.021  228
   277.77   0.020  229
   270.61   0.021  230
   270.92   0.020  231
   260.60   0.021  232
   257.15   0.020  233
   246.27   0.021  234
   253.00   0.020  235
   252.60   0.021  236
   262.63   0.020  237
   262.63   0.021  238
   256.73   0.020  239
   258.82   0.021  240
   256.54   0.020  241
   257.35   0.020  242
   258.37   0.021  243
   255.71   0.020  244
   253.71   0.021  245
   251.97   0.020  246
   251.87   0.021  247
   254.25   0.020  248
   248.31   0.021  249
   251.12   0.020  250
   260.26   0.021  251
   267.63   0.020  252
   299.07   0.021  253
   402.04   0.020  254
   549.56   0.021  255
   585.46   0.020    0
   928.87   0.021    1
   542.61   0.020    2
   483.27   0.021    3
   403.12   0.020    4
   418.53   0.021    5
   429.26   0.020    6
   368.93   0.021    7
   362.13   0.020    8
   347.84   0.021    9
   353.85   0.020   10
   356.97   0.020   11
   368.76   0.021   12
   412.41   0.020   13
   433.48   0.021   14
   478.39   0.020   15
   532.81   0.021   16
   540.64   0.020   17
   577.93   0.021   18
   593.09   0.020   19
   668.29   0.021   20
   746.26   0.020   21
   776.91   0.021   22
   670.75   0.020   23
   376.32   0.021   24
   688.51   0.020   25
  1459.69   0.021   26
   955.17   0.020   27
   822.18   0.021   28
   379.14   0.020   29
   449.24   0.021   30
   365.82   0.020   31
   294.78   0.021   32
   273.57   0.020   33
   257.04   0.021   34
   262.23   0.020   35
   257.13   0.020   36
   254.15   0.021   37
   252.25   0.020   38
   252.21   0.021   39
   254.41   0.020   40
   256.06   0.021   41
   255.04   0.020   42
   258.23   0.021   43
   255.53   0.020   44
   254.34   0.021   45
   256.91   0.020   46
   249.48   0.021   47
   241.58   0.020   48
   257.40   0.021   49
   264.48   0.020   50
   274.96   0.021   51
   316.27   0.020   52
   395.47   0.021   53
   726.10   0.020   54
   661.48   0.021   55
   753.17   0.020   56
   582.22   0.021   57
   551.21   0.020   58
   439.54   0.021   59
   454.64   0.020   60
   362.37   0.020   61
   349.07   0.021   62
   344.76   0.020   63
   319.06   0.021   64
   328.92   0.020   65
   334.43   0.021   66
   323.64   0.020   67
   357.92   0.021   68
   434.50   0.020   69
   438.38   0.021   70
   540.41   0.020   71
   784.88   0.021   72
   768.17   0.020   73
   664.67   0.021   74
   856.92   0.020   75
   877.77   0.021   76
   739.58   0.020   77
   651.21   0.021   78
   695.19   0.020   79
   531.81   0.021   80
  1445.91   0.020   81
   816.83   0.021   82
   704.23   0.020   83
   399.96   0.021   84
   368.65   0.020   85
   337.69   0.020   86
   319.38   0.021   87
   279.11   0.020   88
   266.66   0.021   89
   261.76   0.020   90
   261.03   0.021   91
   249.50   0.020   92
   250.41   0.021   93
   254.11   0.020   94
   252.80   0.021   95
   251.56   0.020   96
   253.72   0.021   97
   255.10   0.020   98
   252.12   0.021   99
   248.96   0.020  100
   260.14   0.021  101
   256.77   0.020  102
   243.93   0.021  103
   253.03   0.020  104
   255.53   0.021  105
   262.21   0.020  106
   269.61   0.021  107
   415.04   0.020  108
   556.26   0.021  109
   786.80   0.020  110
   848.95   0.020  111
   600.45   0.021  112
   556.49   0.020  113
   490.96   0.021  114
   498.45   0.020  115
   445.10   0.021  116
   395.52   0.020  117
   337.82   0.021  118
   315.00   0.020  119
   328.63   0.021  120
   343.93   0.020  121
   348.38   0.021  122
   404.30   0.020  123
   464.15   0.021  124
   537.41   0.020  125
   650.54   0.021  126
   616.52   0.020  127
   684.46   0.021  128
   721.69   0.020  129
   886.95   0.021  130
   870.77   0.020  131
   731.52   0.021  132
   319.39   0.020  133
   818.02   0.021  134
  1511.03   0.020  135
   820.22   0.020  136
   821.92   0.021  137
   490.75   0.020  138
   396.33   0.021  139
   378.31   0.020  140
   293.68   0.021  141
   280.36   0.020  142
   264.23   0.021  143
   259.65   0.020  144
   260.28   0.021  145
   254.30   0.020  146
   250.68   0.021  147
   253.48   0.020  148
   261.54   0.021  149
   257.22   0.020  150
   256.14   0.021  151
   253.17   0.020  152
   247.92   0.021  153
   251.68   0.020  154
   252.36   0.021  155
   253.95   0.020  156
   247.97   0.021  157
   258.16   0.020  158
   255.28   0.021  159
   257.37   0.020  160
   268.87   0.020  161
   351.36   0.021  162
   583.70   0.020  163
   796.86   0.021  164
  1525.02   0.020  165
   591.09   0.021  166
   552.58   0.020  167
   544.74   0.021  168
   443.20   0.020  169
   387.71   0.021  170
   323.33   0.020  171
   324.84   0.021  172
   359.10   0.020  173
   352.08   0.021  174
   376.13   0.020  175
   447.41   0.021  176
   458.11   0.020  177
   448.44   0.021  178
   510.95   0.020  179
   611.06   0.021  180
   704.35   0.020  181
   732.11   0.021  182
   681.33   0.020  183
   724.38   0.021  184
   855.64   0.020  185
   863.20   0.020  186
   739.30   0.021  187
   342.57   0.020  188
  1467.94   0.021  189
  1375.22   0.020  190
   836.28   0.021  191
   649.72   0.020  192
   517.18   0.021  193
   437.01   0.020  194
   321.87   0.021  195
   299.46   0.020  196
   273.56   0.021  197
   257.13   0.020  198
   278.85   0.021  199
   258.14   0.020  200
   231.44   0.021  201
   244.13   0.020  202
   231.26   0.021  203
   239.65   0.020  204
   251.77   0.021  205
   262.81   0.020  206
   255.39   0.021  207
   257.39   0.020  208
   262.80   0.021  209
   247.10   0.020  210
   256.70   0.020  211
   263.17   0.021  212
   252.93   0.020  213
   259.22   0.021  214
   263.93   0.020  215
   276.23   0.021  216
   351.78   0.020  217
   536.84   0.021  218
   742.03   0.020  219
   625.52   0.021  220
   759.80   0.020  221
   582.89   0.021  222
   609.54   0.020  223
   452.74   0.021  224
   360.61   0.020  225
   304.42   0.021  226
   312.27   0.020  227
   338.35   0.021  228
   326.74   0.020  229
   377.98   0.021  230
   406.13   0.020  231
   392.02   0.021  232
   408.64   0.020  233
   481.78   0.021  234
   586.60   0.020  235
   748.05   0.020  236
   842.06   0.021  237
   817.44   0.020  238
   843.93   0.021  239
   946.09   0.020  240
   854.38   0.021  241
   346.30   0.020  242
  1133.34   0.021  243
  1095.13   0.020  244
   885.41   0.021  245
   775.22   0.020  246
   545.76   0.021  247
   408.34   0.020  248
   321.87   0.021  249
   294.12   0.020  250
   277.90   0.021  251
   262.23   0.020  252
   258.14   0.021  253
   260.32   0.020  254
   255.37   0.021  255
   255.54   0.020    0
   244.66   0.021    1
   244.30   0.020    2
   249.80   0.021    3
   247.74   0.020    4
   265.34   0.020    5
   265.35   0.021    6
   257.38   0.020    7
   245.38   0.021    8
   244.28   0.020    9
   252.08   0.021   10
   268.61   0.020   11
   261.18   0.021   12
   250.03   0.020   13
   256.20   0.021   14
   261.06   0.020   15
   271.60   0.021   16
   368.09   0.020   17
   673.61   0.021   18
   743.74   0.020   19
  1574.56   0.021   20
   684.66   0.020   21
   669.44   0.021   22
   523.11   0.020   23
   402.46   0.021   24
   330.25   0.020   25
   295.14   0.021   26
   287.94   0.020   27
   291.01   0.021   28
   332.30   0.020   29
   365.61   0.020   30
   382.75   0.021   31
   410.62   0.020   32
   414.37   0.021   33
   492.73   0.020   34
   635.93   0.021   35
   823.50   0.020   36
   867.44   0.021   37
   808.81   0.020   38
   972.42   0.021   39
   856.82   0.020   40
  1135.91   0.021   41
  1247.97   0.020   42
   845.41   0.021   43
   666.69   0.020   44
   467.61   0.021   45
   473.58   0.020   46
   324.10   0.021   47
   292.28   0.020   48
   269.45   0.021   49
   261.30   0.020   50
   257.20   0.021   51
   256.05   0.020   52
   255.31   0.021   53
   254.58   0.020   54
   247.94   0.020   55
   250.33   0.021   56
   256.75   0.020   57
   246.70   0.021   58
   253.50   0.020   59
   258.13   0.021   60
   258.37   0.020   61
   259.95   0.021   62
   244.65   0.020   63
   255.08   0.021   64
   255.50   0.020   65
   258.07   0.021   66
   240.49   0.020   67
   260.18   0.021   68
   264.18   0.020   69
   285.90   0.021   70
   357.40   0.020   71
   653.28   0.021   72
   691.96   0.020   73
  1323.75   0.021   74
   644.38   0.020   75
   548.22   0.021   76
   590.21   0.020   77
   459.01   0.021   78
   402.91   0.020   79
   375.45   0.020   80
   321.20   0.021   81
   307.25   0.020   82
   315.65   0.021   83
   313.65   0.020   84
   352.29   0.021   85
   424.22   0.020   86
   447.52   0.021   87
   477.05   0.020   88
   610.83   0.021   89
   744.64   0.020   90
   845.58   0.021   91
   750.41   0.020   92
   893.37   0.021   93
   912.47   0.020   94
   776.22   0.021   95
   369.92   0.020   96
   876.27   0.021   97
  1757.69   0.020   98
  1012.07   0.021   99
  1129.50   0.020  100
   488.68   0.021  101
   434.44   0.020  102
   358.32   0.021  103
   315.30   0.020  104
   283.79   0.020  105
   263.37   0.021  106
   259.43   0.020  107
   262.49   0.021  108
   252.58   0.020  109
   248.21   0.021  110
   258.74   0.020  111
   254.28   0.021  112
   256.47   0.020  113
   256.49   0.021  114
   255.74   0.020  115
   253.06   0.021  116
   247.59   0.020  117
   254.04   0.021  118
   252.37   0.020  119
   252.45   0.021  120
   257.08   0.020  121
   254.51   0.021  122
   260.57   0.020  123
   270.22   0.021  124
   288.69   0.020  125
   495.89   0.021  126
   741.48   0.020  127
  1202.95   0.021  128
   559.54   0.020  129
   596.02   0.020  130
   509.05   0.021  131
   433.42   0.020  132
   371.34   0.021  133
   355.12   0.020  134
   315.27   0.021  135
   284.09   0.020  136
   277.80   0.021  137
   336.68   0.020  138
   359.69   0.021  139
   362.03   0.020  140
   437.44   0.021  141
   479.37   0.020  142
   625.72   0.021  143
   883.44   0.020  144
   843.35   0.021  145
   774.28   0.020  146
   860.51   0.021  147
   980.54   0.020  148
   865.33   0.021  149
   133.58   0.020  150
  1675.38   0.021  151
  1811.09   0.020  152
   905.87   0.021  153
  1001.42   0.020  154
   491.13   0.020  155
   525.01   0.021  156
   309.01   0.020  157
   293.94   0.021  158
   281.11   0.020  159
   258.18   0.021  160
   258.27   0.020  161
   255.08   0.021  162
   256.14   0.020  163
   251.48   0.021  164
   248.10   0.020  165
   251.61   0.021  166
   257.23   0.020  167
   258.20   0.021  168
   259.33   0.020  169
   254.06   0.021  170
   254.16   0.020  171
   256.19   0.021  172
   254.74   0.020  173
   245.11   0.021  174
   253.38   0.020  175
   255.99   0.021  176
   267.07   0.020  177
   271.86   0.021  178
   304.51   0.020  179
   679.88   0.021  181
  1250.88   0.020  182
   661.70   0.021  183
   556.12   0.020  184
   553.60   0.021  185
   427.29   0.020  186
   421.59   0.021  187
   370.85   0.020  188
   315.82   0.021  189
   329.77   0.020  190
   343.28   0.021  191
   329.12   0.020  192
   329.95   0.021  193
   416.42   0.021  195
   427.87   0.020  196
   438.69   0.021  197
   605.27   0.020  198
   826.15   0.021  199
   848.72   0.020  200
   931.54   0.020  202
   971.36   0.021  203
   808.60   0.020  204
   460.03   0.020  205
  1671.56   0.021  206
  1998.95   0.020  207
  1130.17   0.021  208
   901.08   0.020  209
   471.56   0.021  210
   427.65   0.020  211
   335.43   0.021  212
   320.39   0.020  213
   254.37   0.021  214
   263.74   0.021  216
   257.17   0.020  217
   248.86   0.021  218
   251.12   0.020  219
   243.97   0.021  220
   240.11   0.020  221
   267.98   0.020  223
   261.65   0.021  224
   261.01   0.020  225
   257.02   0.021  226
   254.42   0.020  227
   252.11   0.021  228
   252.05   0.020  229
   253.70   0.020  230
   250.82   0.021  231
   253.88   0.020  232
   270.94   0.021  233
   315.69   0.020  234
   497.55   0.021  235
   761.97   0.021  237
   680.13   0.020  238
   525.35   0.021  239
   507.89   0.020  240
   399.95   0.021  241
   364.47   0.020  242
   284.10   0.020  244
   264.28   0.021  245
   253.17   0.020  246
   258.58   0.021  247
   301.51   0.020  248
   366.47   0.021  249
   419.81   0.021  251
   426.42   0.020  252
   440.30   0.021  253
   468.78   0.020  254
   766.51   0.020  255
  1055.96   0.021    0
  1120.72   0.021    2
  1194.45   0.020    3
  1139.54   0.021    4
  1693.40   0.020    5
  1080.19   0.021    6
   334.12   0.020    7
   411.48   0.020    9
   287.65   0.021   10
   275.02   0.020   11
   262.69   0.021   12
   259.48   0.020   13
   261.30   0.021   14
   257.93   0.021   16
   246.38   0.020   17
   247.69   0.021   18
   254.97   0.020   19
   255.99   0.021   20
   253.87   0.020   21
   253.03   0.020   23
   254.98   0.020   24
   257.57   0.021   25
   248.44   0.020   26
   247.18   0.021   27
   256.58   0.020   28
   246.34   0.020   30
   249.34   0.021   31
   274.64   0.020   32
   272.93   0.021   33
   470.44   0.020   34
   669.43   0.021   35
   376.66   0.021   37
  1144.72   0.020   38
   614.51   0.021   39
   466.11   0.020   40
   360.39   0.021   41
   281.04   0.020   42
   285.56   0.020   44
   319.42   0.021   45
   333.83   0.020   46
   345.38   0.021   47
   368.82   0.020   48
   363.50   0.020   49
   414.90   0.020   51
   499.03   0.021   52
   739.73   0.020   53
  1039.93   0.021   54
  1090.40   0.020   55
  1125.13   0.021   56
   959.69   0.021   58
   708.09   0.020   59
  1792.20   0.021   60
   927.96   0.020   61
  1033.58   0.021   62
   607.06   0.020   63
   338.23   0.020   65
   294.61   0.021   66
   275.58   0.020   67
   263.34   0.021   68
   263.08   0.020   69
   262.18   0.021   70
   250.49   0.021   72
   251.71   0.020   73
   253.88   0.020   74
   247.59   0.021   75
   251.87   0.020   76
   263.10   0.021   77
   259.84   0.021   79
   253.88   0.020   80
   249.56   0.021   81
   247.79   0.020   82
   245.92   0.021   83
   253.15   0.020   84
   262.20   0.020   86
   261.61   0.021   87
   308.36   0.020   88
   476.56   0.021   89
   669.87   0.020   90
   682.36   0.021   91
   736.84   0.021   93
   559.40   0.020   94
   537.76   0.021   95
   400.75   0.020   96
   300.24   0.021   97
   275.79   0.020   98
   286.00   0.021  100
   298.52   0.020  101
   324.60   0.021  102
   319.72   0.020  103
   339.77   0.021  104
   400.80   0.020  105
   532.59   0.020  107
   772.68   0.021  108
   845.54   0.020  109
   890.14   0.021  110
   910.81   0.020  111
  1012.57   0.021  112
   686.96   0.021  114
  1026.75   0.020  115
  1326.48   0.021  116
  1400.67   0.020  117
   380.00   0.021  118
   431.93   0.020  119
   271.92   0.020  121
   275.32   0.021  122
   259.95   0.020  123
   256.63   0.020  124
   256.42   0.021  125
   257.85   0.020  126
   256.27   0.021  127
   253.08   0.020  128
   257.17   0.021  129
   253.14   0.020  130
   256.29   0.021  131
   259.55   0.020  132
   258.27   0.021  133
   255.17   0.021  135
   252.63   0.020  136
   255.25   0.021  137
   249.15   0.020  138
   255.81   0.021  139
   260.23   0.020  140
   259.06   0.020  142
   270.17   0.021  143
   293.42   0.020  144
   583.24   0.021  145
   600.98   0.020  146
   368.12   0.021  147
   389.65   0.020  149
   420.06   0.021  150
   353.90   0.020  151
   293.65   0.021  152
   252.36   0.020  153
   242.42   0.021  154
   289.67   0.021  156
   259.94   0.020  157
   316.33   0.021  158
   367.07   0.020  159
   340.16   0.021  160
   304.02   0.020  161
   517.67   0.021  162
   656.49   0.020  163
   683.36   0.021  164
   701.16   0.020  165
   628.14   0.021  166
   671.91   0.020  167
   747.96   0.021  168
   943.51   0.020  169
   854.62   0.021  170
  2084.30   0.020  171
   490.62   0.021  172
   391.72   0.020  173
   312.72   0.020  174
   276.81   0.021  175
   255.36   0.021  177
   257.58   0.020  178
   256.34   0.021  179
   258.00   0.020  180
   255.56   0.021  181
   260.39   0.020  182
   258.42   0.021  183
   257.36   0.020  184
   258.41   0.021  185
   256.52   0.020  186
   258.48   0.021  187
   258.34   0.020  188
   257.41   0.021  189
   255.50   0.020  190
   258.32   0.021  191
   258.46   0.020  192
   256.52   0.021  193
   257.63   0.020  194
   257.76   0.021  195
   255.63   0.020  196
   258.55   0.020  198
   259.17   0.020  199
   254.95   0.021  200
   256.94   0.020  201
   256.82   0.021  202
   257.40   0.020  203
   257.27   0.021  204
   254.35   0.020  205
   255.46   0.021  206
   259.48   0.020  207
   257.36   0.021  208
   259.41   0.020  209
   257.32   0.021  210
   259.41   0.020  211
   257.20   0.021  212
   258.24   0.020  213
   258.07   0.021  214
   257.20   0.020  215
   259.35   0.021  216
   258.10   0.020  217
   258.21   0.020  219
   257.08   0.021  220
   255.17   0.020  221
   258.10   0.021  222
   256.01   0.020  223
   260.30   0.020  224
   257.08   0.021  225
   258.12   0.020  226
   253.09   0.021  227
   257.96   0.020  228
   256.82   0.021  229
   259.05   0.020  230
   257.08   0.021  231
   261.08   0.020  232
   258.04   0.021  233
   260.40   0.020  234
   258.79   0.021  235
   258.12   0.020  236
   250.31   0.021  237
   258.01   0.020  238
   259.20   0.021  239
   257.97   0.020  240
   258.16   0.021  241
   260.49   0.020  242
   252.30   0.021  243
   258.77   0.020  244
   259.99   0.021  245
   251.00   0.020  246
   259.09   0.021  247
   261.31   0.020  248
   260.24   0.020  249
   258.04   0.021  250
   258.01   0.020  251
   259.23   0.021  252
   256.95   0.020  253
   258.18   0.021  254
   258.01   0.020  255
   257.03   0.021    0
   258.01   0.020    1
   258.04   0.021    2
   258.01   0.020    3
   259.05   0.021    4
   257.96   0.020    5
   257.03   0.021    6
   256.89   0.020    7
   257.03   0.021    8
   257.96   0.020    9
   256.95   0.021   10
   258.04   0.020   11
   257.11   0.021   12
   257.93   0.020   13
   258.01   0.021   14
   257.11   0.020   15
   257.96   0.021   16
   259.03   0.020   17
   257.03   0.020   18
   257.93   0.021   19
   258.04   0.020   20
   257.93   0.021   21
   257.00   0.020   22
   257.96   0.021   23
   258.04   0.020   24
   258.04   0.021   25
   257.06   0.020   26
   257.96   0.021   27
   256.92   0.020   28
   259.09   0.021   29
   257.00   0.020   30
   258.07   0.021   31
   258.04   0.020   32
   256.95   0.021   33
   256.89   0.020   34
