   252.96   0.020  202
   257.90   0.021  203
   257.17   0.020  204
   258.07   0.021  205
   258.29   0.020  206
   259.36   0.021  207
   253.70   0.020  208
   249.93   0.021  209
   258.29   0.020  210
   249.93   0.021  211
   253.43   0.020  212
   257.34   0.021  213
   257.06   0.020  214
   258.29   0.021  215
   253.43   0.020  216
   257.97   0.020  217
   256.48   0.021  218
   258.29   0.020  219
   255.82   0.021  220
   256.67   0.020  221
   253.50   0.021  222
   251.22   0.020  223
   259.43   0.021  224
   250.45   0.020  225
   259.59   0.021  226
   258.85   0.020  227
   260.52   0.021  228
   258.11   0.020  229
   253.84   0.021  230
   250.29   0.020  231
   258.47   0.021  232
   261.64   0.020  233
   256.03   0.021  234
   258.16   0.020  235
   260.55   0.021  236
   259.78   0.020  237
   261.83   0.021  238
   256.03   0.020  239
   255.04   0.021  240
   256.16   0.020  241
   257.28   0.020  242
   255.02   0.021  243
   255.02   0.020  244
   253.90   0.021  245
   255.98   0.020  246
   254.97   0.021  247
   255.08   0.020  248
   256.03   0.021  249
   255.98   0.020  250
   252.96   0.021  251
   254.97   0.020  252
   254.87   0.021  253
   254.97   0.020  254
   253.80   0.021  255
   254.97   0.020    0
   255.04   0.021    1
   254.97   0.020    2
   255.04   0.021    3
   255.02   0.020    4
   254.97   0.021    5
   253.90   0.020    6
   253.90   0.021    7
   254.97   0.020    8
   254.97   0.021    9
   255.04   0.020   10
   255.92   0.020   11
   253.90   0.021   12
   255.98   0.020   13
   253.90   0.021   14
   254.87   0.020   15
   255.02   0.021   16
   256.09   0.020   17
   255.04   0.021   18
   256.27   0.020   19
   255.08   0.021   20
   254.97   0.020   21
   253.00   0.021   22
   255.92   0.020   23
   253.86   0.021   24
   255.08   0.020   25
   255.19   0.021   26
   254.07   0.020   27
   256.05   0.021   28
   254.97   0.020   29
   252.63   0.021   30
   252.79   0.020   31
   256.03   0.021   32
   254.97   0.020   33
   255.88   0.021   34
   252.67   0.020   35
   253.90   0.020   36
   255.02   0.021   37
   255.92   0.020   38
   254.97   0.021   39
   253.80   0.020   40
   255.98   0.021   41
   254.97   0.020   42
   254.07   0.021   43
   252.69   0.020   44
   257.28   0.021   45
   254.91   0.020   46
   255.02   0.021   47
   255.97   0.020   48
   255.19   0.021   49
   256.03   0.020   50
   254.06   0.021   51
   257.17   0.020   52
   253.86   0.021   53
   254.77   0.020   54
   255.04   0.021   55
   255.88   0.020   56
   253.00   0.021   57
   256.05   0.020   58
   257.94   0.021   59
   257.03   0.020   60
   257.97   0.020   61
   254.91   0.021   62
   254.27   0.020   63
   254.32   0.021   64
   256.03   0.020   65
   267.35   0.021   66
   266.70   0.020   67
   272.32   0.021   68
   261.34   0.020   69
   232.85   0.021   70
   358.30   0.020   71
   511.72   0.021   72
   456.42   0.020   73
   460.15   0.021   74
   469.89   0.020   75
   451.73   0.021   76
   480.84   0.020   77
   505.04   0.021   78
   445.32   0.020   79
   376.95   0.021   80
   282.63   0.020   81
   173.58   0.021   82
   329.20   0.020   83
   484.20   0.021   84
   333.92   0.020   85
   237.33   0.020   86
   221.11   0.021   87
   283.91   0.020   88
   335.34   0.021   89
   391.59   0.020   90
   471.67   0.021   91
   501.33   0.020   92
   405.25   0.021   93
   539.50   0.020   94
   673.58   0.021   95
   656.13   0.020   96
   399.30   0.021   97
   323.61   0.020   98
   561.42   0.021   99
   264.60   0.020  100
   379.81   0.021  101
   332.94   0.020  102
   282.68   0.021  103
   269.96   0.020  104
   261.29   0.021  105
   250.67   0.020  106
   258.26   0.021  107
   251.95   0.020  108
   253.69   0.021  109
   244.36   0.020  110
   245.78   0.020  111
   254.09   0.021  112
   254.52   0.020  113
   257.38   0.021  114
   253.69   0.020  115
   259.12   0.021  116
   262.26   0.020  117
   261.67   0.021  118
   253.94   0.020  119
   238.28   0.021  120
   234.39   0.020  121
   261.31   0.021  122
   265.13   0.020  123
   303.49   0.021  124
   370.09   0.020  125
   564.34   0.021  126
   584.20   0.020  127
   555.28   0.021  128
   678.46   0.020  129
   652.65   0.021  130
   512.59   0.020  131
   432.38   0.021  132
   380.35   0.020  133
   342.04   0.021  134
   302.45   0.020  135
   269.01   0.020  136
   262.52   0.021  137
   294.55   0.020  138
   429.47   0.021  139
   426.59   0.020  140
   418.05   0.021  141
   458.57   0.020  142
   586.21   0.021  143
   626.12   0.020  144
   604.02   0.021  145
   678.02   0.020  146
   583.92   0.021  147
   508.29   0.020  148
   533.28   0.021  149
   659.36   0.020  150
   680.02   0.021  151
   779.80   0.020  152
   585.42   0.021  153
   521.26   0.020  154
   565.71   0.021  155
   359.45   0.020  156
   341.51   0.021  157
   371.22   0.020  158
   284.77   0.021  159
   269.83   0.020  160
   261.72   0.020  161
   256.15   0.021  162
   254.41   0.020  163
   253.80   0.021  164
   254.95   0.020  165
   251.45   0.021  166
   252.37   0.020  167
   254.40   0.021  168
   253.69   0.020  169
   253.53   0.021  170
   253.06   0.020  171
   253.48   0.021  172
   257.28   0.020  173
   248.14   0.021  174
   248.30   0.020  175
   260.33   0.021  176
   279.96   0.020  177
   329.96   0.021  178
   291.35   0.020  179
   552.67   0.021  180
   562.87   0.020  181
   625.84   0.021  182
   616.70   0.020  183
   594.00   0.021  184
   456.66   0.020  185
   425.14   0.020  186
   428.20   0.021  187
   407.13   0.020  188
   368.43   0.021  189
   329.58   0.020  190
   311.40   0.021  191
   288.38   0.020  192
   308.75   0.021  193
   451.70   0.020  194
   473.53   0.021  195
   478.30   0.020  196
   541.38   0.021  197
   628.65   0.020  198
   601.81   0.021  199
   650.43   0.020  200
   601.36   0.021  201
   522.80   0.020  202
   514.46   0.021  203
   600.06   0.020  204
   784.48   0.021  205
   779.21   0.020  206
   841.72   0.021  207
   370.04   0.020  208
   387.03   0.021  209
   408.77   0.020  210
   280.14   0.020  211
   261.82   0.021  212
   270.78   0.020  213
   265.08   0.021  214
   253.91   0.020  215
   252.87   0.021  216
   256.12   0.020  217
   250.83   0.021  218
   256.67   0.020  219
   254.63   0.021  220
   253.50   0.020  221
   254.11   0.021  222
   255.37   0.020  223
   249.14   0.021  224
   251.65   0.020  225
   249.14   0.021  226
   250.81   0.020  227
   254.53   0.021  228
   254.01   0.020  229
   267.91   0.021  230
   308.79   0.020  231
   300.85   0.021  232
   543.90   0.020  233
   656.35   0.021  234
   639.44   0.020  235
   616.49   0.020  236
   485.22   0.021  237
   453.18   0.020  238
   497.17   0.021  239
   504.96   0.020  240
   433.49   0.021  241
   374.73   0.020  242
   346.91   0.021  243
   329.63   0.020  244
   321.93   0.021  245
   341.55   0.020  246
   390.80   0.021  247
   415.62   0.020  248
   516.45   0.021  249
   594.03   0.020  250
   681.95   0.021  251
   652.48   0.020  252
   562.48   0.021  253
   608.49   0.020  254
   521.46   0.021  255
   619.20   0.020    0
   539.20   0.021    1
   759.84   0.020    2
   591.38   0.021    3
   738.29   0.020    4
   448.00   0.020    5
   392.61   0.021    6
   394.03   0.020    7
   314.13   0.021    8
   278.92   0.020    9
   258.71   0.021   10
   264.85   0.020   11
   258.78   0.021   12
   255.40   0.020   13
   253.84   0.021   14
   251.35   0.020   15
   248.92   0.021   16
   253.90   0.020   17
   254.17   0.021   18
   252.72   0.020   19
   250.57   0.021   20
   249.29   0.020   21
   251.36   0.021   22
   248.21   0.020   23
   248.55   0.021   24
   254.26   0.020   25
   263.65   0.021   26
   287.93   0.020   27
   313.14   0.021   28
   370.25   0.020   29
   547.58   0.020   30
   541.45   0.021   31
   562.04   0.020   32
   586.74   0.021   33
   494.95   0.020   34
   446.70   0.021   35
   430.82   0.020   36
   425.56   0.021   37
   381.65   0.020   38
   342.83   0.021   39
   316.92   0.020   40
   316.36   0.021   41
   256.61   0.020   42
   317.18   0.021   43
   546.17   0.020   44
   521.75   0.021   45
   571.34   0.020   46
   617.97   0.021   47
   616.94   0.020   48
   564.57   0.021   49
   600.70   0.020   50
   557.80   0.021   51
   520.30   0.020   52
    98.78   0.021   53
   709.82   0.020   54
   841.31   0.020   55
   668.95   0.021   56
   886.11   0.020   57
   491.97   0.021   58
   438.31   0.020   59
   355.83   0.021   60
   288.08   0.020   61
   277.25   0.021   62
   263.31   0.020   63
   257.16   0.021   64
   260.38   0.020   65
   247.36   0.021   66
   251.19   0.020   67
   252.90   0.021   68
   252.03   0.020   69
   252.10   0.021   70
   254.49   0.020   71
   254.69   0.021   72
   253.96   0.020   73
   251.10   0.021   74
   249.32   0.020   75
   248.88   0.021   76
   253.20   0.020   77
   247.77   0.021   78
   249.37   0.020   79
   253.84   0.020   80
   256.12   0.021   81
   312.07   0.020   82
   368.35   0.021   83
   612.68   0.020   84
   678.85   0.021   85
   580.64   0.020   86
   609.19   0.021   87
   570.25   0.020   88
   507.51   0.021   89
   405.30   0.020   90
   362.17   0.021   91
   307.08   0.020   92
   273.94   0.021   93
   280.02   0.020   94
   308.29   0.021   95
   270.46   0.020   96
   363.66   0.021   97
   463.19   0.020   98
   587.18   0.021   99
   643.96   0.020  100
   739.34   0.021  101
   645.64   0.020  102
   654.46   0.021  103
   635.00   0.020  104
   503.83   0.020  105
   739.43   0.021  106
   856.87   0.020  107
   784.66   0.021  108
   773.72   0.020  109
   429.35   0.021  110
   328.86   0.020  111
   332.06   0.021  112
   355.46   0.020  113
   302.33   0.021  114
   267.16   0.020  115
   262.05   0.021  116
   261.18   0.020  117
   255.13   0.021  118
   252.31   0.020  119
   242.30   0.021  120
   252.30   0.020  121
   254.97   0.021  122
   252.35   0.020  123
   246.55   0.021  124
   255.13   0.020  125
   250.57   0.021  126
   256.86   0.020  127
   252.78   0.021  128
   247.20   0.020  129
   259.27   0.020  130
   250.17   0.021  131
   257.09   0.020  132
   258.96   0.021  133
   304.33   0.020  134
   295.06   0.021  135
   441.13   0.020  136
   575.41   0.021  137
   583.25   0.020  138
   576.79   0.021  139
   553.23   0.020  140
   555.99   0.021  141
   434.28   0.020  142
   348.29   0.021  143
   306.91   0.020  144
   273.43   0.021  145
   264.57   0.020  146
   288.40   0.021  147
   337.87   0.020  148
   305.97   0.021  149
   445.83   0.020  150
   550.22   0.021  151
   564.72   0.020  152
   604.03   0.021  153
   690.65   0.020  154
   613.29   0.020  155
   624.67   0.021  156
   573.52   0.020  157
   598.92   0.021  158
   598.94   0.020  159
   604.81   0.021  160
   750.48   0.020  161
   565.35   0.021  162
   357.18   0.020  163
   397.42   0.021  164
   403.33   0.020  165
   281.32   0.021  166
   289.77   0.020  167
   266.31   0.021  168
   252.47   0.020  169
   262.75   0.021  170
   255.49   0.020  171
   248.24   0.021  172
   246.92   0.020  173
   250.39   0.021  174
   248.05   0.020  175
   252.61   0.021  176
   259.07   0.020  177
   253.95   0.021  178
   253.76   0.020  179
   250.98   0.020  180
   250.52   0.021  181
   257.65   0.020  182
   253.53   0.021  183
   251.83   0.020  184
   253.78   0.021  185
   259.11   0.020  186
   274.81   0.021  187
   325.37   0.020  188
   302.05   0.021  189
   560.68   0.020  190
   627.01   0.021  191
   600.49   0.020  192
   619.39   0.021  193
   625.55   0.020  194
   404.87   0.021  195
   311.45   0.020  196
   290.98   0.021  197
   251.15   0.020  198
   244.34   0.021  199
   273.10   0.020  200
   318.21   0.021  201
   359.99   0.020  202
   393.10   0.021  203
   442.96   0.020  204
   481.22   0.020  205
   563.37   0.021  206
   643.43   0.020  207
   749.03   0.021  208
   570.69   0.020  209
   646.30   0.021  210
   629.99   0.020  211
   503.38   0.021  212
   373.99   0.020  213
   663.84   0.021  214
   778.32   0.020  215
   658.46   0.021  216
   321.14   0.020  217
   378.13   0.021  218
   397.55   0.020  219
   274.38   0.021  220
   265.80   0.020  221
   265.07   0.021  222
   265.99   0.020  223
   269.91   0.021  224
   255.44   0.020  225
   247.16   0.021  226
   248.75   0.020  227
   251.23   0.021  228
   255.26   0.020  229
   248.41   0.020  230
   249.58   0.021  231
   254.39   0.020  232
   249.20   0.021  233
   250.28   0.020  234
   248.15   0.021  235
   253.65   0.020  236
   251.07   0.021  237
   249.16   0.020  238
   266.80   0.021  239
   301.52   0.020  240
   337.68   0.021  241
   662.56   0.020  242
   663.12   0.021  243
   540.20   0.020  244
   599.28   0.021  245
   500.86   0.020  246
   487.09   0.021  247
   411.70   0.020  248
   396.27   0.021  249
   334.77   0.020  250
   268.51   0.021  251
   264.73   0.020  252
   245.61   0.021  253
   300.06   0.020  254
   408.59   0.020  255
   449.19   0.021    0
   453.36   0.020    1
   501.11   0.021    2
   639.45   0.020    3
   720.46   0.021    4
   596.30   0.020    5
   647.68   0.021    6
   594.77   0.020    7
   504.35   0.021    8
   553.84   0.020    9
   371.70   0.021   10
   479.62   0.020   11
   780.39   0.021   12
   808.06   0.020   13
   352.88   0.021   14
   375.82   0.020   15
   389.59   0.021   16
   282.67   0.020   17
   267.39   0.020   19
   262.05   0.021   20
   263.94   0.020   21
   236.34   0.021   22
   246.92   0.020   23
   251.88   0.020   24
   248.65   0.020   26
   259.25   0.021   27
   252.74   0.020   28
   247.44   0.021   29
   256.25   0.020   30
   254.52   0.021   31
   246.90   0.021   33
   252.24   0.020   34
   259.24   0.021   35
   257.89   0.020   36
   272.24   0.021   37
   318.64   0.020   38
   549.86   0.020   40
   684.30   0.021   41
   575.39   0.020   42
   581.31   0.021   43
   474.53   0.020   44
   462.01   0.021   45
   480.13   0.020   46
   410.26   0.021   47
   345.61   0.020   48
   319.24   0.020   49
   308.39   0.021   50
   322.16   0.020   51
   337.01   0.021   52
   451.12   0.021   54
   569.92   0.020   55
   601.84   0.021   56
   677.17   0.020   57
   643.51   0.021   58
   551.54   0.020   59
   550.17   0.020   61
   514.06   0.021   62
   577.82   0.020   63
   788.50   0.021   64
   771.69   0.020   65
   843.19   0.021   66
   447.76   0.021   68
   324.54   0.020   69
   274.51   0.021   70
   281.72   0.020   71
   257.42   0.021   72
   260.14   0.020   73
   252.14   0.021   75
   249.57   0.020   76
   250.86   0.021   77
   242.06   0.020   78
   254.62   0.021   79
   253.93   0.020   80
   254.06   0.020   82
   250.01   0.021   83
   253.88   0.020   84
   248.30   0.021   85
   250.07   0.020   86
   256.43   0.021   87
   251.49   0.021   89
   263.70   0.020   90
   281.29   0.021   91
   350.91   0.020   92
   391.95   0.021   93
   691.74   0.020   94
   641.45   0.020   96
   577.12   0.021   97
   594.20   0.020   98
   422.32   0.020   99
   345.01   0.021  100
   323.91   0.020  101
   301.21   0.020  103
   278.02   0.021  104
   378.05   0.020  105
   466.25   0.021  106
   438.71   0.020  107
   432.20   0.021  108
   579.31   0.021  110
   706.95   0.020  111
   624.00   0.021  112
   598.35   0.020  113
   677.95   0.021  114
   546.46   0.020  115
   381.88   0.020  117
   707.21   0.021  118
   778.32   0.020  119
   604.73   0.021  120
   582.04   0.020  121
   348.42   0.021  122
   297.29   0.020  124
   268.73   0.021  125
   251.22   0.020  126
   261.52   0.021  127
   259.24   0.020  128
   258.94   0.021  129
   245.49   0.021  131
   252.65   0.020  132
   252.94   0.021  133
   254.93   0.020  134
   255.21   0.021  135
   255.35   0.020  136
   243.14   0.020  138
   247.92   0.021  139
   258.10   0.020  140
   256.57   0.021  141
   253.80   0.020  142
   258.69   0.021  143
   291.32   0.021  145
   337.89   0.020  146
   401.29   0.021  147
   556.39   0.020  148
   578.16   0.020  149
   523.71   0.021  150
   568.68   0.021  152
   381.63   0.020  153
   328.70   0.021  154
   281.09   0.020  155
   295.06   0.021  156
   279.17   0.020  157
   377.96   0.020  159
   410.84   0.021  160
   368.18   0.020  161
   424.83   0.021  162
   501.09   0.020  163
   586.29   0.021  164
   606.96   0.021  166
   562.45   0.020  167
   615.22   0.021  168
   527.69   0.020  169
   520.12   0.021  170
   382.41   0.020  171
   890.48   0.020  173
   722.25   0.020  174
   226.65   0.021  175
   301.81   0.020  176
   418.44   0.021  177
   304.95   0.020  178
   265.46   0.020  180
   256.13   0.021  181
   253.64   0.020  182
   256.97   0.021  183
   252.96   0.020  184
   252.59   0.021  185
   257.43   0.021  187
   255.47   0.020  188
   252.34   0.021  189
   253.67   0.020  190
   251.33   0.021  191
   249.03   0.020  192
   247.53   0.020  194
   252.59   0.021  195
   252.75   0.020  196
   259.79   0.021  197
   288.49   0.020  198
   358.51   0.020  199
   586.23   0.020  201
   612.48   0.021  202
   589.51   0.020  203
   536.23   0.021  204
   462.16   0.020  205
   415.42   0.021  206
   362.69   0.021  208
   309.97   0.020  209
   282.13   0.021  210
   305.45   0.020  211
   350.49   0.021  212
   340.70   0.020  213
   491.39   0.020  215
   553.08   0.021  216
   588.18   0.020  217
   631.41   0.021  218
   663.16   0.020  219
   566.74   0.021  220
   538.73   0.021  222
   544.18   0.020  223
   687.39   0.020  224
   677.09   0.021  225
   754.48   0.020  226
   752.16   0.021  227
   193.31   0.020  228
   416.18   0.021  229
   365.69   0.020  230
   309.30   0.021  231
   285.04   0.020  232
   260.93   0.021  233
   255.34   0.020  234
   254.47   0.020  236
   254.18   0.021  237
   255.28   0.020  238
   254.45   0.021  239
   251.72   0.020  240
   255.15   0.021  241
   252.75   0.020  242
   253.90   0.021  243
   248.80   0.020  244
   252.72   0.021  245
   250.55   0.020  246
   248.05   0.021  247
   256.13   0.020  248
   250.43   0.021  250
   256.02   0.020  251
   263.88   0.021  252
   308.87   0.020  253
   340.35   0.021  254
   545.06   0.020  255
   596.78   0.021    0
   582.65   0.020    1
   675.11   0.021    2
   602.22   0.020    3
   385.85   0.021    4
   280.35   0.020    5
   268.20   0.021    6
   262.81   0.020    7
   297.54   0.021    8
   405.78   0.020    9
   423.93   0.021   10
   349.21   0.020   11
   320.49   0.021   12
   385.73   0.020   13
   586.94   0.021   14
   634.93   0.020   15
   678.33   0.021   16
   619.85   0.020   17
   615.06   0.020   18
   603.14   0.021   19
   507.60   0.020   20
   488.59   0.021   21
   485.37   0.020   22
   747.65   0.021   23
   753.84   0.020   24
   583.23   0.021   25
   344.77   0.020   26
   431.09   0.021   27
   411.73   0.020   28
   309.94   0.021   29
   280.88   0.020   30
   264.45   0.021   31
   266.53   0.020   32
   261.12   0.021   33
   254.96   0.020   34
   248.55   0.021   35
   258.75   0.020   36
   257.53   0.021   37
   255.75   0.020   38
   255.56   0.021   39
   256.57   0.020   40
   256.92   0.021   41
   254.00   0.020   42
   234.68   0.020   43
   245.94   0.021   44
   257.14   0.020   45
   254.72   0.021   46
   253.71   0.020   47
   251.72   0.021   48
   263.50   0.020   49
   299.49   0.021   50
   332.78   0.020   51
   558.33   0.021   52
   610.43   0.020   53
   634.60   0.021   54
   473.22   0.020   55
   480.68   0.021   56
   485.10   0.020   57
   440.50   0.021   58
   376.88   0.020   59
   306.73   0.021   60
   289.75   0.020   61
   298.34   0.021   62
   308.29   0.020   63
   277.64   0.021   64
   326.20   0.020   65
   423.93   0.021   66
   510.55   0.020   67
   567.82   0.020   68
   584.87   0.021   69
   614.05   0.020   70
   589.77   0.021   71
   601.88   0.020   72
   631.09   0.021   73
   518.81   0.020   74
   593.37   0.021   75
   679.12   0.020   76
   720.27   0.021   77
   764.14   0.020   78
   793.04   0.021   79
   351.75   0.020   80
   480.37   0.021   81
   379.08   0.020   82
   279.19   0.021   83
   277.93   0.020   84
   257.63   0.021   85
   258.49   0.020   86
   258.35   0.021   87
   253.90   0.020   88
   246.69   0.021   89
   250.85   0.020   90
   253.79   0.021   91
   252.89   0.020   92
   255.04   0.020   93
   252.43   0.021   94
   250.10   0.020   95
   248.11   0.021   96
   251.42   0.020   97
   251.81   0.021   98
   246.96   0.020   99
   250.63   0.021  100
   252.57   0.020  101
   261.39   0.021  102
   269.52   0.020  103
   298.41   0.021  104
   469.49   0.020  105
   563.00   0.021  106
   692.24   0.020  107
   552.53   0.021  108
   668.75   0.020  109
   637.62   0.021  110
   440.05   0.020  111
   339.24   0.021  112
   289.56   0.020  113
   281.30   0.021  114
   296.86   0.020  115
   278.18   0.021  116
   301.21   0.020  117
   376.62   0.020  118
   502.22   0.021  119
   546.98   0.020  120
   555.59   0.021  121
   577.12   0.020  122
   621.31   0.021  123
   663.28   0.020  124
   582.27   0.021  125
   604.24   0.020  126
   531.26   0.021  127
   512.82   0.020  128
   501.29   0.021  129
   320.58   0.020  130
   764.13   0.021  131
   563.96   0.020  132
   775.74   0.021  133
   347.50   0.020  134
   337.81   0.021  135
   313.73   0.020  136
   286.03   0.021  137
   273.85   0.020  138
   262.01   0.021  139
   256.64   0.020  140
   258.72   0.021  141
   258.57   0.020  142
   241.14   0.020  143
   253.43   0.021  144
   254.80   0.020  145
   256.76   0.021  146
   254.35   0.020  147
   254.18   0.021  148
   248.64   0.020  149
   253.08   0.021  150
   249.34   0.020  151
   245.05   0.021  152
   257.63   0.020  153
   262.72   0.021  154
   258.80   0.020  155
   294.68   0.021  156
   315.59   0.020  157
   424.05   0.021  158
   593.74   0.020  159
   584.94   0.021  160
   600.82   0.020  161
   715.20   0.021  162
   558.62   0.020  163
   375.10   0.021  164
   320.94   0.020  165
   272.17   0.021  166
   236.57   0.020  167
   226.44   0.020  168
   324.86   0.021  169
   409.11   0.020  170
   381.69   0.021  171
   375.57   0.020  172
   400.01   0.021  173
   444.93   0.020  174
   602.35   0.021  175
   629.65   0.020  176
   675.76   0.021  177
   590.42   0.020  178
   601.05   0.021  179
   577.96   0.020  180
   583.16   0.021  181
   527.84   0.020  182
   742.40   0.021  183
   756.05   0.020  184
   679.19   0.021  185
   325.99   0.020  186
   408.20   0.021  187
   364.02   0.020  188
   298.25   0.021  189
   270.67   0.020  190
   267.25   0.021  191
   261.15   0.020  192
   260.26   0.020  193
   249.11   0.021  194
   249.87   0.020  195
   250.42   0.021  196
   255.26   0.020  197
   252.73   0.021  198
   256.93   0.020  199
   256.35   0.021  200
   252.75   0.020  201
   251.78   0.021  202
   250.55   0.020  203
   251.88   0.021  204
   246.39   0.020  205
   249.44   0.021  206
   251.59   0.020  207
   256.88   0.021  208
   264.00   0.020  209
   294.26   0.021  210
   284.70   0.020  211
   467.53   0.021  212
   588.09   0.020  213
   676.71   0.021  214
   557.36   0.020  215
   701.32   0.021  216
   645.89   0.020  217
   447.56   0.020  218
   360.98   0.021  219
   323.86   0.020  220
   293.77   0.021  221
   279.67   0.020  222
   322.23   0.021  223
   363.61   0.020  224
   333.73   0.021  225
   396.01   0.020  226
   521.87   0.021  227
   559.82   0.020  228
   617.14   0.021  229
   725.57   0.020  230
   588.93   0.021  231
   624.80   0.020  232
   689.18   0.021  233
   510.07   0.020  234
   525.73   0.021  235
   327.07   0.020  236
   570.95   0.021  237
   892.14   0.020  238
   886.11   0.021  239
   450.29   0.020  240
   385.28   0.021  241
   334.10   0.020  242
   330.24   0.020  243
   279.01   0.021  244
   270.12   0.020  245
   262.41   0.021  246
   257.08   0.020  247
   255.91   0.021  248
   248.86   0.020  249
   246.75   0.021  250
   250.58   0.020  251
   254.78   0.021  252
   254.61   0.020  253
   255.04   0.021  254
   248.19   0.020  255
   250.39   0.021    0
   252.05   0.020    1
   253.24   0.021    2
   246.39   0.020    3
   253.68   0.021    4
   245.45   0.020    5
   253.73   0.021    6
   261.14   0.020    7
   293.71   0.021    8
   362.22   0.020    9
   585.16   0.021   10
   593.79   0.020   11
   593.10   0.020   12
   643.38   0.021   13
   572.72   0.020   14
   420.19   0.021   15
   313.11   0.020   16
   277.63   0.021   17
   252.40   0.020   18
   257.82   0.021   19
   304.24   0.020   20
   374.09   0.021   21
   357.89   0.020   22
   340.22   0.021   23
   356.28   0.020   24
   541.64   0.021   25
   636.62   0.020   26
   704.86   0.021   27
   640.23   0.020   28
   586.06   0.021   29
   638.35   0.020   30
   587.29   0.021   31
   547.31   0.020   32
   615.81   0.021   33
   687.85   0.020   34
   798.39   0.021   35
   797.85   0.020   36
   466.95   0.020   37
   518.31   0.021   38
   354.67   0.020   39
   270.73   0.021   40
   255.71   0.020   41
   257.05   0.021   42
   252.68   0.020   43
   253.90   0.021   44
   257.15   0.020   45
   242.60   0.021   46
   253.59   0.020   47
   252.47   0.021   48
   243.24   0.020   49
   250.75   0.021   50
   255.69   0.020   51
   251.19   0.021   52
   249.32   0.020   53
   254.33   0.021   54
   250.97   0.020   55
   254.38   0.021   56
   242.78   0.020   57
   253.16   0.021   58
   276.89   0.020   59
   312.91   0.021   60
   321.78   0.020   61
   566.53   0.020   62
   744.94   0.021   63
   557.86   0.020   64
   687.37   0.021   65
   511.63   0.020   66
   500.58   0.021   67
   413.54   0.020   68
   417.59   0.021   69
   418.49   0.020   70
   365.19   0.021   71
   275.81   0.020   72
   301.92   0.021   73
   320.78   0.020   74
   431.37   0.021   75
   446.37   0.020   76
   503.79   0.021   77
   583.07   0.020   78
   633.53   0.021   79
   708.69   0.020   80
   587.77   0.021   81
   639.96   0.020   82
   572.38   0.021   83
   504.12   0.020   84
   332.35   0.021   85
   595.84   0.020   86
   888.29   0.020   87
   767.22   0.021   88
   295.58   0.020   89
   529.56   0.021   90
   371.16   0.020   91
   271.64   0.021   92
   264.79   0.020   93
   253.71   0.021   94
   260.05   0.020   95
   259.63   0.021   96
   256.63   0.020   97
   253.18   0.021   98
   254.91   0.020   99
   255.70   0.021  100
   254.97   0.020  101
   250.73   0.021  102
   251.93   0.020  103
   252.92   0.021  104
   252.23   0.020  105
   248.45   0.021  106
   249.77   0.020  107
   249.51   0.021  108
   250.78   0.020  109
   256.70   0.021  110
   253.06   0.020  111
   263.56   0.020  112
   306.72   0.021  113
   292.55   0.020  114
   556.42   0.021  115
   539.12   0.020  116
   567.77   0.021  117
   496.70   0.020  118
   535.85   0.021  119
   504.86   0.020  120
   426.77   0.021  121
   395.74   0.020  122
   357.05   0.021  123
   321.91   0.020  124
   329.81   0.021  125
   302.96   0.020  126
   272.26   0.021  127
   376.08   0.020  128
   451.91   0.021  129
   456.25   0.020  130
   554.62   0.021  131
   588.87   0.020  132
   638.79   0.021  133
   644.95   0.020  134
   577.23   0.021  135
   611.51   0.020  136
   522.72   0.020  137
   538.74   0.021  138
   523.37   0.020  139
   737.68   0.021  140
   776.89   0.020  141
   807.64   0.021  142
   437.79   0.020  143
   407.60   0.021  144
   358.40   0.020  145
   284.64   0.021  146
   276.28   0.020  147
   261.77   0.021  148
   268.88   0.020  149
   259.93   0.021  150
   252.86   0.020  151
   250.17   0.021  152
   258.13   0.020  153
   255.60   0.021  154
   251.64   0.020  155
   245.76   0.021  156
   251.12   0.020  157
   252.19   0.021  158
   245.56   0.020  159
   254.42   0.021  160
   253.43   0.020  161
   257.85   0.020  162
   250.38   0.021  163
   251.23   0.020  164
   270.71   0.021  165
   332.30   0.020  166
   394.10   0.021  167
   565.17   0.020  168
   732.29   0.021  169
   587.38   0.020  170
   706.26   0.021  171
   623.57   0.020  172
   435.47   0.021  173
   346.16   0.020  174
   297.72   0.021  175
   282.38   0.020  176
   312.83   0.021  177
   325.06   0.020  178
   349.90   0.021  179
   358.36   0.020  180
   417.10   0.021  181
   488.10   0.020  182
   575.83   0.021  183
   620.16   0.020  184
   689.50   0.021  185
   621.55   0.020  186
   596.57   0.020  187
   616.82   0.021  188
   509.07   0.020  189
   595.10   0.021  190
   266.71   0.020  191
   545.04   0.021  192
   777.48   0.020  193
   813.61   0.021  194
   581.21   0.020  195
   416.43   0.021  196
   325.90   0.020  197
   276.01   0.021  198
   274.10   0.020  199
   267.23   0.021  200
   262.30   0.020  201
   246.63   0.021  202
   254.49   0.020  203
   254.96   0.021  204
   259.49   0.020  205
   237.20   0.021  206
   256.74   0.020  207
   250.26   0.021  208
   249.77   0.020  209
   252.54   0.021  210
   256.18   0.020  211
   252.19   0.020  212
   257.18   0.021  213
   245.74   0.020  214
   253.69   0.021  215
   255.03   0.020  216
   269.00   0.021  217
   309.80   0.020  218
   321.01   0.021  219
   480.52   0.020  220
   619.50   0.021  221
   606.87   0.020  222
   447.64   0.021  223
   530.96   0.020  224
   509.89   0.021  225
   434.06   0.020  226
   406.64   0.021  227
   372.07   0.020  228
   297.48   0.021  229
   261.07   0.020  230
   231.35   0.021  231
   249.66   0.020  232
   400.54   0.021  233
   527.86   0.020  234
   556.60   0.021  235
   561.62   0.020  236
   503.08   0.020  237
   548.84   0.021  238
   642.99   0.020  239
   603.41   0.021  240
   597.01   0.020  241
   508.64   0.021  242
   596.36   0.020  243
   610.22   0.021  244
   760.07   0.020  245
   752.74   0.021  246
   810.96   0.020  247
   579.69   0.021  248
   458.70   0.020  249
   353.64   0.021  250
   275.49   0.020  251
   276.38   0.021  252
   259.00   0.020  253
   256.12   0.021  254
   263.04   0.020  255
   248.30   0.021    0
   247.45   0.020    1
   256.80   0.021    2
   251.04   0.020    3
   255.12   0.021    4
   254.75   0.020    5
   255.13   0.020    6
   254.89   0.021    7
   252.46   0.020    8
   246.20   0.021    9
   246.56   0.020   10
   253.40   0.021   11
   256.44   0.020   12
   257.01   0.021   13
   258.96   0.020   14
   274.04   0.021   15
   326.28   0.020   16
   364.11   0.021   17
   568.75   0.020   18
   596.93   0.021   19
   604.84   0.020   20
   569.55   0.021   21
   571.30   0.020   22
   499.45   0.021   23
   378.00   0.020   24
   357.26   0.021   25
   320.27   0.020   26
   291.44   0.021   27
   275.75   0.020   28
   294.69   0.021   29
   373.81   0.020   30
   426.88   0.020   31
   459.97   0.021   32
   522.40   0.020   33
   602.70   0.021   34
   670.43   0.020   35
   738.12   0.021   36
   581.84   0.020   37
   557.66   0.020   39
   537.97   0.021   40
   627.04   0.020   41
   628.70   0.021   42
   512.44   0.020   43
   593.55   0.021   44
   292.07   0.021   46
   270.33   0.020   47
   247.77   0.021   48
   258.01   0.020   49
   256.06   0.021   50
   252.32   0.020   51
   254.28   0.021   52
   251.36   0.020   53
   256.11   0.021   54
   258.46   0.020   55
   254.82   0.020   56
   246.57   0.021   57
   251.80   0.020   58
   252.79   0.021   59
   252.55   0.020   60
   254.81   0.021   61
   252.85   0.020   62
   252.19   0.021   63
   257.08   0.020   64
   257.82   0.021   65
   263.67   0.021   67
   301.38   0.020   68
   343.48   0.021   69
   678.20   0.020   70
   607.18   0.021   71
   738.17   0.020   72
   515.36   0.020   74
   542.22   0.021   75
   407.26   0.020   76
   316.94   0.021   77
   302.30   0.020   78
   338.05   0.021   79
   363.22   0.020   81
   397.14   0.021   82
   398.28   0.020   83
   539.06   0.021   84
   571.48   0.020   85
   594.37   0.021   86
   680.38   0.021   88
   578.77   0.020   89
   639.20   0.021   90
   508.12   0.020   91
   536.71   0.021   92
   304.79   0.020   93
   814.19   0.020   95
   548.71   0.021   96
   660.51   0.020   97
   498.31   0.021   98
   488.72   0.020   99
   283.79   0.021  100
   270.00   0.021  102
   260.54   0.020  103
   260.37   0.021  104
   258.23   0.020  105
   247.49   0.020  106
   249.62   0.021  107
   245.56   0.021  109
   252.72   0.020  110
   254.03   0.021  111
   254.57   0.020  112
   253.87   0.021  113
   248.20   0.020  114
   251.65   0.020  116
   245.34   0.021  117
   250.38   0.020  118
   258.92   0.021  119
   270.95   0.020  120
   300.91   0.021  121
   600.21   0.021  123
   540.06   0.020  124
   578.70   0.021  125
   614.40   0.020  126
   656.21   0.021  127
   692.16   0.020  128
   360.57   0.020  130
   324.57   0.020  131
   287.81   0.021  132
   363.13   0.020  133
   381.90   0.021  134
   336.24   0.020  135
   400.42   0.020  137
   557.14   0.021  138
   593.12   0.020  139
   649.87   0.021  140
   712.05   0.020  141
   578.80   0.021  142
   626.97   0.021  144
   587.98   0.020  145
   561.34   0.021  146
   644.46   0.020  147
   689.44   0.021  148
   619.73   0.020  149
   327.15   0.020  151
   397.26   0.021  152
   350.95   0.020  153
   295.44   0.021  154
   275.21   0.020  155
   264.76   0.020  156
   260.29   0.020  158
   253.41   0.021  159
   246.77   0.020  160
   251.99   0.021  161
   252.40   0.020  162
   254.58   0.021  163
   249.90   0.021  165
   245.19   0.020  166
   251.71   0.021  167
   249.96   0.020  168
   244.81   0.021  169
   255.81   0.020  170
   263.32   0.020  172
   312.94   0.021  173
   324.49   0.020  174
   449.11   0.021  175
   531.35   0.020  176
   669.53   0.021  177
   635.62   0.021  179
   428.98   0.020  180
   338.86   0.020  181
   280.90   0.021  182
   265.03   0.020  183
   255.64   0.021  184
   335.60   0.021  186
   367.59   0.020  187
   389.94   0.021  188
   469.19   0.020  189
   464.72   0.021  190
   458.87   0.020  191
   667.40   0.020  193
   643.28   0.021  194
   631.21   0.020  195
   656.50   0.021  196
   506.49   0.020  197
   542.25   0.021  198
   729.14   0.021  200
   897.69   0.020  201
   583.42   0.021  202
   724.79   0.020  203
   620.20   0.021  204
   369.54   0.020  205
   284.61   0.020  206
   279.73   0.021  207
   273.23   0.020  208
   257.45   0.021  209
   260.31   0.020  210
   247.41   0.021  211
   252.67   0.020  212
   246.38   0.021  213
   252.65   0.020  214
   255.00   0.021  215
   253.12   0.020  216
   252.48   0.021  217
   247.09   0.020  218
   260.70   0.021  219
   260.53   0.020  220
   241.97   0.021  221
   251.14   0.020  222
   276.50   0.021  223
   329.48   0.020  224
   318.98   0.021  225
   590.73   0.020  226
   551.53   0.020  228
   467.94   0.021  229
   442.41   0.020  230
   458.62   0.020  231
   440.36   0.021  232
   325.65   0.020  233
   355.54   0.020  235
   351.12   0.021  236
   314.68   0.020  237
   290.17   0.021  238
   356.17   0.020  239
   416.31   0.021  240
   495.65   0.020  241
   557.82   0.021  242
   572.39   0.020  243
   588.90   0.021  244
   619.70   0.020  245
   625.65   0.021  246
   592.58   0.020  247
   502.32   0.020  249
   712.45   0.021  250
   863.43   0.020  251
   653.03   0.021  252
   628.14   0.020  253
   533.02   0.021  254
   428.26   0.020  255
   282.94   0.020    0
   304.45   0.021    1
   275.44   0.020    2
   266.28   0.021    3
   261.66   0.020    4
   257.30   0.021    5
   252.61   0.021    7
   251.73   0.020    8
   248.98   0.021    9
   251.37   0.020   10
   250.66   0.021   11
   249.96   0.020   12
   247.69   0.021   13
   250.78   0.020   14
   250.64   0.021   15
   258.71   0.020   16
   235.12   0.021   17
   248.60   0.020   18
   256.03   0.021   19
   266.35   0.020   20
   302.69   0.021   21
   298.01   0.020   22
   543.19   0.021   23
   585.68   0.020   24
   598.20   0.020   25
   527.44   0.021   26
   683.80   0.020   27
   585.76   0.021   28
   399.04   0.020   29
   316.30   0.021   30
   243.53   0.020   31
   238.87   0.021   32
   319.63   0.020   33
   330.48   0.021   34
   347.61   0.020   35
   438.45   0.021   36
   566.47   0.020   37
   569.54   0.021   38
   564.57   0.020   39
   581.27   0.021   40
   606.35   0.020   41
   579.89   0.021   42
   628.22   0.020   43
   575.39   0.021   44
   512.33   0.020   45
   241.15   0.021   46
   583.50   0.020   47
   785.49   0.021   48
   606.62   0.020   49
   564.78   0.020   50
   430.29   0.021   51
   321.64   0.020   52
   292.32   0.021   53
   262.28   0.020   54
   258.33   0.021   55
   266.93   0.020   56
   254.81   0.021   57
   242.20   0.020   58
   247.11   0.021   59
   257.23   0.020   60
   259.69   0.021   61
   253.42   0.020   62
   249.33   0.021   63
   248.84   0.020   64
   248.36   0.021   65
   251.24   0.020   66
   244.84   0.021   67
   252.63   0.020   68
   251.28   0.021   69
   253.78   0.020   70
   256.41   0.021   71
   270.22   0.020   72
   286.59   0.021   73
   308.61   0.020   74
   469.59   0.020   75
   545.24   0.021   76
   623.72   0.020   77
   626.64   0.021   78
   673.70   0.020   79
   613.68   0.021   80
   455.44   0.020   81
   352.82   0.021   82
   322.29   0.020   83
   317.82   0.021   84
   327.61   0.020   85
   312.68   0.021   86
   338.99   0.020   87
   386.12   0.021   88
   513.04   0.020   89
   540.55   0.021   90
   572.79   0.020   91
   613.21   0.021   92
   700.67   0.020   93
   612.43   0.021   94
   624.95   0.020   95
   604.79   0.021   96
   514.18   0.020   97
   527.29   0.021   98
   529.92   0.020   99
   897.69   0.020  100
   610.02   0.021  101
   394.19   0.020  102
   449.45   0.021  103
   412.12   0.020  104
   276.33   0.021  105
   272.59   0.020  106
   273.59   0.021  107
   268.71   0.020  108
   260.71   0.021  109
   251.48   0.020  110
   254.45   0.021  111
   249.91   0.020  112
   256.04   0.021  113
   255.13   0.020  114
   246.17   0.021  115
   245.58   0.020  116
   242.17   0.021  117
   241.09   0.020  118
   249.47   0.021  119
   249.31   0.020  120
   264.34   0.021  121
   250.66   0.020  122
   270.10   0.021  123
   259.67   0.020  124
   261.49   0.020  125
   279.17   0.021  126
   279.80   0.020  127
   432.85   0.021  128
   577.70   0.020  129
   387.34   0.021  130
   686.10   0.020  131
   541.98   0.021  132
   646.02   0.020  133
   491.01   0.021  134
   358.86   0.020  135
   251.47   0.021  136
   234.77   0.020  137
   265.91   0.021  138
   271.99   0.020  139
   308.36   0.021  140
   353.27   0.020  141
   385.67   0.021  142
   416.87   0.020  143
   491.61   0.021  144
   579.52   0.020  145
   650.04   0.021  146
   708.88   0.020  147
   590.44   0.021  148
   724.17   0.020  149
   583.19   0.020  150
   553.89   0.021  151
   463.30   0.020  152
   803.71   0.021  153
   762.15   0.020  154
   854.18   0.021  155
   468.23   0.020  156
   359.03   0.021  157
   292.84   0.020  158
   287.32   0.021  159
   258.35   0.020  160
   268.20   0.021  161
   260.05   0.020  162
   262.47   0.021  163
   252.77   0.020  164
   244.64   0.021  165
   250.91   0.020  166
   252.78   0.021  167
   253.10   0.020  168
   258.57   0.021  169
   252.11   0.020  170
   250.93   0.021  171
   253.33   0.020  172
   254.35   0.021  173
   244.70   0.020  174
   251.02   0.020  175
   247.84   0.021  176
   261.17   0.020  177
   298.21   0.021  178
   320.55   0.020  179
   408.63   0.021  180
   551.58   0.020  181
   617.91   0.021  182
   659.37   0.020  183
   556.36   0.021  184
   440.05   0.020  185
   400.13   0.021  186
   416.86   0.020  187
   376.93   0.021  188
   326.07   0.020  189
   306.60   0.021  190
   282.46   0.020  191
   276.82   0.021  192
   385.40   0.020  193
   492.95   0.021  194
   511.77   0.020  195
   600.25   0.021  196
   712.18   0.020  197
   658.39   0.021  198
   569.60   0.020  199
   625.79   0.020  200
   543.14   0.021  201
   609.68   0.020  202
   599.62   0.021  203
   737.38   0.020  204
   750.28   0.021  205
   670.39   0.020  206
   389.65   0.021  207
   372.95   0.020  208
   299.57   0.021  209
   379.34   0.020  210
   284.02   0.021  211
   266.57   0.020  212
   256.96   0.021  213
   257.76   0.020  214
   253.69   0.021  215
   256.69   0.020  216
   253.95   0.021  217
   245.81   0.020  218
   256.51   0.021  219
   255.90   0.020  220
   260.48   0.021  221
   251.94   0.020  222
   239.86   0.021  223
   251.86   0.020  224
   256.72   0.020  225
   255.24   0.021  226
   257.51   0.020  227
   260.41   0.021  228
   265.95   0.020  229
   327.77   0.021  230
   366.42   0.020  231
   594.28   0.021  232
   551.37   0.020  233
   572.23   0.021  234
   643.79   0.020  235
   609.40   0.021  236
   510.57   0.020  237
   375.42   0.021  238
   329.29   0.020  239
   331.75   0.021  240
   357.08   0.020  241
   329.77   0.021  242
   317.14   0.020  243
   332.16   0.021  244
   453.75   0.020  245
   485.55   0.021  246
   549.71   0.020  247
   597.64   0.021  248
   627.06   0.020  249
   647.00   0.020  250
   592.21   0.021  251
   597.42   0.020  252
   540.25   0.021  253
   560.03   0.020  254
   601.40   0.021  255
   744.26   0.020    0
   670.01   0.021    1
   543.03   0.020    2
   544.05   0.021    3
   394.32   0.020    4
   281.74   0.021    5
   285.21   0.020    6
   261.87   0.021    7
   263.35   0.020    8
   262.66   0.021    9
   258.30   0.020   10
   249.34   0.021   11
   253.79   0.020   12
   253.21   0.021   13
   254.15   0.020   14
   256.29   0.021   15
   254.36   0.020   16
   251.21   0.021   17
   252.94   0.020   18
   249.18   0.020   19
   248.65   0.021   20
   248.68   0.020   21
   250.37   0.021   22
   258.40   0.020   23
   256.63   0.021   24
   276.35   0.020   25
   348.53   0.021   26
   383.73   0.020   27
   658.59   0.021   28
   416.53   0.020   29
   553.49   0.021   30
   633.96   0.020   31
   596.31   0.021   32
   564.63   0.020   33
   448.06   0.021   34
   378.32   0.020   35
   342.63   0.021   36
   334.22   0.020   37
   353.38   0.021   38
   386.40   0.020   39
   357.85   0.021   40
   357.62   0.020   41
   510.92   0.021   42
   564.07   0.020   43
   620.96   0.020   44
   743.72   0.021   45
   564.15   0.020   46
   590.69   0.021   47
   635.75   0.020   48
   571.41   0.021   49
   680.59   0.020   50
   630.88   0.021   51
   747.32   0.020   52
   849.63   0.021   53
   340.67   0.020   54
   546.04   0.021   55
   324.83   0.020   56
   261.77   0.021   57
   279.80   0.020   58
   259.32   0.021   59
   259.93   0.020   60
   259.78   0.021   61
   253.40   0.020   62
   247.52   0.021   63
   255.04   0.020   64
   253.60   0.021   65
   251.29   0.020   66
   254.61   0.021   67
   255.30   0.020   68
   253.99   0.020   69
   243.18   0.021   70
   247.34   0.020   71
   245.63   0.021   72
   250.66   0.020   73
   258.39   0.021   74
   259.34   0.020   75
   267.52   0.021   76
   290.92   0.020   77
   315.83   0.021   78
   512.21   0.020   79
   548.08   0.021   80
   610.54   0.020   81
   668.20   0.021   82
   633.83   0.020   83
   571.39   0.021   84
   476.68   0.020   85
   315.56   0.021   86
   300.38   0.020   87
   346.56   0.021   88
   383.35   0.020   89
   427.11   0.021   90
   388.62   0.020   91
   399.39   0.021   92
   391.48   0.020   93
   483.05   0.020   94
   566.71   0.021   95
   610.31   0.020   96
   615.05   0.021   97
   621.06   0.020   98
   592.85   0.021   99
   610.62   0.020  100
   524.97   0.021  101
   520.76   0.020  102
   561.85   0.021  103
   662.27   0.020  104
   788.17   0.021  105
   821.11   0.020  106
   298.93   0.021  107
   430.02   0.020  108
   449.94   0.021  109
   286.71   0.020  110
   283.99   0.021  111
   258.63   0.020  112
   262.86   0.021  113
   267.52   0.020  114
   257.63   0.021  115
   249.42   0.020  116
   251.97   0.021  117
   253.01   0.020  118
   253.30   0.020  119
   257.19   0.021  120
   253.39   0.020  121
   254.59   0.021  122
   252.51   0.020  123
   246.61   0.021  124
   246.85   0.020  125
   253.86   0.021  126
   258.54   0.020  127
   253.92   0.021  128
   249.27   0.020  129
   255.33   0.021  130
   281.16   0.020  131
   318.77   0.021  132
   406.56   0.020  133
   744.94   0.021  134
   750.04   0.020  135
   355.68   0.021  136
   523.87   0.020  137
   572.59   0.021  138
   584.43   0.020  139
   458.86   0.021  140
   410.71   0.020  141
   368.59   0.021  142
   311.59   0.020  143
   293.28   0.020  144
   325.39   0.021  145
   299.78   0.020  146
   351.64   0.021  147
   429.02   0.020  148
   579.36   0.021  149
   602.01   0.020  150
   699.75   0.021  151
   659.80   0.020  152
   581.62   0.021  153
   657.42   0.020  154
   521.50   0.021  155
   548.76   0.020  156
   622.92   0.021  157
   744.80   0.020  158
   728.07   0.021  159
   730.74   0.020  160
   568.78   0.021  161
   492.56   0.020  162
   304.38   0.021  163
   271.87   0.020  164
   269.93   0.021  165
   258.39   0.020  166
   260.52   0.021  167
   260.35   0.020  168
   255.94   0.020  169
   247.50   0.021  170
   251.04   0.020  171
   253.84   0.021  172
   255.66   0.020  173
   256.81   0.021  174
   249.56   0.020  175
   251.04   0.021  176
   250.01   0.020  177
   251.54   0.021  178
   245.57   0.020  179
   255.90   0.021  180
   251.79   0.020  181
   263.43   0.021  182
   273.15   0.020  183
   341.94   0.021  184
   362.98   0.020  185
   554.80   0.021  186
   544.47   0.020  187
   537.77   0.021  188
   524.92   0.020  189
   386.49   0.021  190
   434.90   0.020  191
   436.56   0.021  192
   363.53   0.020  193
   298.54   0.020  194
   315.77   0.021  195
   332.04   0.020  196
   304.49   0.021  197
   345.35   0.020  198
   482.67   0.021  199
   555.82   0.020  200
   597.17   0.021  201
   604.81   0.020  202
   615.83   0.021  203
   603.66   0.020  204
   653.81   0.021  205
   571.75   0.020  206
   554.41   0.021  207
   714.84   0.020  208
   739.87   0.021  209
   630.15   0.020  210
   600.65   0.021  211
   479.84   0.020  212
   448.95   0.021  213
   338.57   0.020  214
   293.14   0.021  215
   273.68   0.020  216
   267.25   0.021  217
   257.91   0.020  218
   244.84   0.020  219
   252.38   0.021  220
   252.86   0.020  221
   258.17   0.021  222
   257.99   0.020  223
   253.57   0.021  224
   254.61   0.020  225
   255.28   0.021  226
   247.27   0.020  227
   249.22   0.021  228
   256.29   0.020  229
   252.52   0.021  230
   255.26   0.020  231
   245.00   0.021  232
   253.86   0.020  233
   255.51   0.021  234
   273.66   0.020  235
   331.22   0.021  236
   353.24   0.020  237
   553.02   0.021  238
   630.11   0.020  239
   600.43   0.021  240
   513.83   0.020  241
   544.33   0.021  242
   472.90   0.020  243
   367.70   0.020  244
   301.72   0.021  245
   287.52   0.020  246
   304.13   0.021  247
   324.67   0.020  248
   384.14   0.021  249
   460.20   0.020  250
   431.89   0.021  251
   488.98   0.020  252
   563.60   0.021  253
   606.95   0.020  254
   685.13   0.021  255
   672.19   0.020    0
   573.06   0.021    1
   639.70   0.020    2
   533.83   0.021    3
   514.29   0.020    4
   474.27   0.021    5
   711.22   0.020    6
   897.69   0.021    7
   852.15   0.020    8
   565.74   0.021    9
   394.96   0.020   10
   388.80   0.021   11
   287.50   0.020   12
   286.30   0.020   13
   267.30   0.021   14
   260.03   0.020   15
   258.89   0.021   16
   258.03   0.020   17
   252.20   0.021   18
   249.61   0.020   19
   253.21   0.021   20
   251.46   0.020   21
   252.68   0.021   22
   254.14   0.020   23
   250.23   0.021   24
   248.01   0.020   25
   249.21   0.021   26
   247.04   0.020   27
   242.64   0.021   28
   255.68   0.020   29
   253.75   0.021   30
   263.18   0.020   31
   317.04   0.021   32
   303.43   0.020   33
   532.64   0.021   34
   679.75   0.020   35
   619.11   0.021   36
   578.45   0.020   37
   479.73   0.020   38
   496.98   0.021   39
   413.07   0.020   40
   397.27   0.021   41
   348.24   0.020   42
   309.67   0.021   43
   300.00   0.020   44
   301.46   0.021   45
   290.20   0.020   46
   354.76   0.021   47
   457.23   0.020   48
   446.12   0.021   49
   506.42   0.020   50
   586.74   0.021   51
   667.72   0.020   52
   650.87   0.021   53
   610.43   0.020   54
   642.09   0.021   55
   534.77   0.020   56
   529.60   0.021   57
   539.52   0.020   58
   711.11   0.021   59
   797.68   0.020   60
   798.25   0.021   61
   358.76   0.020   62
   429.11   0.020   63
   398.62   0.021   64
   267.40   0.020   65
   259.07   0.021   66
   256.79   0.020   67
   261.44   0.021   68
   257.87   0.020   69
   251.58   0.021   70
   252.01   0.020   71
   254.06   0.021   72
   256.96   0.020   73
   257.23   0.021   74
   250.87   0.020   75
   247.85   0.021   76
   250.87   0.020   77
   252.67   0.021   78
   250.45   0.020   79
   252.38   0.021   80
   245.02   0.020   81
   253.10   0.021   82
   252.47   0.020   83
   255.85   0.021   84
   302.04   0.020   85
   358.37   0.021   86
   551.32   0.020   87
   617.28   0.020   88
   572.49   0.021   89
   576.00   0.020   90
   494.56   0.021   91
   495.04   0.020   92
   464.84   0.021   93
   391.18   0.020   94
   356.16   0.021   95
   323.43   0.020   96
   322.76   0.021   97
   339.78   0.020   98
   334.99   0.021   99
   420.74   0.020  100
   553.32   0.021  101
   565.93   0.020  102
   595.50   0.021  103
   674.66   0.020  104
   628.36   0.021  105
   552.12   0.020  106
   631.74   0.021  107
   532.55   0.020  108
   584.18   0.021  109
   506.48   0.020  110
   740.56   0.021  111
   737.96   0.020  112
   830.73   0.020  113
   402.99   0.020  115
   316.28   0.021  116
   266.39   0.020  117
   263.92   0.021  118
   254.79   0.020  119
   253.03   0.021  120
   253.48   0.020  121
   254.93   0.021  122
   252.23   0.020  123
   252.45   0.021  124
   253.93   0.020  125
   252.59   0.021  126
   253.61   0.020  127
   253.77   0.021  128
   254.95   0.020  129
   253.71   0.021  130
   251.88   0.020  131
   250.41   0.021  132
   244.88   0.020  133
   252.38   0.021  134
   257.73   0.020  135
   269.74   0.021  136
   294.95   0.020  137
   304.62   0.020  138
   533.71   0.021  139
   589.32   0.020  140
   563.39   0.021  141
   597.96   0.020  142
   535.90   0.021  143
   499.10   0.020  144
   391.63   0.021  145
   355.34   0.020  146
   343.91   0.021  147
   330.69   0.020  148
   273.46   0.020  150
   288.20   0.021  151
   360.83   0.020  152
   463.64   0.021  153
   549.93   0.020  154
   551.27   0.021  155
   705.96   0.021  157
   608.44   0.020  158
   576.96   0.021  159
   581.15   0.020  160
   505.18   0.021  161
   532.20   0.020  162
   754.09   0.021  164
   611.12   0.020  165
   604.56   0.021  166
   449.14   0.020  167
   493.82   0.021  168
   320.28   0.020  169
   267.49   0.020  171
   254.31   0.021  172
   256.37   0.020  173
   257.30   0.021  174
   254.69   0.020  175
   251.07   0.021  176
   253.60   0.020  177
   258.53   0.021  178
   251.74   0.020  179
   253.68   0.021  180
   254.77   0.020  181
   251.34   0.021  182
   249.63   0.020  183
   246.25   0.021  184
   252.30   0.020  185
   255.63   0.021  186
   257.09   0.020  187
   249.11   0.020  188
   254.95   0.021  189
   267.03   0.020  190
   294.64   0.020  192
   546.45   0.021  193
   606.77   0.020  194
   574.56   0.021  195
   491.27   0.020  196
   527.59   0.021  197
   342.04   0.021  199
   329.04   0.020  200
   298.95   0.021  201
   310.95   0.020  202
   299.70   0.021  203
   325.25   0.020  204
   470.05   0.020  206
   550.82   0.021  207
   572.00   0.020  208
   619.64   0.021  209
   675.58   0.020  210
   585.25   0.021  211
   612.91   0.020  213
   509.05   0.021  214
   482.19   0.020  215
   586.28   0.021  216
   726.08   0.020  217
   555.76   0.021  218
   496.17   0.021  220
   425.85   0.020  221
   301.30   0.021  222
   282.65   0.020  223
   269.20   0.021  224
   251.84   0.020  225
   259.38   0.020  227
   256.23   0.021  228
   255.24   0.020  229
   245.92   0.021  230
   254.39   0.020  231
   247.30   0.021  232
   251.02   0.021  234
   253.69   0.020  235
   257.46   0.021  236
   249.95   0.020  237
   249.34   0.020  238
   245.75   0.021  239
   260.22   0.021  241
   253.53   0.020  242
   267.36   0.021  243
   322.54   0.020  244
   331.83   0.021  245
   559.93   0.020  246
   639.48   0.020  248
   675.82   0.021  249
   584.77   0.020  250
   436.98   0.021  251
   337.66   0.020  252
   285.01   0.021  253
   306.67   0.021  255
   303.37   0.020    0
   324.69   0.021    1
   400.58   0.020    2
   450.52   0.021    3
   482.72   0.020    4
   595.51   0.020    6
   641.58   0.020    7
   685.52   0.021    8
   552.65   0.020    9
   649.09   0.021   10
   567.93   0.020   11
   702.72   0.020   13
   738.41   0.021   14
   663.90   0.020   15
   728.45   0.021   16
   505.60   0.020   17
   533.82   0.021   18
   275.73   0.021   20
   265.06   0.020   21
   257.68   0.021   22
   258.59   0.020   23
   257.55   0.021   24
   253.04   0.020   25
   248.85   0.020   27
   249.35   0.021   28
   253.53   0.020   29
   253.83   0.021   30
   249.06   0.020   31
   253.06   0.020   32
   250.61   0.020   34
   249.09   0.021   35
   246.13   0.020   36
   256.24   0.021   37
   255.85   0.020   38
   266.26   0.021   39
   294.66   0.021   41
   531.37   0.020   42
   603.81   0.021   43
   647.02   0.020   44
   594.41   0.021   45
   601.69   0.020   46
   405.44   0.020   48
   360.02   0.021   49
   316.05   0.020   50
   294.15   0.021   51
   325.71   0.020   52
   307.38   0.021   53
   299.82   0.020   54
   358.32   0.021   55
   498.19   0.020   56
   553.46   0.020   57
   557.54   0.021   58
   577.11   0.020   59
   609.90   0.021   60
   552.18   0.021   62
   617.62   0.020   63
   566.22   0.021   64
   509.42   0.020   65
   730.61   0.021   66
   809.76   0.020   67
   521.56   0.020   69
   383.16   0.021   70
   389.79   0.020   71
   283.35   0.021   72
   274.42   0.020   73
   270.55   0.021   74
   267.66   0.020   75
   265.85   0.021   76
   252.88   0.020   77
   248.91   0.021   78
   254.06   0.020   79
   252.48   0.021   80
   253.83   0.020   81
   252.40   0.021   83
   255.26   0.020   84
   256.64   0.021   85
   253.14   0.020   86
   249.25   0.021   87
   246.60   0.020   88
   248.24   0.021   89
   243.78   0.020   90
   266.02   0.021   91
   270.00   0.020   92
   313.00   0.021   93
   375.51   0.020   94
   553.83   0.021   95
   633.83   0.021   97
   689.44   0.020   98
   687.69   0.021   99
   615.45   0.020  100
   448.00   0.021  101
   370.85   0.020  102
   339.90   0.021  103
   334.78   0.020  104
   314.98   0.021  105
   330.78   0.020  106
   357.26   0.020  107
   382.25   0.021  108
   491.67   0.020  109
   565.67   0.021  110
   578.74   0.020  111
   644.62   0.021  112
   750.59   0.020  113
   594.04   0.021  114
   634.45   0.020  115
   627.65   0.021  116
   521.82   0.020  117
   506.08   0.021  118
   538.48   0.020  119
   872.22   0.021  120
   754.01   0.020  121
   843.19   0.021  122
   472.23   0.020  123
   523.53   0.021  124
   321.20   0.020  125
   281.64   0.021  126
   270.04   0.020  127
   258.50   0.021  128
   259.59   0.020  129
   261.84   0.021  130
   247.05   0.020  132
   243.13   0.021  133
   250.15   0.020  134
   250.52   0.021  135
   255.36   0.020  136
   252.51   0.021  137
   250.39   0.020  138
   250.25   0.021  139
   251.53   0.020  140
   240.70   0.021  141
   252.54   0.020  142
   252.57   0.021  143
   264.44   0.020  144
   267.49   0.021  145
   300.33   0.020  146
   287.65   0.021  147
   616.19   0.020  148
   614.59   0.021  149
   328.92   0.020  150
   540.84   0.021  151
   651.14   0.020  152
   684.88   0.021  153
   451.87   0.020  154
   418.33   0.021  155
   361.73   0.020  156
   279.27   0.020  157
   321.00   0.021  158
   343.88   0.020  159
   348.95   0.021  160
   350.39   0.020  161
   386.66   0.021  162
   535.90   0.020  163
   564.96   0.021  164
   575.67   0.020  165
   706.22   0.021  166
   742.75   0.020  167
   574.47   0.021  168
   622.07   0.020  169
   586.05   0.021  170
   577.08   0.020  171
   718.87   0.021  172
   737.60   0.020  173
   756.77   0.021  174
   598.53   0.020  175
   545.06   0.021  176
   375.26   0.020  177
   290.54   0.021  178
   269.99   0.020  179
   260.67   0.021  180
   256.51   0.020  181
   260.67   0.020  182
   259.68   0.021  183
   253.49   0.020  184
   247.95   0.021  185
   252.23   0.020  186
   250.84   0.021  187
   252.28   0.020  188
   255.50   0.021  189
   246.37   0.020  190
   246.19   0.021  191
   253.56   0.020  192
   250.98   0.021  193
   238.57   0.020  194
   250.07   0.021  195
   249.64   0.020  196
   261.85   0.021  197
   266.60   0.020  198
   265.69   0.021  199
   283.15   0.020  200
   597.64   0.021  201
   644.17   0.020  202
   294.21   0.021  203
   543.79   0.020  204
   621.44   0.021  205
   463.88   0.020  206
   374.96   0.020  207
   350.10   0.021  208
   295.11   0.020  209
   265.93   0.021  210
   324.85   0.020  211
   417.79   0.021  212
   432.82   0.020  213
   385.85   0.021  214
   400.84   0.020  215
   433.07   0.021  216
   503.00   0.020  217
   593.46   0.021  218
   680.24   0.020  219
   741.53   0.021  220
   600.19   0.020  221
   669.06   0.021  222
   539.81   0.020  223
   612.76   0.021  224
   560.05   0.020  225
   675.33   0.021  226
   582.59   0.020  227
   603.33   0.021  228
   560.66   0.020  229
   422.78   0.021  230
   320.12   0.020  231
   288.61   0.020  232
   272.80   0.021  233
   264.41   0.020  234
   266.93   0.021  235
   265.68   0.020  236
   240.93   0.021  237
   243.16   0.020  238
   246.67   0.021  239
   256.19   0.020  240
   252.53   0.021  241
   258.67   0.020  242
   250.13   0.021  243
   251.97   0.020  244
   250.91   0.021  245
   245.35   0.020  246
   241.40   0.021  247
   256.75   0.020  248
   259.87   0.021  249
   259.16   0.020  250
   258.00   0.021  251
   272.44   0.020  252
   317.94   0.021  253
   415.40   0.020  254
   687.63   0.021  255
   443.70   0.020    0
   619.74   0.020    1
   579.22   0.021    2
   507.55   0.020    3
   428.33   0.021    4
   349.69   0.020    5
   294.99   0.021    6
   285.07   0.020    7
   302.94   0.021    8
   300.03   0.020    9
   339.76   0.021   10
   393.73   0.020   11
   433.74   0.021   12
   496.89   0.020   13
   566.81   0.021   14
   569.27   0.020   15
   611.53   0.021   16
   740.83   0.020   17
   618.03   0.021   18
   605.09   0.020   19
   603.94   0.021   20
   526.61   0.020   21
   464.23   0.021   22
   288.03   0.020   23
   749.13   0.021   24
   637.65   0.020   25
   375.45   0.020   26
   454.59   0.021   27
   429.49   0.020   28
   288.39   0.021   29
   288.25   0.020   30
   265.33   0.021   31
   258.74   0.020   32
   259.07   0.021   33
   259.25   0.020   34
   254.42   0.021   35
   248.97   0.020   36
   248.31   0.021   37
   255.75   0.020   38
   255.50   0.021   39
   257.75   0.020   40
   249.58   0.021   41
   243.91   0.020   42
   243.74   0.021   43
   252.25   0.020   44
   259.57   0.021   45
   250.08   0.020   46
   257.80   0.021   47
   262.96   0.020   48
   305.50   0.021   49
   267.57   0.020   50
   296.11   0.020   51
   545.12   0.021   52
   721.75   0.020   53
   582.89   0.021   54
   630.38   0.020   55
   509.91   0.021   56
   446.11   0.020   57
   485.70   0.021   58
   466.09   0.020   59
   414.31   0.021   60
   344.07   0.020   61
   329.18   0.021   62
   338.77   0.020   63
   328.00   0.021   64
   462.22   0.020   65
   517.31   0.021   66
   568.24   0.020   67
   669.06   0.021   68
   737.94   0.020   69
   565.48   0.021   70
   621.40   0.020   71
   618.58   0.021   72
   530.38   0.020   73
   504.63   0.021   74
   548.54   0.020   75
   750.49   0.020   76
   851.65   0.021   77
   356.22   0.020   78
   503.45   0.021   79
   415.00   0.020   80
   276.34   0.021   81
   278.33   0.020   82
   255.40   0.021   83
   255.49   0.020   84
   261.84   0.021   85
   258.98   0.020   86
   243.57   0.021   87
   241.33   0.020   88
   253.41   0.021   89
   251.05   0.020   90
   257.21   0.021   91
   257.90   0.020   92
   257.82   0.021   93
   251.60   0.020   94
   236.85   0.021   95
   254.55   0.020   96
   259.25   0.021   97
   257.08   0.020   98
   241.11   0.021   99
   254.91   0.020  100
   276.45   0.020  101
   298.44   0.021  102
   333.56   0.020  103
   560.89   0.021  104
   570.94   0.020  105
   656.53   0.021  106
   583.26   0.020  107
   592.31   0.021  108
   626.42   0.020  109
   424.72   0.021  110
   325.04   0.020  111
   289.98   0.021  112
   273.06   0.020  113
   298.01   0.021  114
   367.19   0.020  115
   326.44   0.021  116
   373.10   0.020  117
   546.31   0.021  118
   553.19   0.020  119
   589.00   0.021  120
   690.27   0.020  121
   637.79   0.021  122
   581.26   0.020  123
   695.19   0.021  124
   524.59   0.020  125
   587.61   0.020  126
   532.67   0.021  127
   755.13   0.020  128
   740.72   0.021  129
   590.20   0.020  130
   453.76   0.021  131
   466.70   0.020  132
   334.91   0.021  133
   277.54   0.020  134
   258.05   0.021  135
   254.84   0.020  136
   255.72   0.021  137
   256.84   0.020  138
   255.67   0.021  139
   253.75   0.020  140
   249.88   0.021  141
   250.89   0.020  142
   252.55   0.021  143
   253.50   0.020  144
   252.71   0.021  145
   251.85   0.020  146
   250.11   0.021  147
   256.29   0.020  148
   249.49   0.021  149
   249.93   0.020  150
   256.38   0.020  151
   260.85   0.021  152
   267.16   0.020  153
   283.73   0.021  154
   327.67   0.020  155
   418.40   0.021  156
   587.81   0.020  157
   570.82   0.021  158
   531.98   0.020  159
   580.22   0.021  160
   543.97   0.020  161
   390.08   0.021  162
   325.25   0.020  163
   318.52   0.021  164
   281.25   0.020  165
   293.62   0.021  166
   328.45   0.020  167
   341.62   0.021  168
   348.63   0.020  169
   421.99   0.021  170
   470.82   0.020  171
   550.02   0.021  172
   574.33   0.020  173
   655.02   0.021  174
   696.16   0.020  175
   557.36   0.020  176
   623.91   0.021  177
   575.19   0.020  178
   520.42   0.021  179
   405.60   0.020  180
   500.78   0.021  181
   751.03   0.020  182
   573.88   0.021  183
   451.81   0.020  184
   444.64   0.021  185
   429.37   0.020  186
   303.83   0.021  187
   274.71   0.020  188
   263.64   0.021  189
   261.21   0.020  190
   256.42   0.021  191
   252.37   0.020  192
   250.80   0.021  193
   252.72   0.020  194
   258.03   0.021  195
   255.40   0.020  196
   254.33   0.021  197
   250.76   0.020  198
   254.48   0.021  199
   253.29   0.020  200
   252.01   0.020  201
   249.80   0.021  202
   264.56   0.020  203
   252.96   0.021  204
   251.84   0.020  205
   267.50   0.021  206
   341.29   0.020  207
   279.03   0.021  208
   548.53   0.020  209
   544.00   0.021  210
   563.14   0.020  211
   456.05   0.021  212
   528.90   0.020  213
   496.29   0.021  214
   365.85   0.020  215
   316.58   0.021  216
   318.48   0.020  217
   302.26   0.021  218
   284.10   0.020  219
   304.86   0.021  220
   377.14   0.020  221
   418.43   0.021  222
   417.50   0.020  223
   464.86   0.021  224
   561.20   0.020  225
   603.96   0.020  226
   705.04   0.021  227
   662.23   0.020  228
   598.21   0.021  229
   648.90   0.020  230
   544.81   0.021  231
   503.80   0.020  232
   266.35   0.021  233
   706.20   0.020  234
   739.48   0.021  235
   580.66   0.020  236
   761.32   0.021  237
   415.07   0.020  238
   363.74   0.021  239
   306.05   0.020  240
   277.66   0.021  241
   296.59   0.020  242
   273.06   0.021  243
   259.17   0.020  244
   262.31   0.021  245
   255.56   0.020  246
   247.53   0.021  247
   250.71   0.020  248
   253.74   0.021  249
   253.55   0.020  250
   251.34   0.020  251
   254.48   0.021  252
   253.24   0.020  253
   250.34   0.021  254
   251.74   0.020  255
   249.53   0.021    0
   256.69   0.020    1
   257.82   0.021    2
   263.73   0.020    3
   301.62   0.021    4
   270.95   0.020    5
   365.05   0.021    6
   613.72   0.020    7
   680.99   0.021    8
   584.87   0.020    9
   528.39   0.021   10
   601.71   0.020   11
   383.37   0.021   12
   371.25   0.020   13
   355.71   0.021   14
   306.13   0.020   15
   277.84   0.021   16
   249.28   0.020   17
   245.40   0.021   18
   402.79   0.020   19
   527.60   0.020   20
   497.92   0.021   21
   526.92   0.020   22
   562.06   0.021   23
   627.56   0.020   24
   733.61   0.021   25
   559.34   0.020   26
   672.06   0.021   27
   590.96   0.020   28
   569.54   0.021   29
   648.55   0.020   30
   802.16   0.021   31
   710.55   0.020   32
   653.55   0.021   33
   298.32   0.020   34
   470.99   0.021   35
   400.15   0.020   36
   285.76   0.021   37
   274.37   0.020   38
   264.63   0.021   39
   256.76   0.020   40
   258.42   0.021   41
   257.79   0.020   42
   256.48   0.021   43
   253.28   0.020   44
   251.68   0.020   45
   251.68   0.021   46
   255.25   0.020   47
   254.31   0.021   48
   253.90   0.020   49
   258.69   0.021   50
   254.25   0.020   51
   253.60   0.021   52
   246.42   0.020   53
   259.53   0.021   54
   254.35   0.020   55
   258.88   0.021   56
   279.85   0.020   57
   353.34   0.021   58
   384.91   0.020   59
   553.74   0.021   60
   554.61   0.020   61
   627.42   0.021   62
   542.12   0.020   63
   487.76   0.021   64
   361.15   0.020   65
   326.43   0.021   66
   344.20   0.020   67
   329.21   0.021   68
   313.50   0.020   69
   306.18   0.020   70
   277.05   0.021   71
   339.61   0.020   72
   494.78   0.021   73
   573.96   0.020   74
   600.41   0.021   75
   658.23   0.020   76
   692.53   0.021   77
   545.10   0.020   78
   666.08   0.021   79
   623.46   0.020   80
   516.68   0.021   81
   593.96   0.020   82
   574.22   0.021   83
   720.71   0.020   84
   648.62   0.021   85
   312.14   0.020   86
   408.38   0.021   87
   492.19   0.020   88
   285.93   0.021   89
   272.13   0.020   90
   275.35   0.021   91
   258.23   0.020   92
   270.67   0.021   93
   259.07   0.020   94
   250.16   0.020   95
   230.20   0.021   96
   252.30   0.020   97
   252.60   0.021   98
   263.29   0.020   99
   245.25   0.021  100
   250.85   0.020  101
   258.11   0.021  102
   240.82   0.020  103
   254.13   0.021  104
   248.17   0.020  105
   250.48   0.021  106
   255.12   0.020  107
   258.63   0.021  108
   264.34   0.020  109
   294.27   0.021  110
   288.05   0.020  111
   563.46   0.021  112
   581.22   0.020  113
   576.27   0.021  114
   528.13   0.020  115
   516.04   0.021  116
   524.71   0.020  117
   537.28   0.021  118
   462.71   0.020  119
   356.29   0.020  120
   362.13   0.021  121
   341.18   0.020  122
   315.99   0.021  123
   314.24   0.020  124
   352.80   0.021  125
   490.31   0.020  126
   567.58   0.021  127
   576.10   0.020  128
   617.10   0.021  129
   629.34   0.020  130
   601.98   0.021  131
   618.13   0.020  132
   619.50   0.021  133
   510.08   0.020  134
   443.92   0.021  135
   616.57   0.020  136
   676.60   0.021  137
   623.92   0.020  138
   599.64   0.021  139
   411.21   0.020  140
   426.64   0.021  141
   288.76   0.020  142
   267.06   0.021  143
   263.84   0.020  144
   256.27   0.020  145
   259.02   0.021  146
   257.85   0.020  147
   254.11   0.021  148
   249.18   0.020  149
   251.86   0.021  150
   254.42   0.020  151
   254.61   0.021  152
   255.93   0.020  153
   252.18   0.021  154
   253.72   0.020  155
   249.71   0.021  156
   250.84   0.020  157
   249.26   0.021  158
   251.21   0.020  159
   250.91   0.021  160
   253.81   0.020  161
   267.57   0.021  162
   295.43   0.020  163
   297.70   0.021  164
   485.02   0.020  165
   548.95   0.021  166
   540.90   0.020  167
   635.44   0.021  168
   632.25   0.020  169
   628.46   0.020  170
   472.57   0.021  171
   362.27   0.020  172
   343.60   0.021  173
   318.02   0.020  174
   305.68   0.021  175
   303.53   0.020  176
   357.82   0.021  177
   426.29   0.020  178
   466.77   0.021  179
   567.48   0.020  180
   572.73   0.021  181
   605.53   0.020  182
   682.86   0.021  183
   599.76   0.020  184
   610.45   0.021  185
   509.88   0.020  186
   518.51   0.021  187
   395.50   0.020  188
   791.75   0.021  189
   654.56   0.020  190
   846.15   0.021  191
   468.06   0.020  192
   342.01   0.021  193
   318.20   0.020  194
   282.81   0.020  195
   276.16   0.021  196
   265.86   0.020  197
   254.52   0.021  198
   268.13   0.020  199
   258.18   0.021  200
   256.95   0.020  201
   251.84   0.021  202
   254.66   0.020  203
   248.27   0.021  204
   255.86   0.020  205
   256.60   0.021  206
   250.88   0.020  207
   250.32   0.021  208
   249.85   0.020  209
   252.26   0.021  210
   264.74   0.020  211
   256.57   0.021  212
   255.53   0.020  213
   244.34   0.021  214
   263.73   0.020  215
   314.81   0.021  216
   343.94   0.020  217
   589.81   0.020  219
   590.87   0.020  220
   503.67   0.021  221
   460.99   0.020  222
   435.18   0.021  223
   405.97   0.020  224
   421.06   0.021  225
   377.38   0.020  226
   318.95   0.021  227
   307.48   0.020  228
   320.08   0.021  229
   320.52   0.020  230
   358.37   0.021  231
   467.26   0.021  233
   488.41   0.020  234
   509.44   0.021  235
   683.63   0.020  236
   699.69   0.021  237
   618.37   0.020  238
   652.55   0.021  239
   678.99   0.020  240
   570.34   0.021  241
   654.04   0.020  242
   877.75   0.021  243
   616.17   0.020  244
   409.82   0.020  245
   401.99   0.020  247
   278.84   0.021  248
   282.09   0.020  249
   265.20   0.021  250
   257.43   0.020  251
   257.63   0.021  252
   259.62   0.020  253
   248.12   0.021  254
   247.98   0.020  255
   253.81   0.021    0
   254.81   0.020    1
   256.68   0.021    2
   257.15   0.020    3
   254.93   0.021    4
   256.09   0.020    5
   253.87   0.021    6
   248.72   0.020    7
   245.14   0.021    8
   253.63   0.020    9
   251.27   0.021   10
   251.72   0.020   11
   259.90   0.021   12
   268.93   0.020   13
   288.35   0.020   14
   316.35   0.021   15
   576.01   0.020   16
   590.65   0.021   17
   428.94   0.020   18
   575.24   0.021   19
   609.33   0.020   20
   526.50   0.021   21
   397.07   0.020   22
   340.92   0.021   23
   296.06   0.020   24
   277.13   0.021   25
   282.68   0.020   26
   300.80   0.021   27
   357.42   0.020   28
   390.25   0.021   29
   453.22   0.020   30
   518.29   0.021   31
   672.89   0.021   33
   742.63   0.020   34
   593.34   0.021   35
   651.90   0.020   36
   721.26   0.021   37
   552.61   0.020   38
   388.97   0.021   40
   654.22   0.020   41
   764.83   0.021   42
   831.20   0.020   43
   518.49   0.021   44
   424.69   0.020   45
   286.63   0.021   46
   277.63   0.020   47
   263.52   0.021   48
   257.49   0.020   49
   252.03   0.021   50
   256.60   0.020   51
   251.18   0.021   52
   255.99   0.020   53
   256.88   0.021   54
   253.53   0.020   55
   254.42   0.021   56
   255.04   0.020   57
   253.27   0.021   58
   250.88   0.020   59
   249.28   0.020   61
   244.88   0.021   62
   253.04   0.020   63
   258.03   0.020   64
   263.21   0.021   65
   279.10   0.020   66
   378.80   0.020   68
   548.08   0.021   69
   502.14   0.020   70
   674.50   0.021   71
   539.80   0.020   72
   592.78   0.021   73
   341.55   0.021   75
   314.52   0.020   76
   294.31   0.020   78
   316.92   0.021   79
   318.36   0.020   80
   364.59   0.020   82
   365.82   0.021   83
   406.32   0.020   84
   537.79   0.021   85
   570.95   0.020   86
   632.95   0.021   87
   655.51   0.020   89
   643.17   0.021   90
   619.93   0.020   91
   631.89   0.021   92
   704.33   0.020   93
   773.14   0.021   94
   817.55   0.021   96
   438.51   0.020   97
   387.08   0.021   98
   331.90   0.020   99
   301.66   0.021  100
   269.82   0.020  101
   267.32   0.021  102
   263.20   0.020  103
   266.00   0.021  104
   251.60   0.020  105
   250.63   0.021  106
   255.33   0.020  107
   253.47   0.021  108
   256.57   0.021  110
   253.43   0.020  111
   253.24   0.021  112
   250.14   0.020  113
   251.82   0.020  114
   244.13   0.021  115
   253.69   0.021  117
   253.33   0.020  118
   258.16   0.021  119
   276.33   0.020  120
   325.24   0.021  121
   350.51   0.020  122
   646.18   0.020  124
   574.33   0.021  125
   585.34   0.020  126
   542.50   0.021  127
   505.60   0.020  128
   444.42   0.021  129
   370.49   0.021  131
   350.60   0.020  132
   343.94   0.021  133
   324.93   0.020  134
   286.12   0.021  135
   387.63   0.020  136
   486.02   0.020  138
   586.73   0.020  139
   655.59   0.021  140
   666.26   0.020  141
   563.04   0.021  142
   628.80   0.020  143
   504.04   0.020  145
   317.56   0.021  146
   710.12   0.020  147
   737.37   0.021  148
   704.81   0.020  149
   813.87   0.021  150
   385.00   0.021  152
   338.29   0.020  153
   274.55   0.021  154
   275.59   0.020  155
   258.66   0.021  156
   258.43   0.020  157
   254.11   0.020  159
   249.64   0.021  160
   248.00   0.020  161
   251.53   0.021  162
   254.21   0.020  163
   254.33   0.020  164
   252.14   0.020  166
   250.22   0.021  167
   249.90   0.020  168
   253.31   0.021  169
   249.96   0.020  170
   253.60   0.021  171
   255.21   0.021  173
   269.93   0.020  174
   334.71   0.021  175
   366.04   0.020  176
   566.36   0.021  177
   589.77   0.020  178
   613.23   0.020  180
   483.87   0.021  181
   379.15   0.020  182
   331.43   0.021  183
   317.26   0.020  184
   297.06   0.021  185
   335.92   0.021  187
   340.67   0.020  188
   353.66   0.020  189
   481.96   0.021  190
   557.50   0.020  191
   581.63   0.021  192
   677.13   0.021  194
   611.69   0.020  195
   604.78   0.021  196
   606.27   0.020  197
   514.06   0.021  198
   513.10   0.020  199
   728.65   0.020  201
   873.81   0.021  202
   705.01   0.020  203
   425.60   0.021  204
   408.37   0.020  205
   362.69   0.021  206
   275.79   0.021  208
   265.90   0.020  209
   262.56   0.021  210
   254.80   0.020  211
   262.59   0.021  212
   248.12   0.020  213
   255.75   0.021  215
   245.24   0.020  216
   250.23   0.021  217
   250.01   0.020  218
   257.48   0.021  219
   250.36   0.020  220
   235.80   0.020  222
   278.46   0.021  223
   252.18   0.020  224
   258.18   0.021  225
   258.69   0.020  226
   273.11   0.021  227
   329.69   0.021  229
   490.52   0.020  230
   556.02   0.021  231
   436.05   0.020  232
   587.45   0.021  233
   614.92   0.020  234
   444.72   0.020  236
   353.62   0.021  237
   306.43   0.020  238
   287.59   0.020  239
   257.58   0.021  240
   319.97   0.020  241
   400.94   0.021  242
   370.51   0.020  243
   328.13   0.021  244
   439.08   0.020  245
   573.71   0.021  246
   570.63   0.020  247
   618.61   0.021  248
   612.35   0.021  250
   644.32   0.020  251
   666.16   0.021  252
   534.09   0.020  253
   474.06   0.021  254
   568.95   0.020  255
   720.14   0.020    1
   814.92   0.021    2
   593.23   0.020    3
   462.55   0.021    4
   335.00   0.020    5
   284.01   0.021    6
   269.91   0.020    7
   252.84   0.020    8
   258.49   0.021    9
   256.72   0.020   10
   259.08   0.021   11
   251.29   0.020   12
   249.77   0.021   13
   251.98   0.021   15
   255.87   0.020   16
   253.20   0.021   17
   253.97   0.020   18
   247.67   0.021   19
   249.92   0.020   20
   251.05   0.020   22
   255.81   0.021   23
   253.98   0.020   24
   258.00   0.021   25
   262.86   0.020   26
   270.73   0.021   27
   292.97   0.020   28
   435.08   0.021   29
   567.78   0.020   30
   384.49   0.021   31
   560.96   0.020   32
   610.15   0.020   33
   542.24   0.021   34
   471.16   0.020   35
   415.39   0.021   36
   290.63   0.020   37
   255.13   0.021   38
   282.97   0.020   39
   329.99   0.021   40
   375.14   0.020   41
   386.73   0.021   42
   357.68   0.020   43
   443.52   0.021   44
   593.50   0.020   45
   621.86   0.021   46
   699.38   0.020   47
   681.49   0.021   48
   558.50   0.021   50
   605.81   0.020   51
   675.41   0.021   52
   755.34   0.020   53
   613.36   0.021   54
   771.05   0.020   55
   355.13   0.020   57
   291.04   0.020   58
   323.52   0.021   59
   258.60   0.020   60
   253.30   0.021   61
   257.35   0.020   62
   260.40   0.021   63
   254.15   0.020   64
   256.20   0.021   65
   253.62   0.020   66
   248.59   0.021   67
   256.76   0.020   68
   252.38   0.021   69
   253.12   0.020   70
   258.75   0.021   71
   247.46   0.020   72
   248.62   0.021   73
   244.65   0.020   74
   246.63   0.021   75
   246.98   0.020   76
   253.68   0.021   77
   257.14   0.020   78
   265.07   0.021   79
   278.38   0.020   80
   294.96   0.021   81
   603.68   0.020   82
   536.39   0.020   83
   579.10   0.020   85
   513.97   0.021   86
   552.57   0.020   87
   467.38   0.021   88
   360.42   0.020   89
   292.27   0.021   90
   302.86   0.020   91
   333.80   0.021   92
   312.99   0.020   93
   367.32   0.021   94
   370.58   0.020   95
   368.55   0.021   96
   437.21   0.020   97
   551.39   0.021   98
   592.55   0.020   99
   655.98   0.021  100
   667.14   0.020  101
   558.17   0.021  102
   648.26   0.020  103
   589.54   0.021  104
   508.38   0.020  105
   469.58   0.021  106
   460.95   0.020  107
   755.34   0.020  108
   724.03   0.021  109
   345.52   0.020  110
   418.82   0.021  111
   328.00   0.020  112
   266.09   0.021  113
   261.52   0.020  114
   255.62   0.021  115
   255.78   0.020  116
   256.25   0.021  117
   256.65   0.020  118
   253.81   0.021  119
   255.99   0.020  120
   253.80   0.021  121
   253.53   0.020  122
   251.84   0.021  123
   254.03   0.020  124
   254.63   0.021  125
   252.29   0.020  126
   248.21   0.021  127
   252.16   0.020  128
   250.45   0.021  129
   247.30   0.020  130
   254.88   0.021  131
   255.15   0.020  132
   260.93   0.020  133
   269.60   0.021  134
   272.14   0.020  135
   397.76   0.021  136
   582.42   0.020  137
   485.37   0.021  138
   629.64   0.020  139
   579.38   0.021  140
   591.37   0.020  141
   500.41   0.021  142
   391.66   0.020  143
   311.88   0.021  144
   286.35   0.020  145
   312.19   0.021  146
   387.57   0.020  147
   418.30   0.021  148
   359.40   0.020  149
   342.12   0.021  150
   508.28   0.020  151
   578.06   0.021  152
   607.27   0.020  153
   693.78   0.021  154
   620.00   0.020  155
   581.49   0.021  156
   659.74   0.020  157
   540.57   0.020  158
   526.29   0.021  159
    62.01   0.020  160
   591.47   0.021  161
   799.86   0.020  162
   565.58   0.021  163
   738.26   0.020  164
   558.11   0.021  165
   473.18   0.020  166
   319.30   0.021  167
   292.87   0.020  168
   258.32   0.021  169
   257.57   0.020  170
   259.68   0.021  171
   257.15   0.020  172
   250.71   0.021  173
   255.37   0.020  174
   254.25   0.021  175
   247.57   0.020  176
   255.37   0.021  177
   256.83   0.020  178
   255.44   0.021  179
   248.61   0.020  180
   251.00   0.021  181
   255.73   0.020  182
   251.27   0.020  183
   240.77   0.021  184
   253.45   0.020  185
   253.71   0.021  186
   255.59   0.020  187
   253.44   0.021  188
   272.23   0.020  189
   293.58   0.021  190
   292.18   0.020  191
   540.56   0.021  192
   509.31   0.020  193
   545.10   0.021  194
   495.25   0.020  195
   448.18   0.021  196
   475.60   0.020  197
   401.19   0.021  198
   330.33   0.020  199
   288.46   0.021  200
   290.08   0.020  201
   286.68   0.021  202
   270.93   0.020  203
   337.96   0.021  204
   365.44   0.020  205
   438.37   0.021  206
   443.34   0.020  207
   564.25   0.020  208
   765.23   0.021  209
   725.12   0.020  210
   544.23   0.021  211
   571.84   0.020  212
   568.64   0.021  213
   506.00   0.020  214
   527.99   0.021  215
   157.96   0.020  216
   440.61   0.021  217
   668.56   0.020  218
   476.85   0.021  219
   542.10   0.020  220
   483.01   0.021  221
   284.01   0.020  222
   269.78   0.021  223
   265.94   0.020  224
   259.08   0.021  225
   256.88   0.020  226
   255.95   0.021  227
   258.06   0.020  228
   255.96   0.021  229
   256.24   0.020  230
   253.85   0.021  231
   252.76   0.020  232
   255.12   0.020  233
   253.94   0.021  234
   255.03   0.020  235
   253.94   0.021  236
   253.94   0.020  237
   254.94   0.021  238
   252.75   0.020  239
   252.96   0.021  240
   252.96   0.020  241
   254.86   0.021  242
   251.83   0.020  243
   252.10   0.021  244
   254.25   0.020  245
   253.87   0.021  246
   254.77   0.020  247
   253.14   0.021  248
   253.95   0.020  249
   250.87   0.021  250
   252.40   0.020  251
   254.31   0.021  252
   255.41   0.020  253
   253.93   0.021  254
   254.86   0.020  255
   252.72   0.021    0
   250.67   0.020    1
   254.84   0.020    2
   254.10   0.021    3
   255.14   0.020    4
   252.59   0.021    5
   250.73   0.020    6
   254.00   0.021    7
   253.97   0.020    8
   254.97   0.021    9
   251.62   0.020   10
   252.69   0.021   11
   252.72   0.020   12
