   177.83    43.16   179.66     0.01     0.00    -0.01   0.021    0
   177.83    44.14   178.64     0.01     0.00    -0.01   0.020    1
   177.83    44.14   177.62     0.01     0.00    -0.01   0.021    2
   176.85    44.14   178.64     0.01     0.00    -0.00   0.020    3
   177.83    44.14   177.62     0.01     0.00    -0.00   0.021    4
   177.83    43.16   178.64     0.01     0.00     0.00   0.020    5
   177.83    41.20   178.64     0.01     0.00    -0.00   0.021    6
   177.83    44.14   179.66     0.01     0.00     0.00   0.020    7
   177.83    43.16   179.66     0.01     0.00    -0.00   0.021    8
   177.83    42.18   179.66     0.01     0.00    -0.00   0.020    9
   177.83    43.16   178.64     0.01     0.00    -0.00   0.021   10
   177.83    44.14   178.64     0.01     0.00    -0.00   0.020   11
   176.85    43.16   179.66     0.01     0.00    -0.01   0.021   12
   177.83    45.12   177.62     0.01     0.00    -0.01   0.020   13
   176.85    44.14   178.64     0.01     0.00    -0.00   0.021   14
   178.81    44.14   179.66     0.01     0.00    -0.00   0.020   15
   177.83    43.16   177.62     0.01     0.00    -0.00   0.020   16
   178.81    43.16   178.64     0.01     0.00    -0.00   0.021   17
   177.83    42.18   177.62     0.01     0.00    -0.00   0.020   18
   177.83    43.16   179.66     0.01     0.00    -0.00   0.021   19
   178.81    43.16   178.64     0.01     0.00    -0.01   0.020   20
   177.83    44.14   177.62     0.01     0.00    -0.00   0.021   21
   177.83    43.16   178.64     0.01     0.00    -0.00   0.020   22
   177.83    42.18   178.64     0.01     0.00    -0.00   0.021   23
   177.83    42.18   178.64     0.01     0.00    -0.00   0.020   24
   178.81    43.16   179.66     0.01     0.00    -0.00   0.021   25
   177.83    44.14   179.66     0.01     0.00    -0.01   0.020   26
   179.79    42.18   180.68     0.01     0.00    -0.01   0.021   27
   177.83    44.14   179.66     0.01     0.00    -0.01   0.020   28
   177.83    43.16   179.66     0.01     0.00    -0.00   0.021   29
   178.81    43.16   178.64     0.01     0.00    -0.00   0.020   30
   177.83    43.16   178.64     0.01     0.00    -0.00   0.021   31
   177.83    43.16   178.64     0.01     0.00    -0.00   0.020   32
   178.81    43.16   178.64     0.01     0.00    -0.00   0.021   33
   177.83    44.14   179.66     0.01     0.00    -0.00   0.020   34
   177.83    44.14   179.66     0.01     0.00    -0.00   0.021   35
   177.83    43.16   178.64     0.01     0.00    -0.00   0.020   36
   177.83    44.14   177.62     0.01     0.00    -0.00   0.021   37
   177.83    44.14   178.64     0.01     0.00    -0.00   0.020   38
   178.81    43.16   178.64     0.01     0.00    -0.00   0.021   39
   178.81    43.16   181.69     0.01     0.00    -0.00   0.020   40
   176.85    42.18   178.64     0.01     0.01    -0.00   0.020   41
   177.83    44.14   179.66     0.01     0.00    -0.00   0.021   42
   177.83    43.16   178.64     0.01     0.00    -0.00   0.020   43
   177.83    43.16   178.64     0.01     0.00    -0.00   0.021   44
   178.81    43.16   181.69     0.01     0.00    -0.00   0.020   45
   177.83    43.16   178.64     0.01     0.00    -0.00   0.021   46
   177.83    43.16   178.64     0.01     0.00    -0.00   0.020   47
   178.81    42.18   178.64     0.01     0.00    -0.00   0.021   48
   177.83    44.14   178.64     0.01     0.00    -0.01   0.020   49
   177.83    42.18   178.64     0.01     0.00    -0.00   0.021   50
   177.83    43.16   178.64     0.01     0.00    -0.00   0.020   51
   178.81    42.18   178.64     0.01     0.00    -0.00   0.021   52
   177.83    44.14   179.66     0.01     0.00    -0.00   0.020   53
   178.81    42.18   178.64     0.01     0.00    -0.00   0.021   54
   177.83    43.16   177.62     0.01     0.00    -0.00   0.020   55
   177.83    42.18   178.64     0.01     0.00    -0.00   0.021   56
   177.83    43.16   179.66     0.01     0.00    -0.00   0.020   57
   177.83    43.16   178.64     0.01     0.00    -0.00   0.021   58
   177.83    44.14   177.62     0.01     0.00    -0.00   0.020   59
   178.81    43.16   179.66     0.01     0.00    -0.00   0.021   60
   177.83    44.14   177.62     0.01     0.00    -0.00   0.020   61
   177.83    42.18   178.64     0.01     0.00    -0.00   0.021   62
   176.85    44.14   178.64     0.01     0.00    -0.00   0.020   63
   177.83    43.16   179.66     0.01     0.00    -0.00   0.021   64
   177.83    42.18   179.66     0.01     0.00    -0.00   0.020   65
   177.83    43.16   178.64     0.01     0.00    -0.00   0.020   66
   176.85    44.14   178.64     0.01     0.00    -0.00   0.021   67
   177.83    43.16   178.64     0.01     0.00    -0.00   0.020   68
   178.81    43.16   179.66     0.01     0.00    -0.01   0.021   69
   177.83    43.16   179.66     0.01     0.00    -0.00   0.020   70
   177.83    43.16   177.62     0.01     0.00    -0.00   0.021   71
   177.83    43.16   179.66     0.01     0.00    -0.00   0.020   72
   176.85    43.16   178.64     0.01     0.00    -0.00   0.021   73
   177.83    43.16   179.66     0.01     0.00    -0.01   0.020   74
   178.81    43.16   178.64     0.01     0.00    -0.00   0.021   75
   177.83    43.16   178.64     0.01     0.00    -0.00   0.020   76
   177.83    44.14   178.64     0.01     0.00    -0.00   0.021   77
   177.83    43.16   180.68     0.01     0.00    -0.00   0.020   78
   176.85    44.14   179.66     0.01     0.01    -0.00   0.021   79
   176.85    43.16   178.64     0.01     0.00    -0.00   0.020   80
   178.81    43.16   178.64     0.01     0.00    -0.00   0.021   81
   177.83    44.14   178.64     0.01     0.00    -0.00   0.020   82
   176.85    43.16   178.64     0.01     0.00    -0.00   0.021   83
   177.83    44.14   179.66     0.01     0.00    -0.00   0.020   84
   177.83    42.18   177.62     0.01     0.00    -0.00   0.021   85
   176.85    43.16   179.66     0.01     0.00    -0.00   0.020   86
   177.83    44.14   179.66     0.01     0.00    -0.00   0.021   87
   176.85    43.16   178.64     0.01     0.00    -0.00   0.020   88
   178.81    43.16   180.68     0.01     0.00    -0.00   0.021   89
   177.83    42.18   177.62     0.01     0.00    -0.00   0.020   90
   177.83    43.16   177.62     0.01     0.00    -0.00   0.020   91
   177.83    43.16   179.66     0.01     0.00    -0.00   0.021   92
   176.85    43.16   180.68     0.01     0.00    -0.00   0.020   93
   176.85    44.14   179.66     0.01     0.00    -0.00   0.021   94
   177.83    44.14   179.66     0.01     0.00    -0.00   0.020   95
   176.85    43.16   178.64     0.01     0.00    -0.00   0.021   96
   178.81    43.16   179.66     0.01     0.00    -0.00   0.020   97
   177.83    43.16   178.64     0.01     0.00    -0.00   0.021   98
   177.83    42.18   178.64     0.01     0.00    -0.00   0.020   99
   178.81    43.16   178.64     0.01     0.00    -0.00   0.021  100
   177.83    44.14   178.64     0.01     0.00    -0.00   0.020  101
   177.83    43.16   178.64     0.01     0.00    -0.00   0.021  102
   177.83    42.18   179.66     0.01     0.00    -0.00   0.020  103
   177.83    42.18   178.64     0.01     0.00    -0.00   0.021  104
   178.81    43.16   177.62     0.01     0.00    -0.00   0.020  105
   178.81    43.16   177.62     0.01     0.00    -0.00   0.021  106
   177.83    43.16   178.64     0.01     0.00    -0.01   0.020  107
   177.83    43.16   178.64     0.01     0.00    -0.00   0.021  108
   177.83    43.16   177.62     0.01     0.00    -0.00   0.020  109
   177.83    43.16   179.66     0.01     0.00    -0.00   0.021  110
   177.83    43.16   180.68     0.01     0.00    -0.00   0.020  111
   177.83    42.18   177.62     0.01     0.00    -0.00   0.021  112
   177.83    43.16   179.66     0.01     0.00    -0.00   0.020  113
   176.85    42.18   178.64     0.01     0.00    -0.00   0.021  114
   177.83    44.14   179.66     0.01     0.00    -0.00   0.020  115
   177.83    42.18   178.64     0.01     0.00    -0.00   0.020  116
   177.83    42.18   180.68     0.01     0.00    -0.00   0.021  117
   177.83    43.16   177.62     0.01     0.00    -0.00   0.020  118
   177.83    41.20   179.66     0.01     0.00    -0.00   0.021  119
   176.85    43.16   179.66     0.01     0.00    -0.00   0.020  120
   177.83    43.16   179.66     0.01     0.00    -0.00   0.021  121
   177.83    43.16   179.66     0.01     0.00    -0.00   0.020  122
   177.83    43.16   179.66     0.01     0.00    -0.00   0.021  123
   177.83    44.14   180.68     0.01     0.00    -0.00   0.020  124
   177.83    42.18   178.64     0.01     0.00    -0.00   0.021  125
   176.85    43.16   178.64     0.01     0.00    -0.00   0.020  126
   177.83    42.18   176.60     0.01     0.00    -0.00   0.021  127
   176.85    43.16   178.64     0.01     0.00    -0.00   0.020  128
   178.81    44.14   178.64     0.01     0.00    -0.00   0.021  129
   177.83    43.16   179.66     0.01     0.00    -0.00   0.020  130
   176.85    43.16   179.66     0.01     0.00    -0.00   0.021  131
   177.83    42.18   178.64     0.01     0.00    -0.00   0.020  132
   176.85    42.18   178.64     0.01     0.00    -0.01   0.021  133
   178.81    44.14   178.64     0.01     0.00    -0.00   0.020  134
   176.85    44.14   178.64     0.01     0.00    -0.00   0.021  135
   176.85    44.14   177.62     0.01     0.00    -0.00   0.020  136
   177.83    44.14   179.66     0.01     0.00    -0.00   0.021  137
   177.83    44.14   179.66     0.01     0.00    -0.00   0.020  138
   178.81    43.16   180.68     0.01     0.00    -0.01   0.021  139
   177.83    44.14   179.66     0.01     0.00    -0.00   0.020  140
   177.83    43.16   178.64     0.01     0.00    -0.00   0.020  141
   177.83    43.16   177.62     0.01     0.01    -0.00   0.021  142
   176.85    43.16   178.64     0.01     0.00    -0.00   0.020  143
   178.81    43.16   180.68     0.01     0.00    -0.00   0.021  144
   178.81    42.18   179.66     0.01     0.00    -0.00   0.020  145
   176.85    43.16   179.66     0.01     0.00    -0.00   0.021  146
   177.83    42.18   179.66     0.01     0.00    -0.01   0.020  147
   178.81    44.14   180.68     0.01     0.00    -0.00   0.021  148
   178.81    43.16   178.64     0.01     0.00    -0.00   0.020  149
   177.83    43.16   179.66     0.01     0.00    -0.00   0.021  150
   177.83    43.16   178.64     0.01     0.00    -0.00   0.020  151
   176.85    43.16   179.66     0.01     0.00    -0.00   0.021  152
   176.85    44.14   180.68     0.01     0.00    -0.00   0.020  153
   178.81    43.16   179.66     0.01     0.00    -0.00   0.021  154
   177.83    43.16   180.68     0.01     0.00    -0.00   0.020  155
   177.83    43.16   178.64     0.01     0.00    -0.00   0.021  156
   176.85    43.16   179.66     0.01     0.00    -0.00   0.020  157
   176.85    44.14   179.66     0.01     0.00    -0.00   0.021  158
   177.83    43.16   178.64     0.01     0.00    -0.00   0.020  159
   177.83    43.16   178.64     0.01     0.00    -0.00   0.021  160
   177.83    43.16   179.66     0.01     0.00    -0.00   0.020  161
   176.85    44.14   178.64     0.01     0.00    -0.00   0.021  162
   177.83    43.16   179.66     0.01     0.00    -0.00   0.020  163
   177.83    43.16   179.66     0.01     0.00    -0.00   0.021  164
   177.83    43.16   178.64     0.01     0.00    -0.00   0.020  165
   176.85    43.16   178.64     0.01     0.00    -0.00   0.020  166
   177.83    43.16   178.64     0.01     0.00    -0.00   0.021  167
   177.83    42.18   178.64     0.01     0.00    -0.00   0.020  168
   176.85    43.16   178.64     0.01     0.00    -0.00   0.021  169
   177.83    43.16   177.62     0.01     0.00    -0.00   0.020  170
   177.83    44.14   179.66     0.01     0.00    -0.00   0.021  171
   177.83    44.14   179.66     0.01     0.00    -0.00   0.020  172
   177.83    43.16   178.64     0.01     0.00    -0.00   0.021  173
   176.85    44.14   179.66     0.01     0.00    -0.00   0.020  174
   176.85    44.14   179.66     0.01     0.00    -0.00   0.021  175
   177.83    44.14   179.66     0.01     0.00    -0.00   0.020  176
   176.85    43.16   179.66     0.01     0.00    -0.00   0.021  177
   176.85    44.14   178.64     0.01     0.00    -0.01   0.020  178
   176.85    44.14   180.68     0.01     0.00    -0.00   0.021  179
   177.83    42.18   178.64     0.01     0.00    -0.00   0.020  180
   178.81    43.16   180.68     0.01     0.00    -0.00   0.021  181
   177.83    43.16   178.64     0.01     0.00    -0.00   0.020  182
   177.83    43.16   179.66     0.01     0.00    -0.00   0.021  183
   177.83    44.14   178.64     0.01     0.00    -0.00   0.020  184
   175.88    43.16   178.64     0.01     0.00    -0.01   0.021  185
   178.81    42.18   180.68     0.01     0.00    -0.00   0.020  186
   177.83    44.14   178.64     0.01     0.00    -0.00   0.021  187
   176.85    43.16   180.68     0.01     0.00    -0.00   0.020  188
   176.85    43.16   178.64     0.01     0.00    -0.00   0.021  189
   177.83    42.18   177.62     0.01     0.00    -0.00   0.020  190
   176.85    43.16   178.64     0.01     0.00    -0.00   0.020  191
   177.83    43.16   178.64     0.01     0.00    -0.00   0.021  192
   178.81    43.16   178.64     0.01     0.00    -0.00   0.020  193
   176.85    44.14   178.64     0.01     0.00    -0.00   0.021  194
   177.83    43.16   179.66     0.01     0.00    -0.00   0.020  195
   178.81    43.16   179.66     0.01     0.00    -0.00   0.021  196
   176.85    43.16   177.62     0.01     0.00    -0.00   0.020  197
   177.83    43.16   178.64     0.01     0.00    -0.00   0.021  198
   178.81    43.16   178.64     0.01     0.00    -0.00   0.020  199
   177.83    44.14   178.64     0.01     0.00    -0.00   0.021  200
   177.83    44.14   178.64     0.01     0.00    -0.00   0.020  201
   177.83    43.16   178.64     0.01     0.01    -0.00   0.021  202
   177.83    44.14   178.64     0.01     0.00    -0.00   0.020  203
   177.83    42.18   178.64     0.01     0.00    -0.00   0.021  204
   177.83    43.16   178.64     0.01     0.00    -0.00   0.020  205
   177.83    43.16   179.66     0.01     0.00    -0.00   0.021  206
   177.83    43.16   178.64     0.01     0.00    -0.00   0.020  207
   176.85    44.14   178.64     0.01     0.00    -0.00   0.021  208
   177.83    44.14   178.64     0.01     0.00    -0.00   0.020  209
   177.83    44.14   179.66     0.01     0.00    -0.00   0.021  210
   177.83    43.16   180.68     0.01     0.00    -0.00   0.020  211
   177.83    43.16   179.66     0.01     0.00    -0.00   0.021  212
   176.85    43.16   180.68     0.01     0.00    -0.00   0.020  213
   176.85    43.16   179.66     0.01     0.00    -0.00   0.021  214
   178.81    42.18   178.64     0.01     0.00    -0.00   0.020  215
   176.85    43.16   178.64     0.01     0.00    -0.01   0.020  216
   177.83    43.16   179.66     0.01     0.00    -0.00   0.021  217
   177.83    42.18   178.64     0.01     0.00    -0.00   0.020  218
   178.81    44.14   178.64     0.01     0.00    -0.00   0.021  219
   178.81    42.18   177.62     0.01     0.00    -0.00   0.020  220
   177.83    43.16   179.66     0.01     0.00    -0.00   0.021  221
   176.85    44.14   178.64     0.01     0.00    -0.00   0.020  222
   176.85    43.16   178.64     0.01     0.00    -0.00   0.021  223
   178.81    43.16   180.68     0.01     0.00    -0.00   0.020  224
   177.83    42.18   179.66     0.01     0.00    -0.00   0.021  225
   176.85    43.16   179.66     0.01     0.00    -0.00   0.020  226
   178.81    44.14   178.64     0.01     0.00    -0.00   0.021  227
   177.83    43.16   179.66     0.01     0.00    -0.00   0.020  228
   176.85    44.14   178.64     0.01     0.00    -0.00   0.021  229
   176.85    44.14   178.64     0.01     0.00    -0.00   0.020  230
   177.83    43.16   178.64     0.01     0.00    -0.00   0.021  231
   178.81    43.16   179.66     0.01     0.00    -0.00   0.020  232
   176.85    44.14   179.66     0.01     0.00    -0.00   0.021  233
   177.83    43.16   178.64     0.01     0.00    -0.00   0.020  234
   178.81    43.16   179.66     0.01     0.00    -0.00   0.021  235
   177.83    43.16   178.64     0.01     0.00    -0.00   0.020  236
   176.85    44.14   178.64     0.01     0.00    -0.00   0.021  237
   176.85    44.14   180.68     0.01     0.00    -0.00   0.020  238
   176.85    43.16   177.62     0.01     0.00    -0.00   0.021  239
   177.83    43.16   179.66     0.01     0.00    -0.00   0.020  240
   176.85    43.16   178.64     0.01     0.00    -0.00   0.020  241
   177.83    44.14   179.66     0.01     0.00    -0.00   0.021  242
   176.85    43.16   178.64     0.01     0.00    -0.00   0.020  243
   176.85    44.14   178.64     0.01     0.00    -0.00   0.021  244
   177.83    43.16   179.66     0.01     0.00    -0.00   0.020  245
   176.85    42.18   178.64     0.01     0.00    -0.00   0.021  246
   177.83    42.18   179.66     0.01     0.00    -0.00   0.020  247
   177.83    44.14   178.64     0.01     0.00    -0.00   0.021  248
   177.83    43.16   179.66     0.01     0.00    -0.00   0.020  249
   176.85    42.18   180.68     0.01     0.00    -0.00   0.021  250
   177.83    42.18   178.64     0.01     0.00    -0.00   0.020  251
   177.83    42.18   179.66     0.01     0.00    -0.00   0.021  252
   176.85    43.16   179.66     0.01     0.00    -0.00   0.020  253
   175.88    44.14   178.64     0.01     0.00    -0.00   0.021  254
   177.83    43.16   178.64     0.01     0.00    -0.00   0.020  255
   175.88    42.18   179.66     0.01     0.00    -0.00   0.021    0
   178.81    43.16   180.68     0.01     0.00    -0.00   0.020    1
   176.85    44.14   180.68     0.01     0.00    -0.00   0.021    2
   177.83    43.16   178.64     0.01     0.00    -0.00   0.020    3
   178.81    43.16   180.68     0.01     0.00    -0.00   0.021    4
   176.85    43.16   178.64     0.01     0.00    -0.01   0.020    5
   177.83    42.18   179.66     0.01     0.00    -0.00   0.021    6
   177.83    44.14   180.68     0.01     0.00    -0.01   0.020    7
   177.83    43.16   178.64     0.01     0.00    -0.00   0.021    8
   177.83    43.16   177.62     0.01     0.00    -0.00   0.020    9
   176.85    43.16   178.64     0.01     0.00    -0.00   0.020   10
   177.83    43.16   178.64     0.01     0.00    -0.00   0.021   11
   176.85    42.18   179.66     0.01     0.00    -0.00   0.020   12
   175.88    43.16   178.64     0.01     0.00    -0.01   0.021   13
   177.83    43.16   178.64     0.01     0.00    -0.01   0.020   14
   176.85    43.16   180.68     0.01     0.00    -0.00   0.021   15
   177.83    43.16   177.62     0.01     0.00    -0.00   0.020   16
   177.83    42.18   178.64     0.01     0.00    -0.00   0.021   17
   175.88    44.14   178.64     0.01     0.00    -0.00   0.020   18
   176.85    44.14   178.64     0.01     0.00    -0.00   0.021   19
   177.83    43.16   178.64     0.01     0.00    -0.00   0.020   20
   176.85    43.16   180.68     0.01     0.00    -0.00   0.021   21
   177.83    44.14   179.66     0.01     0.00    -0.01   0.020   22
   177.83    42.18   179.66     0.01     0.00    -0.01   0.021   23
   177.83    41.20   178.64     0.01     0.00    -0.00   0.020   24
   177.83    42.18   178.64     0.01     0.00    -0.00   0.021   25
   176.85    43.16   179.66     0.01     0.00    -0.00   0.020   26
   177.83    44.14   179.66     0.01     0.00    -0.00   0.021   27
   177.83    44.14   179.66     0.01     0.00    -0.00   0.020   28
   176.85    43.16   177.62     0.01     0.00    -0.00   0.021   29
   178.81    42.18   178.64     0.01     0.00    -0.00   0.020   30
   176.85    43.16   178.64     0.01     0.00    -0.00   0.021   31
   176.85    43.16   179.66     0.01     0.00    -0.00   0.020   32
   178.81    43.16   178.64     0.01     0.00    -0.00   0.021   33
   176.85    43.16   179.66     0.01     0.00    -0.00   0.020   34
   177.83    42.18   179.66     0.01     0.00    -0.00   0.020   35
   177.83    43.16   179.66     0.01     0.00    -0.00   0.021   36
   177.83    43.16   178.64     0.01     0.00    -0.00   0.020   37
   176.85    43.16   180.68     0.01     0.00    -0.00   0.021   38
   178.81    43.16   179.66     0.01     0.00    -0.00   0.020   39
   178.81    43.16   179.66     0.01     0.00    -0.00   0.021   40
   177.83    43.16   179.66     0.01     0.00    -0.00   0.020   41
   177.83    43.16   179.66     0.01     0.00    -0.00   0.021   42
   177.83    43.16   179.66     0.01     0.00    -0.00   0.020   43
   177.83    44.14   177.62     0.01     0.00    -0.00   0.021   44
   178.81    43.16   179.66     0.01     0.00    -0.00   0.020   45
   176.85    43.16   179.66     0.01     0.00    -0.00   0.021   46
   177.83    42.18   181.69     0.01     0.00    -0.00   0.020   47
   176.85    44.14   181.69     0.01     0.00    -0.00   0.021   48
   176.85    44.14   178.64     0.01     0.00    -0.00   0.020   49
   178.81    42.18   180.68     0.01     0.00    -0.00   0.021   50
   177.83    43.16   179.66     0.01     0.00    -0.00   0.020   51
   178.81    43.16   180.68     0.01     0.00    -0.00   0.021   52
   177.83    43.16   179.66     0.01     0.00    -0.00   0.020   53
   177.83    42.18   179.66     0.01     0.00    -0.00   0.021   54
   177.83    44.14   179.66     0.01     0.00    -0.00   0.020   55
   177.83    44.14   178.64     0.01     0.00    -0.00   0.021   56
   177.83    43.16   178.64     0.01     0.00    -0.00   0.020   57
   176.85    43.16   178.64     0.01     0.00    -0.00   0.021   58
   176.85    43.16   179.66     0.01     0.00    -0.00   0.020   59
   176.85    43.16   178.64     0.01     0.00    -0.00   0.020   60
   177.83    41.20   179.66     0.01     0.00    -0.00   0.021   61
   178.81    42.18   179.66     0.01     0.00    -0.00   0.020   62
   176.85    44.14   179.66     0.01     0.00    -0.00   0.021   63
   176.85    43.16   178.64     0.01     0.00    -0.00   0.020   64
   177.83    43.16   179.66     0.01     0.00    -0.01   0.021   65
   178.81    43.16   179.66     0.01     0.00    -0.00   0.020   66
   177.83    43.16   181.69     0.01     0.00    -0.01   0.021   67
   177.83    42.18   179.66     0.01     0.00    -0.00   0.020   68
   177.83    43.16   178.64     0.01     0.00    -0.00   0.021   69
   179.79    43.16   179.66     0.01     0.00    -0.00   0.020   70
   177.83    43.16   179.66     0.01     0.00    -0.00   0.021   71
   177.83    43.16   179.66     0.01     0.00    -0.00   0.020   72
   177.83    43.16   179.66     0.01     0.00    -0.00   0.021   73
   177.83    42.18   179.66     0.01     0.00    -0.00   0.020   74
   177.83    43.16   179.66     0.01     0.00    -0.00   0.021   75
   177.83    43.16   180.68     0.01     0.01    -0.00   0.020   76
   178.81    42.18   180.68     0.01     0.00    -0.00   0.021   77
   177.83    43.16   179.66     0.01     0.00    -0.00   0.020   78
   177.83    43.16   178.64     0.01     0.00    -0.00   0.021   79
   177.83    43.16   178.64     0.01     0.00    -0.00   0.020   80
   177.83    43.16   179.66     0.01     0.00    -0.00   0.021   81
   178.81    44.14   178.64     0.01     0.00    -0.00   0.020   82
   176.85    42.18   178.64     0.01     0.00    -0.00   0.021   83
   177.83    43.16   179.66     0.01     0.00    -0.00   0.020   84
   177.83    44.14   178.64     0.01     0.00    -0.00   0.020   85
   178.81    43.16   178.64     0.01     0.00    -0.00   0.021   86
   177.83    44.14   179.66     0.01     0.00    -0.00   0.020   87
   177.83    43.16   178.64     0.01     0.00    -0.00   0.021   88
   177.83    43.16   178.64     0.01     0.00    -0.00   0.020   89
   177.83    42.18   179.66     0.01     0.00    -0.00   0.021   90
   177.83    44.14   179.66     0.01     0.00    -0.00   0.020   91
   177.83    43.16   178.64     0.01     0.00    -0.00   0.021   92
   176.85    43.16   178.64     0.01     0.00    -0.00   0.020   93
   177.83    44.14   179.66     0.01     0.00    -0.00   0.021   94
   177.83    43.16   180.68     0.01     0.00    -0.00   0.020   95
   177.83    43.16   179.66     0.01     0.00    -0.00   0.021   96
   177.83    43.16   179.66     0.01     0.00    -0.00   0.020   97
   176.85    43.16   178.64     0.01     0.00    -0.00   0.021   98
   177.83    43.16   180.68     0.01     0.00    -0.00   0.020   99
   176.85    43.16   178.64     0.01     0.00    -0.00   0.021  100
   176.85    43.16   179.66     0.01     0.00    -0.00   0.020  101
   176.85    44.14   179.66     0.01     0.00    -0.00   0.021  102
   176.85    44.14   179.66     0.01     0.00    -0.00   0.020  103
   178.81    42.18   178.64     0.01     0.00    -0.00   0.021  104
   176.85    42.18   179.66     0.01     0.00    -0.00   0.020  105
   176.85    43.16   180.68     0.01     0.00    -0.00   0.021  106
   177.83    42.18   179.66     0.01     0.00    -0.00   0.020  107
   176.85    41.20   178.64     0.01     0.00    -0.00   0.021  108
   177.83    43.16   179.66     0.01     0.00    -0.00   0.020  109
   178.81    44.14   179.66     0.01     0.00    -0.00   0.020  110
   176.85    42.18   180.68     0.01     0.00    -0.00   0.021  111
   176.85    43.16   178.64     0.01     0.00    -0.00   0.020  112
   176.85    44.14   178.64     0.01     0.00    -0.00   0.021  113
   178.81    42.18   179.66     0.01     0.00    -0.00   0.020  114
   177.83    43.16   179.66     0.01     0.00    -0.00   0.021  115
   176.85    44.14   179.66     0.01     0.00    -0.00   0.020  116
   178.81    43.16   179.66     0.01     0.00    -0.00   0.021  117
   176.85    42.18   180.68     0.01     0.00    -0.00   0.020  118
   176.85    42.18   179.66     0.01     0.00    -0.00   0.021  119
   176.85    42.18   178.64     0.01     0.00    -0.00   0.020  120
   176.85    43.16   178.64     0.01     0.00    -0.00   0.021  121
   177.83    43.16   178.64     0.01     0.00    -0.00   0.020  122
   177.83    43.16   179.66     0.01     0.00    -0.00   0.021  123
   176.85    43.16   178.64     0.01     0.00    -0.01   0.020  124
   177.83    43.16   178.64     0.01     0.00    -0.00   0.021  125
   176.85    43.16   179.66     0.01     0.00    -0.00   0.020  126
   177.83    44.14   179.66     0.01     0.00    -0.00   0.021  127
   176.85    42.18   178.64     0.01     0.00    -0.00   0.020  128
   177.83    43.16   178.64     0.01     0.00    -0.00   0.021  129
   177.83    43.16   178.64     0.01     0.00    -0.00   0.020  130
   176.85    43.16   179.66     0.01     0.00    -0.00   0.021  131
   177.83    44.14   179.66     0.01     0.00    -0.00   0.020  132
   178.81    43.16   179.66     0.01     0.00    -0.00   0.021  133
   177.83    43.16   179.66     0.01     0.00    -0.00   0.020  134
   177.83    43.16   178.64     0.01     0.00    -0.00   0.020  135
   176.85    42.18   178.64     0.01     0.00    -0.01   0.021  136
   177.83    42.18   178.64     0.01     0.00    -0.00   0.020  137
   176.85    43.16   179.66     0.01     0.00    -0.01   0.021  138
   178.81    43.16   179.66     0.01     0.00    -0.00   0.020  139
   177.83    43.16   178.64     0.01     0.00    -0.00   0.021  140
   177.83    42.18   178.64     0.01     0.00    -0.00   0.020  141
   177.83    43.16   179.66     0.01     0.00    -0.00   0.021  142
   176.85    44.14   179.66     0.01     0.00    -0.00   0.020  143
   177.83    44.14   178.64     0.01     0.00    -0.00   0.021  144
   177.83    44.14   179.66     0.01     0.00    -0.00   0.020  145
   176.85    43.16   178.64     0.01     0.00    -0.00   0.021  146
   178.81    43.16   178.64     0.01     0.00    -0.00   0.020  147
   176.85    42.18   178.64     0.01     0.00    -0.00   0.021  148
   177.83    43.16   180.68     0.01     0.00    -0.00   0.020  149
   177.83    43.16   179.66     0.01     0.00    -0.00   0.021  150
   177.83    42.18   180.68     0.01     0.00    -0.00   0.020  151
   177.83    43.16   178.64     0.01     0.00    -0.00   0.021  152
   177.83    42.18   178.64     0.01     0.00    -0.00   0.020  153
   178.81    43.16   181.69     0.01     0.00    -0.00   0.021  154
   176.85    43.16   178.64     0.01     0.00    -0.00   0.020  155
   176.85    42.18   179.66     0.01     0.01    -0.00   0.021  156
   177.83    43.16   179.66     0.01     0.00    -0.00   0.020  157
   177.83    43.16   179.66     0.01     0.00    -0.00   0.021  158
   177.83    43.16   179.66     0.01     0.00    -0.00   0.020  159
   177.83    44.14   179.66     0.01     0.00    -0.00   0.020  160
   175.88    44.14   179.66     0.01     0.00    -0.00   0.021  161
   177.83    44.14   179.66     0.01     0.00    -0.00   0.020  162
   177.83    43.16   179.66     0.01     0.00    -0.00   0.021  163
   177.83    43.16   179.66     0.01     0.00    -0.00   0.020  164
   177.83    43.16   180.68     0.01     0.00    -0.00   0.021  165
   178.81    43.16   179.66     0.01     0.00    -0.00   0.020  166
   177.83    44.14   178.64     0.01     0.00    -0.00   0.021  167
   177.83    43.16   179.66     0.01     0.00    -0.01   0.020  168
   177.83    43.16   178.64     0.01     0.00    -0.00   0.021  169
   177.83    44.14   179.66     0.01     0.00    -0.00   0.020  170
   178.81    43.16   178.64     0.01     0.00    -0.00   0.021  171
   177.83    43.16   178.64     0.01     0.00    -0.00   0.020  172
   177.83    42.18   179.66     0.01     0.00    -0.00   0.021  173
   176.85    42.18   178.64     0.01     0.00    -0.00   0.020  174
   177.83    42.18   178.64     0.01     0.00    -0.00   0.021  175
   177.83    41.20   179.66     0.01     0.00    -0.00   0.020  176
   177.83    44.14   178.64     0.01     0.00    -0.01   0.021  177
   177.83    43.16   178.64     0.01     0.00    -0.01   0.020  178
   178.81    43.16   179.66     0.01     0.00    -0.00   0.021  179
   178.81    42.18   178.64     0.01     0.00    -0.00   0.020  180
   176.85    44.14   180.68     0.01     0.00    -0.01   0.021  181
   176.85    42.18   178.64     0.01     0.00    -0.00   0.020  182
   177.83    43.16   178.64     0.01     0.00    -0.00   0.021  183
   177.83    42.18   178.64     0.01     0.00    -0.00   0.020  184
   177.83    42.18   177.62     0.01     0.00    -0.00   0.020  185
   176.85    43.16   179.66     0.01     0.00    -0.00   0.021  186
   177.83    43.16   178.64     0.01     0.00    -0.00   0.020  187
   175.88    43.16   179.66     0.01     0.00    -0.00   0.021  188
   177.83    43.16   178.64     0.01     0.00    -0.00   0.020  189
   177.83    42.18   178.64     0.01     0.00    -0.00   0.021  190
   177.83    43.16   178.64     0.01     0.00    -0.00   0.020  191
   177.83    43.16   178.64     0.01     0.00    -0.00   0.021  192
   177.83    43.16   179.66     0.01     0.00    -0.00   0.020  193
   175.88    43.16   179.66     0.01     0.00    -0.00   0.021  194
   176.85    43.16   176.60     0.01     0.00    -0.00   0.020  195
   177.83    42.18   179.66     0.01     0.00    -0.00   0.021  196
   176.85    42.18   179.66     0.01     0.00    -0.00   0.020  197
   177.83    43.16   180.68     0.01     0.00    -0.00   0.021  198
   176.85    43.16   178.64     0.01     0.00    -0.00   0.020  199
   176.85    43.16   179.66     0.01     0.00    -0.00   0.021  200
   177.83    42.18   178.64     0.01     0.00    -0.00   0.020  201
   177.83    42.18   178.64     0.01     0.00    -0.00   0.021  202
   177.83    43.16   179.66     0.01     0.00    -0.00   0.020  203
   177.83    43.16   179.66     0.01     0.00    -0.00   0.021  204
   176.85    43.16   179.66     0.01     0.00    -0.00   0.020  205
   176.85    43.16   179.66     0.01     0.00    -0.00   0.021  206
   176.85    43.16   180.68     0.01     0.00    -0.00   0.020  207
   177.83    42.18   179.66     0.01     0.00    -0.00   0.021  208
   177.83    43.16   179.66     0.01     0.00    -0.00   0.020  209
   178.81    42.18   179.66     0.01     0.00    -0.00   0.020  210
   176.85    43.16   179.66     0.01     0.00    -0.00   0.021  211
   176.85    43.16   179.66     0.01     0.00    -0.00   0.020  212
   177.83    44.14   180.68     0.01     0.00    -0.00   0.021  213
   176.85    42.18   177.62     0.01     0.00    -0.01   0.020  214
   177.83    43.16   179.66     0.01     0.00    -0.00   0.021  215
   176.85    42.18   179.66     0.01     0.00    -0.00   0.020  216
   177.83    42.18   179.66     0.01     0.00    -0.00   0.021  217
   176.85    42.18   179.66     0.01     0.00    -0.00   0.020  218
   177.83    42.18   178.64     0.01     0.00    -0.00   0.021  219
   177.83    43.16   178.64     0.01     0.00    -0.00   0.020  220
   177.83    42.18   179.66     0.01     0.00    -0.00   0.021  221
   176.85    42.18   178.64     0.01     0.00    -0.00   0.020  222
   177.83    43.16   178.64     0.01     0.00    -0.00   0.021  223
   177.83    43.16   179.66     0.01     0.00    -0.00   0.020  224
   177.83    41.20   178.64     0.01     0.00    -0.00   0.021  225
   176.85    43.16   177.62     0.01     0.00    -0.00   0.020  226
   177.83    42.18   180.68     0.01     0.00    -0.00   0.021  227
   177.83    43.16   179.66     0.01     0.00    -0.01   0.020  228
   177.83    42.18   180.68     0.01     0.00    -0.01   0.021  229
   177.83    42.18   178.64     0.01     0.00    -0.00   0.020  230
   177.83    43.16   178.64     0.01     0.00    -0.01   0.021  231
   177.83    43.16   179.66     0.01     0.00    -0.01   0.020  232
   177.83    42.18   179.66     0.01     0.00    -0.01   0.021  233
   176.85    43.16   178.64     0.01     0.00    -0.01   0.020  234
   176.85    42.18   177.62     0.01     0.00    -0.01   0.020  235
   177.83    43.16   178.64     0.01     0.00    -0.01   0.021  236
   177.83    43.16   181.69     0.01     0.00    -0.01   0.020  237
   177.83    43.16   178.64     0.01     0.00    -0.01   0.021  238
   176.85    43.16   179.66     0.01     0.00    -0.00   0.020  239
   177.83    43.16   178.64     0.01     0.00    -0.00   0.021  240
   176.85    42.18   178.64     0.01     0.00    -0.01   0.020  241
   177.83    44.14   179.66     0.01     0.00    -0.01   0.021  242
   176.85    44.14   179.66     0.01     0.00    -0.01   0.020  243
   177.83    43.16   179.66     0.01     0.00    -0.01   0.021  244
   177.83    43.16   178.64     0.01     0.00    -0.01   0.020  245
   177.83    43.16   177.62     0.01     0.00    -0.00   0.021  246
   177.83    43.16   178.64     0.01     0.00    -0.00   0.020  247
   176.85    43.16   178.64     0.01     0.00    -0.00   0.021  248
   176.85    44.14   179.66     0.01     0.00    -0.00   0.020  249
   178.81    44.14   178.64     0.01     0.00    -0.00   0.021  250
   177.83    43.16   179.66     0.01     0.00    -0.00   0.020  251
   176.85    43.16   179.66     0.01     0.00    -0.00   0.021  252
   176.85    42.18   179.66     0.01     0.00    -0.00   0.020  253
   176.85    43.16   178.64     0.01     0.00    -0.00   0.021  254
   176.85    43.16   178.64     0.01     0.00    -0.00   0.020  255
   177.83    43.16   179.66     0.01     0.00    -0.00   0.021    0
   177.83    43.16   179.66     0.01     0.00    -0.00   0.020    1
   177.83    43.16   179.66     0.01     0.00    -0.00   0.021    2
   176.85    44.14   179.66     0.01     0.00    -0.00   0.020    3
   176.85    44.14   179.66     0.01     0.00    -0.00   0.020    4
   177.83    43.16   179.66     0.01     0.00    -0.00   0.021    5
   176.85    43.16   179.66     0.01     0.00    -0.00   0.020    6
   177.83    44.14   179.66     0.01     0.00    -0.00   0.021    7
   178.81    42.18   177.62     0.01     0.00    -0.00   0.020    8
   177.83    43.16   177.62     0.01     0.00    -0.00   0.021    9
   177.83    43.16   179.66     0.01     0.00    -0.00   0.020   10
   176.85    43.16   179.66     0.01     0.00    -0.01   0.021   11
   177.83    43.16   179.66     0.01     0.00    -0.00   0.020   12
   177.83    42.18   179.66     0.01     0.00    -0.00   0.021   13
   177.83    42.18   178.64     0.01     0.00    -0.00   0.020   14
   177.83    44.14   178.64     0.01     0.00    -0.01   0.021   15
   177.83    44.14   178.64     0.01     0.00    -0.00   0.020   16
   177.83    44.14   179.66     0.01     0.00    -0.00   0.021   17
   178.81    44.14   178.64     0.01     0.00    -0.00   0.020   18
   178.81    42.18   178.64     0.01     0.00    -0.00   0.021   19
   177.83    42.18   179.66     0.01     0.00    -0.00   0.020   20
   178.81    43.16   178.64     0.01     0.00    -0.00   0.021   21
   177.83    44.14   180.68     0.01     0.00    -0.00   0.020   22
   177.83    42.18   179.66     0.01     0.00    -0.00   0.021   23
   176.85    43.16   179.66     0.01     0.00    -0.00   0.020   24
   176.85    43.16   180.68     0.01     0.00    -0.00   0.021   25
   178.81    44.14   180.68     0.01     0.00    -0.00   0.020   26
   178.81    43.16   179.66     0.01     0.00    -0.00   0.021   27
   177.83    43.16   180.68     0.01     0.00    -0.00   0.020   28
   177.83    42.18   178.64     0.01     0.00    -0.01   0.020   29
   176.85    42.18   179.66     0.01     0.00    -0.00   0.021   30
   177.83    43.16   179.66     0.01     0.00    -0.00   0.020   31
   177.83    44.14   178.64     0.01     0.00    -0.00   0.021   32
   177.83    43.16   179.66     0.01     0.00    -0.00   0.020   33
   178.81    43.16   179.66     0.01     0.00    -0.00   0.021   34
   177.83    43.16   179.66     0.01     0.00    -0.00   0.020   35
   177.83    44.14   179.66     0.01     0.00    -0.00   0.021   36
   177.83    44.14   179.66     0.01     0.00    -0.00   0.020   37
   176.85    43.16   179.66     0.01     0.00    -0.00   0.021   38
   178.81    44.14   178.64     0.01     0.00    -0.00   0.020   39
   177.83    42.18   179.66     0.01     0.00    -0.00   0.021   40
   178.81    43.16   179.66     0.01     0.00    -0.01   0.020   41
   177.83    44.14   179.66     0.01     0.00    -0.00   0.021   42
   177.83    44.14   179.66     0.01     0.00    -0.00   0.020   43
   178.81    43.16   178.64     0.01     0.00    -0.00   0.021   44
   177.83    43.16   178.64     0.01     0.00    -0.00   0.020   45
   176.85    44.14   179.66     0.01     0.00    -0.00   0.021   46
   178.81    43.16   179.66     0.01     0.00    -0.00   0.020   47
   177.83    42.18   178.64     0.01     0.00    -0.00   0.021   48
   176.85    42.18   178.64     0.01     0.00    -0.00   0.020   49
   177.83    44.14   180.68     0.01     0.00    -0.00   0.021   50
   176.85    43.16   180.68     0.01     0.00    -0.00   0.020   51
   177.83    43.16   179.66     0.01     0.00    -0.00   0.021   52
   176.85    43.16   179.66     0.01     0.00    -0.00   0.020   53
   177.83    43.16   180.68     0.01     0.00    -0.00   0.020   54
   177.83    44.14   179.66     0.01     0.00    -0.00   0.021   55
   177.83    42.18   179.66     0.01     0.00    -0.00   0.020   56
   177.83    43.16   179.66     0.01     0.00    -0.00   0.021   57
   177.83    43.16   178.64     0.01     0.00    -0.00   0.020   58
   177.83    44.14   179.66     0.01     0.00    -0.00   0.021   59
   177.83    44.14   178.64     0.01     0.00    -0.00   0.020   60
   178.81    43.16   179.66     0.01     0.00    -0.00   0.021   61
   177.83    43.16   178.64     0.01     0.00    -0.00   0.020   62
   178.81    42.18   179.66     0.01     0.00    -0.00   0.021   63
   176.85    43.16   179.66     0.01     0.00    -0.00   0.020   64
   177.83    44.14   179.66     0.01     0.00    -0.00   0.021   65
