   173.92    36.29   182.71     0.01     0.00    -0.00   0.021    0
   174.90    35.31   182.71     0.01     0.00    -0.00   0.020    1
   173.92    36.29   183.73     0.01     0.00    -0.00   0.021    2
   172.95    36.29   182.71     0.01     0.00    -0.00   0.020    3
   173.92    35.31   183.73     0.01     0.00    -0.00   0.021    4
   172.95    35.31   182.71     0.01     0.00    -0.00   0.020    5
   174.90    35.31   182.71     0.01     0.00    -0.00   0.021    6
   173.92    36.29   183.73     0.01     0.00    -0.00   0.020    7
   172.95    35.31   183.73     0.01     0.00    -0.00   0.021    8
   174.90    35.31   183.73     0.01    -0.00    -0.00   0.020    9
   172.95    35.31   185.77     0.01     0.00    -0.00   0.021   10
   173.92    36.29   182.71     0.01     0.00    -0.00   0.020   11
   174.90    36.29   184.75     0.01     0.00    -0.00   0.021   12
   173.92    35.31   182.71     0.01     0.00    -0.00   0.020   13
   173.92    35.31   184.75     0.01     0.00    -0.00   0.021   14
   173.92    36.29   183.73     0.01     0.00    -0.00   0.020   15
   172.95    35.31   183.73     0.01    -0.00    -0.00   0.020   16
   172.95    36.29   184.75     0.01     0.00    -0.00   0.021   17
   173.92    35.31   182.71     0.01     0.00    -0.00   0.020   18
   174.90    36.29   182.71     0.01     0.00    -0.00   0.021   19
   172.95    36.29   184.75     0.01     0.00    -0.00   0.020   20
   173.92    35.31   183.73     0.01     0.00    -0.00   0.021   21
   173.92    35.31   183.73     0.01    -0.00    -0.00   0.020   22
   172.95    36.29   182.71     0.01     0.00    -0.00   0.021   23
   174.90    35.31   184.75     0.01     0.00    -0.00   0.020   24
   173.92    36.29   182.71     0.01     0.00    -0.00   0.021   25
   172.95    35.31   184.75     0.01     0.00    -0.00   0.020   26
   174.90    35.31   185.77     0.01     0.00    -0.00   0.021   27
   172.95    35.31   182.71     0.01     0.00    -0.00   0.020   28
   174.90    36.29   184.75     0.01     0.00    -0.00   0.021   29
   173.92    37.27   181.69     0.01     0.00    -0.00   0.020   30
   173.92    34.33   182.71     0.01    -0.00    -0.00   0.021   31
   173.92    37.27   183.73     0.01     0.00    -0.00   0.020   32
   173.92    35.31   183.73     0.01     0.00     0.00   0.021   33
   172.95    35.31   183.73     0.01     0.00    -0.00   0.020   34
   174.90    36.29   183.73     0.01     0.00    -0.00   0.021   35
   172.95    36.29   184.75     0.01     0.00    -0.00   0.020   36
   174.90    35.31   184.75     0.01     0.00    -0.00   0.021   37
   172.95    35.31   182.71     0.01     0.00    -0.00   0.020   38
   172.95    36.29   182.71     0.01     0.00    -0.00   0.021   39
   173.92    35.31   184.75     0.01     0.00    -0.00   0.020   40
   173.92    35.31   183.73     0.01     0.00    -0.00   0.020   41
   174.90    35.31   183.73     0.01     0.00    -0.00   0.021   42
   174.90    36.29   183.73     0.01     0.00    -0.00   0.020   43
   173.92    36.29   183.73     0.01     0.00    -0.00   0.021   44
   173.92    35.31   183.73     0.01     0.00    -0.00   0.020   45
   172.95    36.29   183.73     0.01     0.00    -0.00   0.021   46
   172.95    37.27   185.77     0.01     0.00    -0.00   0.020   47
   174.90    36.29   185.77     0.01     0.00    -0.00   0.021   48
   173.92    34.33   182.71     0.01     0.00     0.00   0.020   49
   173.92    36.29   183.73     0.01     0.00    -0.00   0.021   50
   172.95    35.31   183.73     0.01     0.00    -0.00   0.020   51
   173.92    36.29   183.73     0.01     0.00    -0.00   0.021   52
   173.92    35.31   183.73     0.01     0.00    -0.00   0.020   53
   173.92    34.33   183.73     0.01     0.00    -0.00   0.021   54
   173.92    35.31   182.71     0.01     0.00    -0.00   0.020   55
   172.95    35.31   181.69     0.01     0.00    -0.00   0.021   56
   172.95    35.31   183.73     0.01     0.00    -0.00   0.020   57
   173.92    36.29   184.75     0.01     0.00    -0.00   0.021   58
   173.92    35.31   183.73     0.01    -0.00    -0.00   0.020   59
   173.92    36.29   183.73     0.01     0.00    -0.00   0.021   60
   173.92    35.31   183.73     0.01     0.00    -0.00   0.020   61
   172.95    35.31   182.71     0.01     0.00    -0.00   0.021   62
   173.92    36.29   183.73     0.01     0.00    -0.00   0.020   63
   173.92    35.31   184.75     0.01     0.00    -0.00   0.021   64
   174.90    36.29   183.73     0.01     0.00    -0.00   0.020   65
   172.95    35.31   183.73     0.01     0.00    -0.00   0.020   66
   172.95    34.33   182.71     0.01     0.00    -0.00   0.021   67
   173.92    36.29   184.75     0.01     0.00    -0.00   0.020   68
   173.92    36.29   184.75     0.01     0.00     0.00   0.021   69
   173.92    35.31   182.71     0.01     0.00    -0.00   0.020   70
   173.92    36.29   184.75     0.01     0.00     0.00   0.021   71
   172.95    35.31   183.73     0.01     0.00    -0.00   0.020   72
   172.95    35.31   184.75     0.01     0.00    -0.00   0.021   73
   172.95    36.29   183.73     0.01     0.00    -0.00   0.020   74
   173.92    36.29   183.73     0.01     0.00    -0.00   0.021   75
   173.92    36.29   184.75     0.01     0.00    -0.00   0.020   76
   174.90    36.29   183.73     0.01     0.00    -0.00   0.021   77
   173.92    34.33   182.71     0.01     0.00    -0.00   0.020   78
   172.95    35.31   184.75     0.01     0.00    -0.00   0.021   79
   173.92    35.31   183.73     0.01     0.00     0.00   0.020   80
   173.92    35.31   183.73     0.01     0.00    -0.00   0.021   81
   174.90    37.27   184.75     0.01     0.00    -0.00   0.020   82
   172.95    35.31   183.73     0.01     0.00    -0.00   0.021   83
   173.92    35.31   183.73     0.01     0.00    -0.00   0.020   84
   172.95    35.31   183.73     0.01     0.00    -0.00   0.021   85
   173.92    36.29   182.71     0.01     0.00    -0.00   0.020   86
   173.92    36.29   184.75     0.01     0.00    -0.00   0.021   87
   174.90    36.29   183.73     0.01     0.00    -0.00   0.020   88
   173.92    36.29   183.73     0.01     0.00    -0.00   0.021   89
   173.92    35.31   183.73     0.01     0.00    -0.00   0.020   90
   172.95    37.27   183.73     0.01     0.00    -0.00   0.020   91
   173.92    35.31   183.73     0.01     0.00    -0.00   0.021   92
   172.95    35.31   184.75     0.01     0.00    -0.00   0.020   93
   174.90    36.29   185.77     0.01     0.00    -0.00   0.021   94
   172.95    35.31   183.73     0.01     0.00    -0.00   0.020   95
   173.92    35.31   182.71     0.01     0.00    -0.00   0.021   96
   173.92    36.29   184.75     0.01     0.00    -0.00   0.020   97
   172.95    36.29   185.77     0.01     0.00    -0.00   0.021   98
   174.90    36.29   184.75     0.01     0.00    -0.00   0.020   99
   173.92    35.31   183.73     0.01     0.00    -0.00   0.021  100
   173.92    35.31   183.73     0.01     0.00    -0.00   0.020  101
   173.92    35.31   184.75     0.01     0.00    -0.00   0.021  102
   173.92    35.31   183.73     0.01     0.00    -0.00   0.020  103
   173.92    35.31   185.77     0.01     0.00    -0.00   0.021  104
   173.92    35.31   183.73     0.01     0.00    -0.00   0.020  105
   173.92    35.31   184.75     0.01     0.00    -0.00   0.021  106
   173.92    35.31   183.73     0.01     0.00    -0.00   0.020  107
   172.95    35.31   183.73     0.01     0.00    -0.00   0.021  108
   173.92    35.31   183.73     0.01     0.00    -0.00   0.020  109
   173.92    36.29   182.71     0.01     0.00    -0.00   0.021  110
   173.92    36.29   184.75     0.01     0.00    -0.00   0.020  111
   172.95    37.27   184.75     0.01    -0.00    -0.00   0.021  112
   173.92    35.31   181.69     0.01     0.00    -0.00   0.020  113
   174.90    35.31   184.75     0.01     0.00    -0.00   0.021  114
   173.92    35.31   183.73     0.01     0.00    -0.00   0.020  115
   173.92    35.31   184.75     0.01    -0.00    -0.00   0.020  116
   173.92    36.29   184.75     0.01     0.00    -0.00   0.021  117
   173.92    35.31   183.73     0.01     0.00    -0.00   0.020  118
   173.92    36.29   185.77     0.01     0.00    -0.00   0.021  119
   172.95    35.31   183.73     0.01     0.00     0.00   0.020  120
   174.90    35.31   183.73     0.01     0.00    -0.00   0.021  121
   172.95    36.29   183.73     0.01     0.00    -0.00   0.020  122
   173.92    35.31   182.71     0.01     0.00    -0.00   0.021  123
   173.92    36.29   184.75     0.01     0.00     0.00   0.020  124
   174.90    34.33   183.73     0.01     0.00    -0.00   0.021  125
   173.92    35.31   182.71     0.01     0.00    -0.00   0.020  126
   172.95    36.29   184.75     0.01     0.00    -0.00   0.021  127
   172.95    36.29   183.73     0.01     0.00    -0.00   0.020  128
   173.92    36.29   183.73     0.01     0.00    -0.00   0.021  129
   172.95    37.27   183.73     0.01     0.00    -0.00   0.020  130
   174.90    35.31   183.73     0.01     0.00    -0.00   0.021  131
   174.90    36.29   184.75     0.01     0.00    -0.00   0.020  132
   172.95    36.29   183.73     0.01     0.00    -0.00   0.021  133
   174.90    36.29   183.73     0.01     0.00    -0.00   0.020  134
   173.92    36.29   183.73     0.01     0.00    -0.00   0.021  135
   174.90    36.29   183.73     0.01     0.00    -0.00   0.020  136
   173.92    36.29   184.75     0.01     0.00    -0.00   0.021  137
   173.92    35.31   183.73     0.01     0.00    -0.00   0.020  138
   174.90    36.29   183.73     0.01     0.00    -0.00   0.021  139
   173.92    35.31   183.73     0.01     0.00    -0.00   0.020  140
   174.90    34.33   184.75     0.01     0.00    -0.00   0.020  141
   174.90    35.31   183.73     0.01     0.00    -0.00   0.021  142
   173.92    34.33   183.73     0.01     0.00    -0.00   0.020  143
   172.95    35.31   183.73     0.01     0.00    -0.00   0.021  144
   173.92    35.31   183.73     0.01    -0.00    -0.00   0.020  145
   173.92    36.29   185.77     0.01     0.00    -0.00   0.021  146
   173.92    36.29   184.75     0.01     0.00    -0.00   0.020  147
   173.92    35.31   184.75     0.01    -0.00    -0.00   0.021  148
   173.92    35.31   184.75     0.01     0.00    -0.00   0.020  149
   173.92    35.31   185.77     0.01    -0.00    -0.00   0.021  150
   173.92    36.29   183.73     0.01     0.00    -0.00   0.020  151
   174.90    34.33   182.71     0.01     0.00    -0.00   0.021  152
   173.92    35.31   184.75     0.01     0.00    -0.00   0.020  153
   173.92    35.31   183.73     0.01     0.00     0.00   0.021  154
   174.90    38.25   182.71     0.01     0.00    -0.00   0.020  155
   174.90    35.31   184.75     0.01     0.00    -0.00   0.021  156
   173.92    35.31   184.75     0.01     0.00    -0.00   0.020  157
   173.92    36.29   182.71     0.01     0.00    -0.00   0.021  158
   173.92    35.31   184.75     0.01     0.00    -0.00   0.020  159
   175.88    36.29   183.73     0.01     0.00    -0.00   0.021  160
   173.92    35.31   183.73     0.01    -0.00    -0.00   0.020  161
   172.95    36.29   183.73     0.01     0.00    -0.00   0.021  162
   173.92    35.31   183.73     0.01     0.00    -0.00   0.020  163
   173.92    35.31   182.71     0.01     0.00    -0.00   0.021  164
   173.92    36.29   184.75     0.01     0.00    -0.00   0.020  165
   174.90    36.29   184.75     0.01     0.00    -0.00   0.020  166
   173.92    36.29   183.73     0.01     0.00    -0.00   0.021  167
   173.92    35.31   184.75     0.01     0.00    -0.00   0.020  168
   173.92    34.33   182.71     0.01    -0.00    -0.00   0.021  169
   174.90    36.29   184.75     0.01     0.00    -0.00   0.020  170
   173.92    36.29   184.75     0.01     0.00    -0.00   0.021  171
   173.92    36.29   184.75     0.01     0.00    -0.00   0.020  172
   172.95    36.29   183.73     0.01    -0.00    -0.00   0.021  173
   173.92    36.29   183.73     0.01    -0.00    -0.00   0.020  174
   173.92    36.29   183.73     0.01     0.00    -0.00   0.021  175
   175.88    36.29   185.77     0.01     0.00    -0.00   0.020  176
   172.95    36.29   183.73     0.01    -0.00    -0.00   0.021  177
   173.92    35.31   183.73     0.01     0.00    -0.00   0.020  178
   174.90    35.31   184.75     0.01     0.00    -0.00   0.021  179
   173.92    35.31   184.75     0.01    -0.00    -0.00   0.020  180
   173.92    35.31   183.73     0.01     0.00    -0.00   0.021  181
   173.92    34.33   183.73     0.01     0.00    -0.00   0.020  182
   172.95    36.29   184.75     0.01     0.00    -0.00   0.021  183
   173.92    36.29   183.73     0.01     0.00    -0.00   0.020  184
   174.90    36.29   184.75     0.01     0.00    -0.00   0.021  185
   173.92    36.29   184.75     0.01     0.00    -0.00   0.020  186
   173.92    35.31   183.73     0.01     0.00    -0.00   0.021  187
   173.92    37.27   183.73     0.01     0.00    -0.00   0.020  188
   172.95    35.31   183.73     0.01     0.00    -0.00   0.021  189
   173.92    35.31   183.73     0.01     0.00    -0.00   0.020  190
   173.92    36.29   184.75     0.01     0.00    -0.00   0.020  191
   174.90    35.31   184.75     0.01     0.00    -0.00   0.021  192
   172.95    36.29   183.73     0.01     0.00    -0.00   0.020  193
   173.92    35.31   183.73     0.01     0.00    -0.00   0.021  194
   171.97    36.29   184.75     0.01     0.00    -0.00   0.020  195
   173.92    35.31   182.71     0.01     0.00    -0.00   0.021  196
   174.90    34.33   183.73     0.01     0.00    -0.00   0.020  197
   174.90    34.33   182.71     0.01     0.00    -0.00   0.021  198
   174.90    34.33   183.73     0.01     0.00    -0.00   0.020  199
   174.90    35.31   183.73     0.01     0.00     0.00   0.021  200
   174.90    36.29   183.73     0.01    -0.00    -0.00   0.020  201
   173.92    35.31   183.73     0.01     0.00    -0.00   0.021  202
   173.92    36.29   183.73     0.01    -0.00    -0.00   0.020  203
   173.92    36.29   182.71     0.01     0.00    -0.00   0.021  204
   173.92    35.31   184.75     0.01     0.00    -0.00   0.020  205
   173.92    35.31   183.73     0.01    -0.00    -0.00   0.021  206
   173.92    34.33   183.73     0.01     0.00    -0.00   0.020  207
   173.92    36.29   184.75     0.01     0.00    -0.00   0.021  208
   173.92    36.29   184.75     0.01     0.00    -0.00   0.020  209
   173.92    35.31   183.73     0.01     0.00    -0.00   0.021  210
   174.90    36.29   183.73     0.01     0.00    -0.00   0.020  211
   173.92    36.29   181.69     0.01     0.00    -0.00   0.021  212
   174.90    35.31   183.73     0.01     0.00    -0.00   0.020  213
   174.90    36.29   183.73     0.01     0.00     0.00   0.021  214
   173.92    36.29   183.73     0.01     0.00    -0.00   0.020  215
   172.95    35.31   184.75     0.01     0.00    -0.00   0.020  216
   172.95    36.29   184.75     0.01     0.00     0.00   0.021  217
   174.90    36.29   183.73     0.01     0.00    -0.00   0.020  218
   174.90    36.29   184.75     0.01     0.00    -0.00   0.021  219
   174.90    35.31   182.71     0.01     0.00    -0.00   0.020  220
   172.95    36.29   183.73     0.01     0.00    -0.00   0.021  221
   173.92    35.31   183.73     0.01     0.00     0.00   0.020  222
   173.92    37.27   183.73     0.01     0.00    -0.00   0.021  223
   173.92    36.29   184.75     0.01     0.00    -0.00   0.020  224
   173.92    34.33   183.73     0.01     0.00    -0.00   0.021  225
   174.90    37.27   184.75     0.01     0.00    -0.00   0.020  226
   173.92    34.33   182.71     0.01     0.00    -0.00   0.021  227
   172.95    36.29   183.73     0.01     0.00    -0.00   0.020  228
   173.92    36.29   183.73     0.01     0.00    -0.00   0.021  229
   173.92    36.29   184.75     0.01     0.00     0.00   0.020  230
   173.92    36.29   183.73     0.01    -0.00    -0.00   0.021  231
   174.90    35.31   183.73     0.01     0.00    -0.00   0.020  232
   172.95    36.29   183.73     0.01     0.00    -0.00   0.021  233
   174.90    36.29   184.75     0.01     0.00    -0.00   0.020  234
   173.92    35.31   183.73     0.01     0.00    -0.00   0.021  235
   173.92    36.29   184.75     0.01     0.00    -0.00   0.020  236
   173.92    35.31   183.73     0.01     0.00    -0.00   0.021  237
   173.92    36.29   183.73     0.01    -0.00    -0.00   0.020  238
   174.90    37.27   184.75     0.01     0.00     0.00   0.021  239
   173.92    35.31   182.71     0.01     0.00    -0.00   0.020  240
   174.90    35.31   185.77     0.01     0.00    -0.00   0.020  241
   173.92    36.29   184.75     0.01     0.00    -0.00   0.021  242
   174.90    34.33   182.71     0.01     0.00    -0.00   0.020  243
   173.92    35.31   184.75     0.01     0.00    -0.00   0.021  244
   173.92    34.33   183.73     0.01     0.00     0.00   0.020  245
   174.90    36.29   184.75     0.01     0.00    -0.00   0.021  246
   175.88    35.31   182.71     0.01     0.00    -0.00   0.020  247
   172.95    35.31   183.73     0.01     0.00    -0.00   0.021  248
   174.90    35.31   184.75     0.01     0.00    -0.00   0.020  249
   172.95    36.29   183.73     0.01     0.00    -0.00   0.021  250
   173.92    36.29   183.73     0.01     0.00    -0.00   0.020  251
   172.95    36.29   183.73     0.01    -0.00    -0.00   0.021  252
   172.95    36.29   184.75     0.01     0.00    -0.00   0.020  253
   174.90    35.31   183.73     0.01     0.00    -0.00   0.021  254
   173.92    36.29   185.77     0.01     0.00    -0.00   0.020  255
   174.90    34.33   184.75     0.01     0.00    -0.00   0.021    0
   174.90    35.31   183.73     0.01     0.00    -0.00   0.020    1
   173.92    36.29   184.75     0.01     0.00     0.00   0.021    2
   173.92    36.29   183.73     0.01     0.00    -0.00   0.020    3
   172.95    36.29   183.73     0.01     0.00    -0.00   0.021    4
   172.95    36.29   184.75     0.01     0.00    -0.00   0.020    5
   173.92    38.25   183.73     0.01    -0.00    -0.00   0.021    6
   172.95    37.27   183.73     0.01     0.00    -0.00   0.020    7
   172.95    36.29   183.73     0.01    -0.00    -0.00   0.021    8
   175.88    36.29   182.71     0.01     0.00    -0.00   0.020    9
   173.92    34.33   183.73     0.01     0.00    -0.00   0.020   10
   173.92    38.25   183.73     0.01    -0.00    -0.00   0.021   11
   174.90    35.31   184.75     0.01     0.00    -0.00   0.020   12
   173.92    36.29   184.75     0.01     0.00    -0.00   0.021   13
   173.92    35.31   184.75     0.01     0.00    -0.00   0.020   14
   173.92    35.31   182.71     0.01     0.00    -0.00   0.021   15
   174.90    35.31   182.71     0.01     0.00    -0.00   0.020   16
   172.95    37.27   184.75     0.01     0.00    -0.00   0.021   17
   174.90    36.29   183.73     0.01    -0.00    -0.00   0.020   18
   173.92    37.27   183.73     0.01     0.00    -0.00   0.021   19
   172.95    35.31   183.73     0.01     0.00     0.00   0.020   20
   173.92    36.29   183.73     0.01     0.00    -0.00   0.021   21
   174.90    36.29   185.77     0.01     0.00    -0.00   0.020   22
   173.92    35.31   183.73     0.01     0.00    -0.00   0.021   23
   174.90    36.29   183.73     0.01     0.00    -0.00   0.020   24
   173.92    35.31   183.73     0.01     0.00    -0.00   0.021   25
   173.92    36.29   183.73     0.01     0.00    -0.00   0.020   26
   173.92    36.29   183.73     0.01     0.00    -0.00   0.021   27
   174.90    35.31   185.77     0.01     0.00    -0.00   0.020   28
   175.88    36.29   183.73     0.01     0.00    -0.00   0.021   29
   174.90    34.33   185.77     0.01     0.00    -0.00   0.020   30
   172.95    35.31   183.73     0.01     0.00    -0.00   0.021   31
   173.92    36.29   182.71     0.01     0.00    -0.00   0.020   32
   173.92    35.31   183.73     0.01     0.00    -0.00   0.021   33
   173.92    36.29   184.75     0.01     0.00    -0.00   0.020   34
   174.90    34.33   183.73     0.01     0.00    -0.00   0.020   35
   174.90    35.31   183.73     0.01     0.00    -0.00   0.021   36
   172.95    36.29   185.77     0.01     0.00     0.00   0.020   37
   174.90    35.31   182.71     0.01     0.00    -0.00   0.021   38
   174.90    37.27   185.77     0.01     0.00    -0.00   0.020   39
   173.92    36.29   182.71     0.01     0.00    -0.00   0.021   40
   173.92    36.29   183.73     0.01     0.00     0.00   0.020   41
   173.92    36.29   184.75     0.01     0.00    -0.00   0.021   42
   172.95    36.29   184.75     0.01     0.00    -0.00   0.020   43
   173.92    35.31   184.75     0.01     0.00    -0.00   0.021   44
   173.92    35.31   184.75     0.01     0.00    -0.00   0.020   45
   172.95    35.31   183.73     0.01     0.00    -0.00   0.021   46
   173.92    36.29   184.75     0.01     0.00    -0.00   0.020   47
   173.92    35.31   183.73     0.01     0.00    -0.00   0.021   48
   174.90    34.33   181.69     0.01     0.00    -0.00   0.020   49
   173.92    35.31   181.69     0.01     0.00    -0.00   0.021   50
   172.95    36.29   181.69     0.01     0.00    -0.00   0.020   51
   172.95    36.29   182.71     0.01     0.00    -0.00   0.021   52
   172.95    35.31   183.73     0.01    -0.00    -0.00   0.020   53
   174.90    35.31   183.73     0.01     0.00    -0.00   0.021   54
   173.92    35.31   182.71     0.01     0.00    -0.00   0.020   55
   173.92    35.31   183.73     0.01    -0.00    -0.00   0.021   56
   173.92    36.29   182.71     0.01     0.00    -0.00   0.020   57
   173.92    35.31   181.69     0.01     0.00    -0.00   0.021   58
   172.95    35.31   183.73     0.01     0.00    -0.00   0.020   59
   173.92    35.31   184.75     0.01     0.00    -0.00   0.020   60
   174.90    34.33   184.75     0.01     0.00    -0.00   0.021   61
   174.90    36.29   184.75     0.01     0.00    -0.00   0.020   62
   174.90    36.29   183.73     0.01     0.00    -0.00   0.021   63
   172.95    36.29   182.71     0.01     0.00    -0.00   0.020   64
   173.92    36.29   182.71     0.01     0.00     0.00   0.021   65
   172.95    36.29   184.75     0.01    -0.00    -0.00   0.020   66
   173.92    36.29   183.73     0.01     0.00    -0.00   0.021   67
   173.92    35.31   183.73     0.01     0.00    -0.00   0.020   68
   173.92    35.31   185.77     0.01     0.00    -0.00   0.021   69
   173.92    34.33   184.75     0.01     0.00    -0.00   0.020   70
   173.92    35.31   183.73     0.01     0.00    -0.00   0.021   71
   174.90    36.29   183.73     0.01     0.00    -0.00   0.020   72
   173.92    36.29   183.73     0.01     0.00    -0.00   0.021   73
   173.92    35.31   183.73     0.01     0.00    -0.00   0.020   74
   173.92    36.29   183.73     0.01     0.00    -0.00   0.021   75
   173.92    35.31   181.69     0.01     0.00     0.00   0.020   76
   173.92    37.27   183.73     0.01     0.00    -0.00   0.021   77
   174.90    36.29   183.73     0.01     0.00    -0.00   0.020   78
   173.92    36.29   183.73     0.01     0.00    -0.00   0.021   79
   173.92    35.31   183.73     0.01     0.00    -0.00   0.020   80
   173.92    36.29   182.71     0.01     0.00    -0.00   0.021   81
   173.92    35.31   184.75     0.01     0.00    -0.00   0.020   82
   175.88    35.31   184.75     0.01     0.00    -0.00   0.021   83
   173.92    36.29   183.73     0.01     0.00    -0.00   0.020   84
   174.90    35.31   183.73     0.01     0.00    -0.00   0.020   85
   173.92    35.31   181.69     0.01    -0.00     0.00   0.021   86
   173.92    35.31   183.73     0.01     0.00     0.00   0.020   87
   174.90    36.29   184.75     0.01     0.00    -0.00   0.021   88
   173.92    34.33   183.73     0.01     0.00    -0.00   0.020   89
   174.90    37.27   183.73     0.01     0.00     0.00   0.021   90
   173.92    36.29   183.73     0.01     0.00    -0.00   0.020   91
   172.95    35.31   183.73     0.01     0.00    -0.00   0.021   92
   172.95    35.31   183.73     0.01     0.00    -0.00   0.020   93
   174.90    35.31   183.73     0.01     0.00    -0.00   0.021   94
   174.90    36.29   183.73     0.01     0.00    -0.00   0.020   95
   173.92    34.33   183.73     0.01     0.00    -0.00   0.021   96
   173.92    35.31   182.71     0.01     0.00    -0.00   0.020   97
   172.95    35.31   183.73     0.01     0.00    -0.00   0.021   98
   172.95    35.31   182.71     0.01     0.00    -0.00   0.020   99
   173.92    35.31   182.71     0.01     0.00    -0.00   0.021  100
   173.92    35.31   183.73     0.01     0.00    -0.00   0.020  101
   172.95    35.31   182.71     0.01     0.00    -0.00   0.021  102
   173.92    36.29   182.71     0.01     0.00    -0.00   0.020  103
   172.95    37.27   183.73     0.01     0.00    -0.00   0.021  104
   173.92    35.31   182.71     0.01     0.00    -0.00   0.020  105
   172.95    37.27   183.73     0.01     0.00    -0.00   0.021  106
   173.92    35.31   183.73     0.01     0.00    -0.00   0.020  107
   174.90    35.31   184.75     0.01     0.00    -0.00   0.021  108
   173.92    36.29   183.73     0.01    -0.00    -0.00   0.020  109
   175.88    36.29   184.75     0.01     0.00    -0.00   0.020  110
   173.92    36.29   183.73     0.01     0.00    -0.00   0.021  111
   173.92    35.31   182.71     0.01     0.00    -0.00   0.020  112
   175.88    35.31   185.77     0.01    -0.00    -0.00   0.021  113
   173.92    36.29   183.73     0.01     0.00     0.00   0.020  114
   175.88    36.29   184.75     0.01    -0.00    -0.00   0.021  115
   173.92    35.31   182.71     0.01     0.00    -0.00   0.020  116
   172.95    36.29   183.73     0.01     0.00    -0.00   0.021  117
   174.90    38.25   184.75     0.01     0.00     0.00   0.020  118
   174.90    35.31   183.73     0.01     0.00    -0.00   0.021  119
   173.92    35.31   183.73     0.01     0.00    -0.00   0.020  120
   173.92    35.31   183.73     0.01     0.00    -0.00   0.021  121
   172.95    35.31   183.73     0.01     0.00    -0.00   0.020  122
   172.95    36.29   184.75     0.01     0.00    -0.00   0.021  123
   174.90    36.29   184.75     0.01    -0.00    -0.00   0.020  124
   172.95    36.29   184.75     0.01     0.00    -0.00   0.021  125
   173.92    36.29   183.73     0.01     0.00    -0.00   0.020  126
   172.95    35.31   183.73     0.01     0.00    -0.00   0.021  127
   173.92    36.29   184.75     0.01    -0.00    -0.00   0.020  128
   172.95    36.29   182.71     0.01    -0.00    -0.00   0.021  129
   172.95    35.31   183.73     0.01     0.00    -0.00   0.020  130
   173.92    36.29   184.75     0.01     0.00    -0.00   0.021  131
   173.92    35.31   183.73     0.01    -0.00    -0.00   0.020  132
   173.92    36.29   183.73     0.01     0.00     0.00   0.021  133
   172.95    36.29   184.75     0.01     0.00    -0.00   0.020  134
   174.90    36.29   184.75     0.01     0.00    -0.00   0.020  135
   174.90    36.29   183.73     0.01     0.00    -0.00   0.021  136
   173.92    36.29   182.71     0.01     0.00    -0.00   0.020  137
   171.97    36.29   183.73     0.01     0.00    -0.00   0.021  138
   174.90    36.29   183.73     0.01     0.00    -0.00   0.020  139
   173.92    36.29   181.69     0.01     0.00    -0.00   0.021  140
   172.95    35.31   182.71     0.01     0.00    -0.00   0.020  141
   172.95    35.31   183.73     0.01     0.00    -0.00   0.021  142
   173.92    35.31   185.77     0.01     0.00    -0.00   0.020  143
   173.92    36.29   184.75     0.01     0.00    -0.00   0.021  144
   173.92    36.29   182.71     0.01     0.00    -0.00   0.020  145
   174.90    36.29   184.75     0.01     0.00     0.00   0.021  146
   173.92    35.31   182.71     0.01     0.00    -0.00   0.020  147
   173.92    36.29   185.77     0.01     0.00    -0.00   0.021  148
   173.92    35.31   183.73     0.01     0.00    -0.00   0.020  149
   173.92    36.29   181.69     0.01    -0.00    -0.00   0.021  150
   173.92    35.31   183.73     0.01     0.00    -0.00   0.020  151
   173.92    35.31   183.73     0.01     0.00     0.00   0.021  152
   172.95    36.29   182.71     0.01     0.00    -0.00   0.020  153
   173.92    35.31   184.75     0.01     0.00    -0.00   0.021  154
   173.92    36.29   182.71     0.01     0.00    -0.00   0.020  155
   173.92    36.29   184.75     0.01     0.00    -0.00   0.021  156
   173.92    37.27   183.73     0.01     0.00    -0.00   0.020  157
   172.95    37.27   182.71     0.01     0.00    -0.00   0.021  158
   174.90    35.31   184.75     0.01     0.00    -0.00   0.020  159
   173.92    35.31   183.73     0.01     0.00    -0.00   0.020  160
   172.95    35.31   183.73     0.01     0.00    -0.00   0.021  161
   173.92    37.27   183.73     0.01     0.00    -0.00   0.020  162
   173.92    35.31   184.75     0.01     0.00    -0.00   0.021  163
   174.90    35.31   183.73     0.01     0.00    -0.00   0.020  164
   174.90    36.29   183.73     0.01    -0.00    -0.00   0.021  165
   171.97    36.29   182.71     0.01    -0.00    -0.00   0.020  166
   174.90    36.29   183.73     0.01     0.00     0.00   0.021  167
   173.92    36.29   183.73     0.01     0.00    -0.00   0.020  168
   175.88    35.31   184.75     0.01     0.00    -0.00   0.021  169
   174.90    36.29   184.75     0.01     0.00    -0.00   0.020  170
   172.95    35.31   183.73     0.01     0.00    -0.00   0.021  171
   173.92    36.29   182.71     0.01     0.00    -0.00   0.020  172
   175.88    35.31   182.71     0.01     0.00    -0.00   0.021  173
   174.90    37.27   183.73     0.01     0.00    -0.00   0.020  174
   173.92    36.29   183.73     0.01     0.00    -0.00   0.021  175
   174.90    35.31   182.71     0.01     0.00    -0.00   0.020  176
   174.90    36.29   182.71     0.01     0.00    -0.00   0.021  177
   173.92    35.31   183.73     0.01     0.00    -0.00   0.020  178
   173.92    35.31   184.75     0.01     0.00    -0.00   0.021  179
   173.92    36.29   183.73     0.01     0.00    -0.00   0.020  180
   173.92    35.31   183.73     0.01     0.00    -0.00   0.021  181
   173.92    36.29   183.73     0.01     0.00    -0.00   0.020  182
   173.92    36.29   183.73     0.01     0.00    -0.00   0.021  183
   173.92    35.31   184.75     0.01     0.00    -0.00   0.020  184
   172.95    36.29   182.71     0.01     0.00    -0.00   0.020  185
   172.95    36.29   183.73     0.01     0.00    -0.00   0.021  186
   172.95    35.31   183.73     0.01     0.00    -0.00   0.020  187
   172.95    35.31   183.73     0.01    -0.00    -0.00   0.021  188
   173.92    36.29   183.73     0.01     0.00    -0.00   0.020  189
   173.92    36.29   183.73     0.01     0.00    -0.00   0.021  190
   172.95    35.31   182.71     0.01     0.00    -0.00   0.020  191
   173.92    36.29   183.73     0.01    -0.00    -0.00   0.021  192
   173.92    37.27   182.71     0.01     0.00    -0.00   0.020  193
   173.92    37.27   183.73     0.01     0.00    -0.00   0.021  194
   172.95    35.31   183.73     0.01     0.00    -0.00   0.020  195
   174.90    35.31   183.73     0.01     0.00    -0.00   0.021  196
   173.92    36.29   183.73     0.01     0.00    -0.00   0.020  197
   173.92    36.29   183.73     0.01     0.00    -0.00   0.021  198
   173.92    36.29   182.71     0.01     0.00    -0.00   0.020  199
   173.92    35.31   184.75     0.01     0.00    -0.00   0.021  200
   174.90    35.31   183.73     0.01     0.00    -0.00   0.020  201
   174.90    34.33   184.75     0.01     0.00    -0.00   0.021  202
   172.95    35.31   182.71     0.01     0.00    -0.00   0.020  203
   173.92    36.29   184.75     0.01     0.00    -0.00   0.021  204
   174.90    35.31   183.73     0.01     0.00    -0.00   0.020  205
   173.92    35.31   183.73     0.01    -0.00    -0.00   0.021  206
   174.90    36.29   183.73     0.01     0.00     0.00   0.020  207
   174.90    35.31   183.73     0.01     0.00    -0.00   0.021  208
   173.92    35.31   183.73     0.01     0.00    -0.00   0.020  209
   173.92    34.33   183.73     0.01     0.00    -0.00   0.020  210
   174.90    34.33   186.78     0.01     0.00    -0.00   0.021  211
   174.90    36.29   183.73     0.01     0.00    -0.00   0.020  212
   172.95    36.29   184.75     0.01     0.00    -0.00   0.021  213
   173.92    36.29   185.77     0.01     0.00    -0.00   0.020  214
   173.92    35.31   182.71     0.01     0.00    -0.00   0.021  215
   173.92    36.29   183.73     0.01     0.00    -0.00   0.020  216
   173.92    35.31   184.75     0.01     0.00    -0.00   0.021  217
   173.92    36.29   181.69     0.01     0.00    -0.00   0.020  218
   174.90    36.29   185.77     0.01     0.00    -0.00   0.021  219
   172.95    35.31   183.73     0.01     0.00    -0.00   0.020  220
   172.95    37.27   182.71     0.01     0.00    -0.00   0.021  221
   173.92    36.29   183.73     0.01     0.00    -0.00   0.020  222
   173.92    35.31   184.75     0.01     0.00    -0.00   0.021  223
   173.92    36.29   182.71     0.01     0.00    -0.00   0.020  224
   172.95    35.31   182.71     0.01     0.00    -0.00   0.021  225
   172.95    36.29   183.73     0.01     0.00    -0.00   0.020  226
   174.90    37.27   183.73     0.01     0.00    -0.00   0.021  227
   174.90    35.31   184.75     0.01    -0.00    -0.00   0.020  228
   173.92    35.31   183.73     0.01     0.00    -0.00   0.021  229
   173.92    35.31   184.75     0.01     0.00    -0.00   0.020  230
   173.92    36.29   182.71     0.01     0.00    -0.00   0.021  231
   173.92    35.31   183.73     0.01     0.00    -0.00   0.020  232
   172.95    36.29   184.75     0.01     0.00    -0.00   0.021  233
   172.95    34.33   183.73     0.01     0.00    -0.00   0.020  234
   174.90    37.27   184.75     0.01     0.00    -0.00   0.020  235
   173.92    36.29   183.73     0.01     0.00    -0.00   0.021  236
   172.95    36.29   183.73     0.01     0.00    -0.00   0.020  237
   174.90    35.31   181.69     0.01    -0.00    -0.00   0.021  238
   172.95    35.31   183.73     0.01     0.00    -0.00   0.020  239
   174.90    35.31   183.73     0.01     0.00    -0.00   0.021  240
   174.90    36.29   184.75     0.01     0.00    -0.00   0.020  241
   174.90    35.31   182.71     0.01     0.00    -0.00   0.021  242
   174.90    35.31   182.71     0.01     0.00    -0.00   0.020  243
   175.88    35.31   185.77     0.01     0.00    -0.00   0.021  244
   173.92    35.31   183.73     0.01     0.00    -0.00   0.020  245
   175.88    35.31   184.75     0.01     0.00    -0.00   0.021  246
   173.92    35.31   181.69     0.01     0.00    -0.00   0.020  247
   173.92    35.31   183.73     0.01     0.00    -0.00   0.021  248
   173.92    35.31   183.73     0.01     0.00    -0.00   0.020  249
   172.95    36.29   183.73     0.01     0.00    -0.00   0.021  250
   174.90    36.29   183.73     0.01     0.00     0.00   0.020  251
   173.92    35.31   183.73     0.01     0.00    -0.00   0.021  252
   173.92    36.29   184.75     0.01     0.00    -0.00   0.020  253
   173.92    35.31   182.71     0.01     0.00    -0.00   0.021  254
   173.92    34.33   183.73     0.01    -0.00    -0.00   0.020  255
   172.95    36.29   183.73     0.01     0.00    -0.00   0.021    0
   173.92    36.29   183.73     0.01     0.00    -0.00   0.020    1
   175.88    35.31   184.75     0.01     0.00    -0.00   0.021    2
   173.92    36.29   183.73     0.01     0.00    -0.00   0.020    3
   173.92    35.31   183.73     0.01     0.00    -0.00   0.020    4
   173.92    35.31   184.75     0.01     0.00    -0.00   0.021    5
   173.92    34.33   182.71     0.01     0.00    -0.00   0.020    6
   172.95    36.29   184.75     0.01     0.00    -0.00   0.021    7
   173.92    36.29   183.73     0.01     0.00    -0.00   0.020    8
   173.92    36.29   183.73     0.01     0.00    -0.00   0.021    9
   173.92    34.33   183.73     0.01     0.00    -0.00   0.020   10
   173.92    35.31   182.71     0.01     0.00    -0.00   0.021   11
   174.90    34.33   182.71     0.01     0.00    -0.00   0.020   12
   174.90    36.29   184.75     0.01     0.00    -0.00   0.021   13
   173.92    35.31   185.77     0.01     0.00    -0.00   0.020   14
   172.95    36.29   183.73     0.01     0.00    -0.00   0.021   15
   172.95    36.29   184.75     0.01     0.00    -0.00   0.020   16
   173.92    36.29   182.71     0.01     0.00    -0.00   0.021   17
   174.90    37.27   184.75     0.01     0.00    -0.00   0.020   18
   174.90    35.31   183.73     0.01     0.00    -0.00   0.021   19
   173.92    36.29   183.73     0.01     0.00    -0.00   0.020   20
   173.92    36.29   182.71     0.01     0.00    -0.00   0.021   21
   172.95    35.31   181.69     0.01     0.00    -0.00   0.020   22
   174.90    36.29   184.75     0.01     0.00    -0.00   0.021   23
   174.90    35.31   183.73     0.01     0.00    -0.00   0.020   24
   172.95    35.31   184.75     0.01     0.00    -0.00   0.021   25
   173.92    36.29   183.73     0.01     0.00    -0.00   0.020   26
   174.90    35.31   182.71     0.01     0.00    -0.00   0.021   27
   174.90    35.31   183.73     0.01     0.00    -0.00   0.020   28
   173.92    35.31   183.73     0.01     0.00    -0.00   0.020   29
   172.95    36.29   184.75     0.01    -0.00    -0.00   0.021   30
   173.92    36.29   182.71     0.01     0.00    -0.00   0.020   31
   174.90    34.33   184.75     0.01     0.00    -0.00   0.021   32
   172.95    35.31   183.73     0.01    -0.00    -0.00   0.020   33
   173.92    35.31   181.69     0.01     0.00    -0.00   0.021   34
   172.95    35.31   182.71     0.01     0.00    -0.00   0.020   35
   173.92    34.33   184.75     0.01     0.00    -0.00   0.021   36
   173.92    36.29   183.73     0.01     0.00    -0.00   0.020   37
   174.90    35.31   184.75     0.01    -0.00    -0.00   0.021   38
   172.95    35.31   184.75     0.01     0.00    -0.00   0.020   39
   173.92    36.29   183.73     0.01     0.00    -0.00   0.021   40
   172.95    36.29   181.69     0.01     0.00    -0.00   0.020   41
   174.90    35.31   184.75     0.01     0.00    -0.00   0.021   42
   175.88    34.33   183.73     0.01     0.00    -0.00   0.020   43
   173.92    34.33   183.73     0.01     0.00    -0.00   0.021   44
   174.90    34.33   182.71     0.01     0.00    -0.00   0.020   45
   174.90    34.33   182.71     0.01     0.00    -0.00   0.021   46
   174.90    35.31   182.71     0.01     0.00    -0.00   0.020   47
   174.90    36.29   184.75     0.01     0.00    -0.00   0.021   48
   172.95    35.31   184.75     0.01     0.00    -0.00   0.020   49
   174.90    36.29   184.75     0.01     0.00    -0.00   0.021   50
   172.95    36.29   183.73     0.01     0.00    -0.00   0.020   51
   172.95    35.31   182.71     0.01     0.00    -0.00   0.021   52
   173.92    35.31   182.71     0.01     0.00    -0.00   0.020   53
   173.92    34.33   183.73     0.01     0.00    -0.00   0.020   54
   174.90    36.29   183.73     0.01     0.00    -0.00   0.021   55
   173.92    36.29   184.75     0.01     0.00    -0.00   0.020   56
   172.95    35.31   183.73     0.01    -0.00    -0.00   0.021   57
   173.92    36.29   183.73     0.01     0.00    -0.00   0.020   58
   171.97    36.29   182.71     0.01     0.00    -0.00   0.021   59
   174.90    36.29   182.71     0.01     0.00    -0.00   0.020   60
   174.90    35.31   183.73     0.01     0.00     0.00   0.021   61
   174.90    35.31   185.77     0.01     0.00    -0.00   0.020   62
   173.92    35.31   183.73     0.01     0.00    -0.00   0.021   63
   173.92    35.31   184.75     0.01     0.00    -0.00   0.020   64
   173.92    36.29   183.73     0.01     0.00    -0.00   0.021   65
   172.95    36.29   180.68     0.01     0.00    -0.00   0.020   66
   173.92    37.27   184.75     0.01     0.00    -0.00   0.021   67
   172.95    36.29   183.73     0.01     0.00    -0.00   0.020   68
   173.92    35.31   184.75     0.01     0.00    -0.00   0.021   69
   173.92    36.29   182.71     0.01     0.00    -0.00   0.020   70
   172.95    35.31   182.71     0.01     0.00    -0.00   0.021   71
   173.92    35.31   183.73     0.01     0.00    -0.00   0.020   72
   173.92    36.29   183.73     0.01     0.00    -0.00   0.021   73
   172.95    36.29   182.71     0.01    -0.00    -0.00   0.020   74
   173.92    35.31   182.71     0.01     0.00    -0.00   0.021   75
   172.95    35.31   182.71     0.01     0.00    -0.00   0.020   76
   174.90    34.33   181.69     0.01     0.00     0.00   0.021   77
   174.90    35.31   182.71     0.01     0.00    -0.00   0.020   78
   173.92    36.29   183.73     0.01     0.00    -0.00   0.020   79
   174.90    36.29   183.73     0.01     0.00    -0.00   0.021   80
   173.92    35.31   182.71     0.01     0.00    -0.00   0.020   81
   174.90    35.31   182.71     0.01     0.00    -0.00   0.021   82
   173.92    35.31   183.73     0.01     0.00    -0.00   0.020   83
   173.92    36.29   184.75     0.01     0.00    -0.00   0.021   84
   174.90    36.29   182.71     0.01     0.00    -0.00   0.020   85
   174.90    35.31   182.71     0.01     0.00    -0.00   0.021   86
   173.92    35.31   182.71     0.01     0.00    -0.00   0.020   87
   174.90    36.29   182.71     0.01     0.00    -0.00   0.021   88
   173.92    35.31   183.73     0.01     0.00    -0.00   0.020   89
   173.92    35.31   184.75     0.01     0.00    -0.00   0.021   90
   173.92    37.27   182.71     0.01     0.00    -0.00   0.020   91
   173.92    36.29   183.73     0.01     0.00    -0.00   0.021   92
   174.90    35.31   184.75     0.01     0.00    -0.00   0.020   93
   173.92    35.31   183.73     0.01     0.00    -0.00   0.021   94
   174.90    36.29   185.77     0.01     0.00    -0.00   0.020   95
   174.90    36.29   182.71     0.01     0.00    -0.00   0.021   96
   173.92    36.29   183.73     0.01     0.00    -0.00   0.020   97
   172.95    36.29   183.73     0.01     0.00     0.00   0.021   98
   173.92    36.29   183.73     0.01     0.00    -0.00   0.020   99
   173.92    36.29   182.71     0.01     0.00    -0.00   0.021  100
   174.90    36.29   183.73     0.01     0.00    -0.00   0.020  101
   172.95    36.29   184.75     0.01     0.00    -0.00   0.021  102
   174.90    36.29   183.73     0.01     0.00    -0.00   0.020  103
   174.90    35.31   183.73     0.01     0.00    -0.00   0.020  104
   172.95    36.29   182.71     0.01     0.00     0.00   0.021  105
   173.92    35.31   182.71     0.01     0.00    -0.00   0.020  106
   173.92    35.31   182.71     0.01     0.00    -0.00   0.021  107
   174.90    36.29   183.73     0.01     0.00    -0.00   0.020  108
   174.90    34.33   183.73     0.01     0.00    -0.00   0.021  109
   173.92    35.31   183.73     0.01     0.00    -0.00   0.020  110
   172.95    35.31   182.71     0.01     0.00    -0.00   0.021  111
   174.90    35.31   182.71     0.01     0.00    -0.00   0.020  112
   173.92    37.27   184.75     0.01     0.00    -0.00   0.021  113
   174.90    36.29   183.73     0.01     0.00    -0.00   0.020  114
   174.90    36.29   183.73     0.01     0.00    -0.00   0.021  115
   174.90    35.31   182.71     0.01     0.00    -0.00   0.020  116
   175.88    35.31   182.71     0.01     0.00    -0.00   0.021  117
   172.95    36.29   183.73     0.01     0.00    -0.00   0.020  118
   172.95    36.29   181.69     0.01     0.00     0.00   0.021  119
   174.90    36.29   184.75     0.01    -0.00    -0.00   0.020  120
   173.92    35.31   183.73     0.01     0.00    -0.00   0.021  121
   173.92    35.31   183.73     0.01     0.00    -0.00   0.020  122
   173.92    35.31   181.69     0.01     0.00    -0.00   0.021  123
   172.95    35.31   182.71     0.01     0.00    -0.00   0.020  124
   173.92    36.29   185.77     0.01     0.00    -0.00   0.021  125
   173.92    36.29   182.71     0.01     0.00    -0.00   0.020  126
   172.95    35.31   183.73     0.01     0.00    -0.00   0.021  127
   174.90    34.33   182.71     0.01     0.00     0.00   0.020  128
   173.92    35.31   183.73     0.01     0.00    -0.00   0.020  129
   174.90    36.29   183.73     0.01     0.00     0.00   0.021  130
   174.90    36.29   183.73     0.01     0.00    -0.00   0.020  131
   173.92    35.31   182.71     0.01     0.00    -0.00   0.021  132
   172.95    36.29   181.69     0.01     0.00    -0.00   0.020  133
   172.95    36.29   182.71     0.01     0.00     0.00   0.021  134
   173.92    34.33   183.73     0.01     0.00    -0.00   0.020  135
   174.90    35.31   182.71     0.01     0.00    -0.00   0.021  136
   173.92    36.29   182.71     0.01     0.00     0.00   0.020  137
   172.95    36.29   184.75     0.01     0.00    -0.00   0.021  138
   173.92    35.31   182.71     0.01     0.00    -0.00   0.020  139
   173.92    35.31   183.73     0.01     0.00    -0.00   0.021  140
   173.92    35.31   183.73     0.01     0.00    -0.00   0.020  141
   174.90    35.31   182.71     0.01     0.00    -0.00   0.021  142
   173.92    37.27   184.75     0.01     0.00    -0.00   0.020  143
   174.90    35.31   183.73     0.01     0.00    -0.00   0.021  144
   173.92    36.29   182.71     0.01     0.00    -0.00   0.020  145
   174.90    35.31   183.73     0.01     0.00    -0.00   0.021  146
   174.90    36.29   183.73     0.01     0.00    -0.00   0.020  147
   173.92    36.29   182.71     0.01     0.00    -0.00   0.021  148
   173.92    34.33   184.75     0.01     0.00    -0.00   0.020  149
   174.90    35.31   182.71     0.01     0.00    -0.00   0.021  150
   174.90    36.29   184.75     0.01     0.00    -0.00   0.020  151
   173.92    36.29   183.73     0.01     0.00    -0.00   0.021  152
   173.92    36.29   182.71     0.01     0.00    -0.00   0.020  153
   173.92    35.31   183.73     0.01     0.00    -0.00   0.020  154
   174.90    35.31   182.71     0.01     0.00    -0.00   0.021  155
   173.92    35.31   184.75     0.01     0.00    -0.00   0.020  156
   173.92    35.31   182.71     0.01     0.00    -0.00   0.021  157
   173.92    37.27   183.73     0.01    -0.00    -0.00   0.020  158
   173.92    36.29   183.73     0.01     0.00    -0.00   0.021  159
   174.90    35.31   183.73     0.01     0.00    -0.00   0.020  160
   173.92    36.29   183.73     0.01     0.00    -0.00   0.021  161
   172.95    37.27   183.73     0.01     0.00    -0.00   0.020  162
   173.92    35.31   183.73     0.01     0.00    -0.00   0.021  163
   173.92    36.29   183.73     0.01     0.00    -0.00   0.020  164
   172.95    35.31   183.73     0.01     0.00    -0.00   0.021  165
   173.92    36.29   183.73     0.01     0.00    -0.00   0.020  166
   173.92    35.31   183.73     0.01     0.00     0.00   0.021  167
   173.92    35.31   181.69     0.01     0.00    -0.00   0.020  168
   173.92    36.29   182.71     0.01     0.00    -0.00   0.021  169
   172.95    36.29   182.71     0.01     0.00    -0.00   0.020  170
   172.95    35.31   182.71     0.01     0.00    -0.00   0.021  171
   174.90    36.29   182.71     0.01     0.00    -0.00   0.020  172
   173.92    35.31   184.75     0.01     0.00    -0.00   0.021  173
   174.90    35.31   184.75     0.01     0.00    -0.00   0.020  174
   173.92    35.31   181.69     0.01     0.00     0.00   0.021  175
   173.92    35.31   183.73     0.01    -0.00    -0.00   0.020  176
   173.92    35.31   185.77     0.01    -0.00    -0.00   0.021  177
   174.90    34.33   182.71     0.01     0.00    -0.00   0.020  178
   173.92    36.29   183.73     0.01     0.00    -0.00   0.020  179
   174.90    36.29   183.73     0.01     0.00    -0.00   0.021  180
   173.92    35.31   184.75     0.01     0.00    -0.00   0.020  181
   173.92    35.31   183.73     0.01     0.00    -0.00   0.021  182
   172.95    36.29   183.73     0.01     0.00    -0.00   0.020  183
   174.90    35.31   182.71     0.01     0.00    -0.00   0.021  184
   172.95    36.29   183.73     0.01     0.00    -0.00   0.020  185
   174.90    35.31   183.73     0.01     0.00    -0.00   0.021  186
   174.90    35.31   183.73     0.01     0.00    -0.00   0.020  187
   173.92    35.31   181.69     0.01     0.00    -0.00   0.021  188
   174.90    35.31   183.73     0.01     0.00    -0.00   0.020  189
   174.90    36.29   183.73     0.01     0.00    -0.00   0.021  190
   173.92    35.31   183.73     0.01     0.00    -0.00   0.020  191
   174.90    35.31   182.71     0.01     0.00    -0.00   0.021  192
   172.95    35.31   183.73     0.01     0.00    -0.00   0.020  193
   173.92    35.31   182.71     0.01     0.00    -0.00   0.021  194
   173.92    35.31   182.71     0.01     0.00    -0.00   0.020  195
   174.90    34.33   183.73     0.01     0.00    -0.00   0.021  196
   173.92    36.29   184.75     0.01     0.00    -0.00   0.020  197
   173.92    35.31   184.75     0.01     0.00    -0.00   0.021  198
   173.92    36.29   183.73     0.01     0.00    -0.00   0.020  199
   173.92    35.31   182.71     0.01     0.00    -0.00   0.021  200
   173.92    34.33   182.71     0.01     0.00    -0.00   0.020  201
   173.92    35.31   182.71     0.01     0.00    -0.00   0.021  202
   174.90    36.29   183.73     0.01     0.00    -0.00   0.020  203
   174.90    35.31   182.71     0.01     0.00    -0.00   0.020  204
   173.92    36.29   184.75     0.01     0.00    -0.00   0.021  205
   173.92    35.31   183.73     0.01     0.00    -0.00   0.020  206
   173.92    35.31   183.73     0.01     0.00    -0.00   0.021  207
   173.92    36.29   182.71     0.01     0.00    -0.00   0.020  208
   173.92    35.31   181.69     0.01     0.00    -0.00   0.021  209
   173.92    35.31   181.69     0.01     0.00    -0.00   0.020  210
   174.90    36.29   182.71     0.01     0.00    -0.00   0.021  211
   172.95    36.29   183.73     0.01     0.00    -0.00   0.020  212
   173.92    35.31   183.73     0.01     0.00    -0.00   0.021  213
   173.92    36.29   182.71     0.01     0.00    -0.00   0.020  214
   173.92    35.31   183.73     0.01     0.00    -0.00   0.021  215
   174.90    34.33   184.75     0.01     0.00    -0.00   0.020  216
   173.92    35.31   183.73     0.01     0.00    -0.00   0.021  217
   172.95    35.31   183.73     0.01     0.00    -0.00   0.020  218
   172.95    36.29   182.71     0.01     0.00    -0.00   0.021  219
   174.90    36.29   182.71     0.01     0.00    -0.00   0.020  220
   173.92    35.31   184.75     0.01     0.00    -0.00   0.021  221
   174.90    36.29   182.71     0.01     0.00    -0.00   0.020  222
   172.95    34.33   183.73     0.01     0.00    -0.00   0.021  223
   172.95    35.31   184.75     0.01    -0.00    -0.00   0.020  224
   173.92    36.29   182.71     0.01     0.00    -0.00   0.021  225
   173.92    36.29   184.75     0.01     0.00    -0.00   0.020  226
   174.90    35.31   184.75     0.01     0.00    -0.00   0.021  227
   174.90    36.29   182.71     0.01     0.00    -0.00   0.020  228
   174.90    35.31   184.75     0.01     0.00    -0.00   0.020  229
   173.92    37.27   182.71     0.01     0.00    -0.00   0.021  230
   174.90    36.29   183.73     0.01     0.00    -0.00   0.020  231
   173.92    36.29   184.75     0.01    -0.00    -0.00   0.021  232
   172.95    36.29   183.73     0.01     0.00    -0.00   0.020  233
   173.92    36.29   182.71     0.01     0.00    -0.00   0.021  234
   173.92    36.29   182.71     0.01     0.00    -0.00   0.020  235
   173.92    36.29   183.73     0.01     0.00    -0.00   0.021  236
   173.92    36.29   183.73     0.01     0.00    -0.00   0.020  237
   172.95    36.29   182.71     0.01     0.00    -0.00   0.021  238
   173.92    36.29   183.73     0.01     0.00    -0.00   0.020  239
   174.90    35.31   183.73     0.01    -0.00    -0.00   0.021  240
   172.95    36.29   182.71     0.01     0.00    -0.00   0.020  241
   173.92    36.29   182.71     0.01     0.00    -0.00   0.021  242
   173.92    35.31   182.71     0.01     0.00    -0.00   0.020  243
   172.95    36.29   182.71     0.01     0.00    -0.00   0.021  244
   173.92    36.29   182.71     0.01     0.00    -0.00   0.020  245
   173.92    36.29   181.69     0.01     0.00    -0.00   0.021  246
   174.90    35.31   183.73     0.01     0.00    -0.00   0.020  247
   173.92    35.31   184.75     0.01     0.00    -0.00   0.021  248
   174.90    35.31   183.73     0.01     0.00    -0.00   0.020  249
   175.88    35.31   184.75     0.01     0.00    -0.00   0.021  250
   172.95    36.29   182.71     0.01     0.00    -0.00   0.020  251
   173.92    36.29   182.71     0.01     0.00    -0.00   0.021  252
   173.92    36.29   182.71     0.01     0.00    -0.00   0.020  253
   173.92    36.29   182.71     0.01     0.00    -0.00   0.020  254
   173.92    36.29   182.71     0.01     0.00    -0.00   0.021  255
   173.92    35.31   183.73     0.01     0.00    -0.00   0.020    0
   174.90    35.31   183.73     0.01     0.00    -0.00   0.021    1
   173.92    34.33   183.73     0.01    -0.00    -0.00   0.020    2
   173.92    35.31   183.73     0.01     0.00    -0.00   0.021    3
   172.95    36.29   182.71     0.01     0.00    -0.00   0.020    4
   174.90    35.31   183.73     0.01     0.00    -0.00   0.021    5
   173.92    35.31   184.75     0.01     0.00    -0.00   0.020    6
   174.90    36.29   184.75     0.01     0.00    -0.00   0.021    7
   172.95    35.31   183.73     0.01     0.00    -0.00   0.020    8
   172.95    35.31   182.71     0.01     0.00    -0.00   0.021    9
   173.92    34.33   183.73     0.01     0.00    -0.00   0.020   10
   173.92    36.29   182.71     0.01     0.00    -0.00   0.021   11
   173.92    36.29   185.77     0.01     0.00    -0.00   0.020   12
   174.90    35.31   183.73     0.01     0.00    -0.00   0.021   13
   173.92    35.31   184.75     0.01     0.00    -0.00   0.020   14
   173.92    36.29   183.73     0.01     0.00    -0.00   0.021   15
   175.88    36.29   184.75     0.01     0.00    -0.00   0.020   16
   173.92    35.31   184.75     0.01     0.00     0.00   0.021   17
   174.90    35.31   182.71     0.01     0.00     0.00   0.020   18
   172.95    35.31   183.73     0.01     0.00    -0.00   0.021   19
   172.95    35.31   182.71     0.01     0.00    -0.00   0.020   20
   174.90    36.29   183.73     0.01     0.00    -0.00   0.021   21
   173.92    37.27   183.73     0.01     0.00    -0.00   0.020   22
   173.92    35.31   184.75     0.01     0.00    -0.00   0.020   23
   173.92    36.29   183.73     0.01     0.00    -0.00   0.021   24
   173.92    34.33   182.71     0.01     0.00    -0.00   0.020   25
   174.90    36.29   182.71     0.01     0.00    -0.00   0.021   26
   172.95    36.29   181.69     0.01     0.00    -0.00   0.020   27
   174.90    36.29   183.73     0.01     0.00    -0.00   0.021   28
   173.92    36.29   183.73     0.01     0.00    -0.00   0.020   29
   173.92    35.31   183.73     0.01     0.00    -0.00   0.021   30
   173.92    36.29   183.73     0.01     0.00    -0.00   0.020   31
   173.92    35.31   183.73     0.01     0.00    -0.00   0.021   32
   173.92    35.31   183.73     0.01     0.00    -0.00   0.020   33
   174.90    36.29   183.73     0.01    -0.00    -0.00   0.021   34
   173.92    35.31   181.69     0.01     0.00    -0.00   0.020   35
   173.92    35.31   182.71     0.01     0.00     0.00   0.021   36
   174.90    36.29   183.73     0.01     0.00    -0.00   0.020   37
   173.92    35.31   182.71     0.01     0.00    -0.00   0.021   38
   174.90    36.29   184.75     0.01     0.00    -0.00   0.020   39
   173.92    34.33   182.71     0.01     0.00     0.00   0.021   40
   174.90    35.31   182.71     0.01     0.00    -0.00   0.020   41
   172.95    37.27   182.71     0.01     0.00    -0.00   0.021   42
   172.95    36.29   182.71     0.01     0.00    -0.00   0.020   43
   173.92    34.33   183.73     0.01     0.00    -0.00   0.021   44
   172.95    35.31   183.73     0.01     0.00    -0.00   0.020   45
   173.92    36.29   183.73     0.01    -0.00    -0.00   0.021   46
   173.92    35.31   183.73     0.01     0.00    -0.00   0.020   47
   172.95    35.31   181.69     0.01     0.00    -0.00   0.020   48
   174.90    35.31   182.71     0.01     0.00    -0.00   0.021   49
   172.95    35.31   182.71     0.01     0.00    -0.00   0.020   50
   174.90    35.31   182.71     0.01     0.00    -0.00   0.021   51
   173.92    36.29   183.73     0.01     0.00    -0.00   0.020   52
   172.95    35.31   182.71     0.01     0.00    -0.00   0.021   53
   174.90    36.29   182.71     0.01     0.00    -0.00   0.020   54
   172.95    35.31   182.71     0.01     0.00    -0.00   0.021   55
   173.92    35.31   183.73     0.01     0.00    -0.00   0.020   56
   172.95    36.29   183.73     0.01     0.00    -0.00   0.021   57
   173.92    36.29   183.73     0.01     0.00    -0.00   0.020   58
   172.95    35.31   182.71     0.01     0.00    -0.00   0.021   59
   173.92    36.29   181.69     0.01     0.00    -0.00   0.020   60
   174.90    36.29   181.69     0.01     0.00    -0.00   0.021   61
   173.92    36.29   182.71     0.01     0.00    -0.00   0.020   62
   173.92    35.31   183.73     0.01     0.00    -0.00   0.021   63
   172.95    36.29   182.71     0.01     0.00    -0.00   0.020   64
   173.92    36.29   183.73     0.01     0.00    -0.00   0.021   65
   173.92    34.33   183.73     0.01     0.00    -0.00   0.020   66
   173.92    36.29   183.73     0.01     0.00    -0.00   0.021   67
   173.92    37.27   181.69     0.01     0.00    -0.00   0.020   68
   173.92    35.31   181.69     0.01     0.00    -0.00   0.021   69
   174.90    35.31   183.73     0.01     0.00    -0.00   0.020   70
   172.95    35.31   182.71     0.01     0.00    -0.00   0.021   71
   174.90    35.31   183.73     0.01     0.00    -0.00   0.020   72
   174.90    35.31   183.73     0.01     0.00    -0.00   0.020   73
   174.90    35.31   183.73     0.01     0.00    -0.00   0.021   74
   173.92    36.29   182.71     0.01     0.00    -0.00   0.020   75
   173.92    34.33   184.75     0.01     0.00     0.00   0.021   76
   174.90    34.33   183.73     0.01     0.00    -0.00   0.020   77
   173.92    36.29   183.73     0.01     0.00    -0.00   0.021   78
   173.92    35.31   183.73     0.01     0.00    -0.00   0.020   79
   174.90    35.31   183.73     0.01     0.00    -0.00   0.021   80
   173.92    35.31   182.71     0.01     0.00    -0.00   0.020   81
   173.92    35.31   183.73     0.01     0.00    -0.00   0.021   82
   173.92    35.31   183.73     0.01     0.00    -0.00   0.020   83
   171.97    36.29   181.69     0.01     0.00    -0.00   0.021   84
   172.95    37.27   183.73     0.01     0.00    -0.00   0.020   85
   173.92    36.29   181.69     0.01     0.00     0.00   0.021   86
   174.90    35.31   182.71     0.01     0.00    -0.00   0.020   87
   174.90    36.29   183.73     0.01     0.00    -0.00   0.021   88
   173.92    35.31   182.71     0.01     0.00    -0.00   0.020   89
   173.92    35.31   183.73     0.01     0.00    -0.00   0.021   90
   173.92    37.27   183.73     0.01     0.00    -0.00   0.020   91
   173.92    36.29   182.71     0.01     0.00    -0.00   0.021   92
   172.95    36.29   184.75     0.01     0.00     0.00   0.020   93
   173.92    35.31   182.71     0.01     0.00    -0.00   0.021   94
   173.92    36.29   183.73     0.01     0.00    -0.00   0.020   95
   173.92    37.27   182.71     0.01     0.00    -0.00   0.021   96
   173.92    35.31   182.71     0.01     0.00    -0.00   0.020   97
   172.95    34.33   182.71     0.01     0.00    -0.00   0.020   98
   173.92    34.33   182.71     0.01     0.00     0.00   0.021   99
   174.90    35.31   182.71     0.01     0.00    -0.00   0.020  100
   173.92    36.29   183.73     0.01     0.00    -0.00   0.021  101
   172.95    34.33   183.73     0.01     0.00    -0.00   0.020  102
   174.90    35.31   183.73     0.01     0.00    -0.00   0.021  103
   174.90    35.31   183.73     0.01     0.00    -0.00   0.020  104
   172.95    35.31   182.71     0.01    -0.00     0.00   0.021  105
   173.92    36.29   183.73     0.01    -0.00    -0.00   0.020  106
   174.90    35.31   183.73     0.01     0.00    -0.00   0.021  107
   173.92    35.31   182.71     0.01     0.00    -0.00   0.020  108
   174.90    35.31   184.75     0.01     0.00    -0.00   0.021  109
   172.95    35.31   180.68     0.01     0.00    -0.00   0.020  110
   174.90    35.31   184.75     0.01     0.00    -0.00   0.021  111
   173.92    35.31   183.73     0.01     0.00    -0.00   0.020  112
   173.92    36.29   183.73     0.01     0.00    -0.00   0.021  113
   172.95    35.31   183.73     0.01     0.00    -0.00   0.020  114
   172.95    36.29   182.71     0.01     0.00     0.00   0.021  115
   174.90    36.29   183.73     0.01     0.00    -0.00   0.020  116
   172.95    36.29   182.71     0.01     0.00    -0.00   0.021  117
   172.95    35.31   182.71     0.01     0.00    -0.00   0.020  118
   174.90    36.29   183.73     0.01     0.00    -0.00   0.021  119
   173.92    35.31   182.71     0.01     0.00    -0.00   0.020  120
   173.92    35.31   183.73     0.01     0.00    -0.00   0.021  121
   173.92    35.31   184.75     0.01    -0.00    -0.00   0.020  122
   173.92    35.31   183.73     0.01     0.00    -0.00   0.020  123
   174.90    34.33   184.75     0.01     0.00    -0.00   0.021  124
   173.92    36.29   181.69     0.01     0.00    -0.00   0.020  125
   174.90    35.31   182.71     0.01    -0.00    -0.00   0.021  126
   174.90    37.27   183.73     0.01     0.00    -0.00   0.020  127
   174.90    34.33   182.71     0.01     0.00    -0.00   0.021  128
   174.90    34.33   183.73     0.01     0.00    -0.00   0.020  129
   173.92    35.31   183.73     0.01     0.00    -0.00   0.021  130
   174.90    35.31   184.75     0.01     0.00    -0.00   0.020  131
   173.92    36.29   183.73     0.01     0.00    -0.00   0.021  132
   173.92    35.31   182.71     0.01     0.00    -0.00   0.020  133
   174.90    35.31   182.71     0.01     0.00    -0.00   0.021  134
   173.92    34.33   183.73     0.01     0.00    -0.00   0.020  135
   174.90    35.31   182.71     0.01     0.00    -0.00   0.021  136
   173.92    36.29   183.73     0.01     0.00    -0.00   0.020  137
   173.92    35.31   182.71     0.01     0.00    -0.00   0.021  138
   173.92    35.31   183.73     0.01     0.00    -0.00   0.020  139
   173.92    35.31   183.73     0.01     0.00    -0.00   0.021  140
   172.95    35.31   182.71     0.01     0.00     0.00   0.020  141
   174.90    36.29   183.73     0.01     0.00    -0.00   0.021  142
   173.92    35.31   183.73     0.01     0.00    -0.00   0.020  143
   172.95    35.31   184.75     0.01     0.00    -0.00   0.021  144
   174.90    36.29   183.73     0.01     0.00    -0.00   0.020  145
   172.95    36.29   182.71     0.01     0.00    -0.00   0.021  146
   174.90    34.33   183.73     0.01     0.00    -0.00   0.020  147
   174.90    35.31   182.71     0.01     0.00    -0.00   0.020  148
   173.92    35.31   183.73     0.01    -0.00    -0.00   0.021  149
   173.92    36.29   184.75     0.01     0.00    -0.00   0.020  150
   173.92    35.31   182.71     0.01     0.00    -0.00   0.021  151
   172.95    35.31   183.73     0.01     0.00    -0.00   0.020  152
   174.90    35.31   182.71     0.01     0.00    -0.00   0.021  153
   174.90    35.31   182.71     0.01     0.00    -0.00   0.020  154
   173.92    35.31   183.73     0.01     0.00    -0.00   0.021  155
   174.90    34.33   183.73     0.01     0.00    -0.00   0.020  156
   172.95    34.33   182.71     0.01     0.00    -0.00   0.021  157
   173.92    36.29   182.71     0.01     0.00    -0.00   0.020  158
   172.95    37.27   182.71     0.01     0.00    -0.00   0.021  159
   173.92    35.31   183.73     0.01     0.00     0.00   0.020  160
   173.92    36.29   184.75     0.01     0.00    -0.00   0.021  161
   173.92    35.31   181.69     0.01     0.00    -0.00   0.020  162
   173.92    36.29   182.71     0.01     0.00    -0.00   0.021  163
   174.90    36.29   183.73     0.01     0.00    -0.00   0.020  164
   173.92    36.29   184.75     0.01     0.00    -0.00   0.021  165
   174.90    36.29   184.75     0.01     0.00     0.00   0.020  166
   172.95    36.29   182.71     0.01     0.00    -0.00   0.021  167
   174.90    35.31   183.73     0.01    -0.00    -0.00   0.020  168
   174.90    35.31   184.75     0.01     0.00    -0.00   0.021  169
   174.90    34.33   182.71     0.01     0.00    -0.00   0.020  170
   173.92    35.31   182.71     0.01     0.00    -0.00   0.021  171
   173.92    35.31   182.71     0.01     0.00    -0.00   0.020  172
   173.92    35.31   183.73     0.01     0.00    -0.00   0.020  173
   173.92    35.31   183.73     0.01     0.00    -0.00   0.021  174
   172.95    35.31   182.71     0.01     0.00    -0.00   0.020  175
   174.90    35.31   182.71     0.01     0.00    -0.00   0.021  176
   173.92    35.31   183.73     0.01     0.00    -0.00   0.020  177
   174.90    35.31   184.75     0.01     0.00    -0.00   0.021  178
   174.90    35.31   183.73     0.01     0.00    -0.00   0.020  179
   174.90    34.33   183.73     0.01     0.00    -0.00   0.021  180
   175.88    34.33   182.71     0.01     0.00    -0.00   0.020  181
   173.92    35.31   182.71     0.01     0.00    -0.00   0.021  182
   173.92    36.29   184.75     0.01     0.00    -0.00   0.020  183
   171.97    36.29   183.73     0.01     0.00    -0.00   0.021  184
   173.92    35.31   184.75     0.01     0.00    -0.00   0.020  185
   173.92    36.29   182.71     0.01     0.00    -0.00   0.021  186
   173.92    35.31   183.73     0.01     0.00     0.00   0.020  187
   173.92    34.33   183.73     0.01     0.00    -0.00   0.021  188
   173.92    35.31   182.71     0.01     0.00    -0.00   0.020  189
   173.92    35.31   182.71     0.01     0.00    -0.00   0.021  190
   172.95    36.29   183.73     0.01     0.00    -0.00   0.020  191
   173.92    35.31   184.75     0.01     0.00    -0.00   0.021  192
   173.92    36.29   182.71     0.01     0.00    -0.00   0.020  193
   173.92    35.31   184.75     0.01     0.00    -0.00   0.021  194
   173.92    35.31   182.71     0.01     0.00    -0.00   0.020  195
   172.95    34.33   183.73     0.01     0.00    -0.00   0.021  196
   173.92    37.27   184.75     0.01     0.00    -0.00   0.020  197
   172.95    35.31   183.73     0.01     0.00    -0.00   0.020  198
   174.90    35.31   184.75     0.01     0.00    -0.00   0.021  199
   173.92    35.31   182.71     0.01    -0.00    -0.00   0.020  200
   173.92    35.31   182.71     0.01     0.00     0.00   0.021  201
   173.92    37.27   182.71     0.01     0.00    -0.00   0.020  202
   173.92    35.31   182.71     0.01     0.00    -0.00   0.021  203
   172.95    36.29   184.75     0.01     0.00    -0.00   0.020  204
   173.92    35.31   183.73     0.01     0.00     0.00   0.021  205
   172.95    35.31   182.71     0.01    -0.00    -0.00   0.020  206
   173.92    36.29   183.73     0.01    -0.00    -0.00   0.021  207
   173.92    35.31   182.71     0.01     0.00    -0.00   0.020  208
   174.90    35.31   184.75     0.01     0.00    -0.00   0.021  209
   173.92    36.29   183.73     0.01     0.00    -0.00   0.020  210
   173.92    34.33   184.75     0.01     0.00    -0.00   0.021  211
   174.90    35.31   183.73     0.01     0.00    -0.00   0.020  212
   173.92    35.31   184.75     0.01     0.00    -0.00   0.021  213
   173.92    35.31   182.71     0.01     0.00    -0.00   0.020  214
   174.90    36.29   183.73     0.01     0.00    -0.00   0.021  215
   174.90    35.31   182.71     0.01     0.00    -0.00   0.020  216
   174.90    35.31   183.73     0.01     0.00    -0.00   0.021  217
   174.90    35.31   183.73     0.01     0.00    -0.00   0.020  218
   173.92    36.29   183.73     0.01     0.00    -0.00   0.021  219
   173.92    37.27   183.73     0.01     0.00    -0.00   0.020  220
   172.95    36.29   183.73     0.01     0.00    -0.00   0.021  221
   173.92    35.31   183.73     0.01     0.00    -0.00   0.020  222
   174.90    36.29   183.73     0.01     0.00    -0.00   0.020  223
   173.92    35.31   182.71     0.01     0.00    -0.00   0.021  224
   173.92    36.29   182.71     0.01     0.00    -0.00   0.020  225
   174.90    36.29   183.73     0.01     0.00    -0.00   0.021  226
   174.90    34.33   183.73     0.01     0.00    -0.00   0.020  227
   173.92    36.29   183.73     0.01     0.00    -0.00   0.021  228
   174.90    34.33   183.73     0.01     0.00    -0.00   0.020  229
   174.90    36.29   184.75     0.01     0.00    -0.00   0.021  230
   174.90    34.33   182.71     0.01     0.00     0.00   0.020  231
   173.92    36.29   183.73     0.01     0.00    -0.00   0.021  232
   174.90    35.31   183.73     0.01     0.00    -0.00   0.020  233
   173.92    34.33   183.73     0.01     0.00    -0.00   0.021  234
   173.92    35.31   184.75     0.01    -0.00    -0.00   0.020  235
   172.95    36.29   184.75     0.01     0.00    -0.00   0.021  236
   173.92    35.31   183.73     0.01     0.00    -0.00   0.020  237
   173.92    36.29   182.71     0.01     0.00    -0.00   0.021  238
   173.92    36.29   183.73     0.01     0.00    -0.00   0.020  239
   173.92    35.31   183.73     0.01     0.00    -0.00   0.021  240
   173.92    35.31   181.69     0.01     0.00    -0.00   0.020  241
   173.92    35.31   183.73     0.01     0.00     0.00   0.021  242
   175.88    35.31   183.73     0.01     0.00    -0.00   0.020  243
   173.92    36.29   183.73     0.01     0.00    -0.00   0.021  244
   173.92    35.31   182.71     0.01     0.00    -0.00   0.020  245
   173.92    35.31   183.73     0.01    -0.00    -0.00   0.021  246
   173.92    35.31   182.71     0.01     0.00    -0.00   0.020  247
   174.90    37.27   185.77     0.01     0.00    -0.00   0.020  248
   173.92    35.31   183.73     0.01     0.00    -0.00   0.021  249
   173.92    35.31   183.73     0.01     0.00    -0.00   0.020  250
   173.92    35.31   184.75     0.01     0.00    -0.00   0.021  251
   172.95    36.29   182.71     0.01     0.00    -0.00   0.020  252
   174.90    36.29   183.73     0.01     0.00    -0.00   0.021  253
   173.92    36.29   183.73     0.01     0.00    -0.00   0.020  254
   173.92    34.33   182.71     0.01     0.00    -0.00   0.021  255
   173.92    36.29   181.69     0.01     0.00    -0.00   0.020    0
   172.95    36.29   183.73     0.01     0.00    -0.00   0.021    1
   173.92    36.29   183.73     0.01     0.00    -0.00   0.020    2
   174.90    35.31   183.73     0.01     0.00    -0.00   0.021    3
   172.95    35.31   182.71     0.01     0.00    -0.00   0.020    4
   174.90    35.31   183.73     0.01     0.00    -0.00   0.021    5
   173.92    35.31   182.71     0.01     0.00    -0.00   0.020    6
   173.92    35.31   183.73     0.01     0.00     0.00   0.021    7
   173.92    36.29   184.75     0.01     0.00     0.00   0.020    8
   173.92    35.31   181.69     0.01     0.00    -0.00   0.021    9
   174.90    35.31   183.73     0.01     0.00    -0.00   0.020   10
   174.90    36.29   183.73     0.01     0.00    -0.00   0.021   11
   175.88    35.31   182.71     0.01     0.00    -0.00   0.020   12
   174.90    35.31   182.71     0.01     0.00    -0.00   0.021   13
   173.92    35.31   183.73     0.01     0.00    -0.00   0.020   14
   173.92    35.31   183.73     0.01     0.00    -0.00   0.021   15
   174.90    36.29   184.75     0.01     0.00     0.00   0.020   16
   174.90    34.33   182.71     0.01     0.00    -0.00   0.020   17
   173.92    36.29   185.77     0.01     0.00    -0.00   0.021   18
   174.90    35.31   183.73     0.01     0.00     0.00   0.020   19
   173.92    35.31   183.73     0.01     0.00    -0.00   0.021   20
   174.90    35.31   184.75     0.01     0.00    -0.00   0.020   21
   174.90    35.31   182.71     0.01     0.00    -0.00   0.021   22
   173.92    36.29   182.71     0.01     0.00    -0.00   0.020   23
   174.90    35.31   183.73     0.01     0.00    -0.00   0.021   24
   173.92    35.31   183.73     0.01     0.00    -0.00   0.020   25
   173.92    36.29   183.73     0.01     0.00    -0.00   0.021   26
   173.92    35.31   182.71     0.01     0.00    -0.00   0.020   27
   173.92    36.29   182.71     0.01     0.00    -0.00   0.021   28
   173.92    35.31   183.73     0.01     0.00    -0.00   0.020   29
   172.95    35.31   181.69     0.01     0.00    -0.00   0.021   30
   173.92    36.29   184.75     0.01     0.00    -0.00   0.020   31
   173.92    35.31   183.73     0.01     0.00    -0.00   0.021   32
   173.92    35.31   183.73     0.01     0.00    -0.00   0.020   33
   173.92    36.29   184.75     0.01     0.00    -0.00   0.021   34
   174.90    35.31   182.71     0.01     0.00     0.00   0.020   35
   173.92    35.31   184.75     0.01     0.00    -0.00   0.021   36
   173.92    34.33   184.75     0.01     0.00    -0.00   0.020   37
   172.95    36.29   182.71     0.01     0.00    -0.00   0.021   38
   174.90    35.31   182.71     0.01     0.00    -0.00   0.020   39
   174.90    34.33   182.71     0.01     0.00    -0.00   0.021   40
   174.90    35.31   182.71     0.01     0.00    -0.00   0.020   41
   174.90    35.31   182.71     0.01     0.00    -0.00   0.020   42
   173.92    34.33   182.71     0.01     0.00    -0.00   0.021   43
   173.92    36.29   184.75     0.01     0.00    -0.00   0.020   44
   173.92    35.31   182.71     0.01     0.00    -0.00   0.021   45
   174.90    35.31   181.69     0.01     0.00    -0.00   0.020   46
   173.92    35.31   183.73     0.01     0.00    -0.00   0.021   47
   174.90    35.31   182.71     0.01     0.00    -0.00   0.020   48
   173.92    35.31   183.73     0.01     0.00    -0.00   0.021   49
   173.92    36.29   182.71     0.01     0.00    -0.00   0.020   50
   174.90    35.31   183.73     0.01     0.00    -0.00   0.021   51
   174.90    36.29   184.75     0.01     0.00    -0.00   0.020   52
   173.92    35.31   181.69     0.01     0.00    -0.00   0.021   53
   173.92    36.29   182.71     0.01     0.00    -0.00   0.020   54
   173.92    35.31   184.75     0.01     0.00    -0.00   0.021   55
   174.90    34.33   183.73     0.01     0.00    -0.00   0.020   56
   173.92    36.29   182.71     0.01     0.00    -0.00   0.021   57
   173.92    36.29   182.71     0.01     0.00    -0.00   0.020   58
   174.90    34.33   182.71     0.01     0.00    -0.00   0.021   59
   174.90    36.29   182.71     0.01     0.00    -0.00   0.020   60
   173.92    35.31   181.69     0.01     0.00    -0.00   0.021   61
   173.92    35.31   182.71     0.01     0.00    -0.00   0.020   62
   174.90    35.31   183.73     0.01     0.00    -0.00   0.021   63
   173.92    34.33   181.69     0.01     0.00    -0.00   0.020   64
   173.92    35.31   181.69     0.01     0.00    -0.00   0.021   65
   174.90    35.31   181.69     0.01     0.00    -0.00   0.020   66
   173.92    35.31   183.73     0.01     0.00    -0.00   0.020   67
   173.92    36.29   183.73     0.01     0.00    -0.00   0.021   68
   173.92    36.29   182.71     0.01     0.00    -0.00   0.020   69
   173.92    35.31   182.71     0.01     0.00    -0.00   0.021   70
   172.95    36.29   183.73     0.01     0.00    -0.00   0.020   71
   174.90    36.29   182.71     0.01     0.00    -0.00   0.021   72
   172.95    35.31   183.73     0.01     0.00    -0.00   0.020   73
   172.95    34.33   183.73     0.01     0.00    -0.00   0.021   74
   174.90    35.31   182.71     0.01    -0.00    -0.00   0.020   75
   172.95    36.29   183.73     0.01     0.00    -0.00   0.021   76
   173.92    35.31   183.73     0.01     0.00    -0.00   0.020   77
   172.95    35.31   182.71     0.01     0.00    -0.00   0.021   78
   173.92    35.31   182.71     0.01     0.00     0.00   0.020   79
   173.92    34.33   183.73     0.01     0.00    -0.00   0.021   80
   175.88    35.31   184.75     0.01    -0.00    -0.00   0.020   81
   173.92    35.31   184.75     0.01     0.00    -0.00   0.021   82
   173.92    35.31   180.68     0.01     0.00    -0.00   0.020   83
   174.90    35.31   182.71     0.01     0.00    -0.00   0.021   84
   174.90    34.33   183.73     0.01     0.00    -0.00   0.020   85
