   176.85    47.08   175.59     0.01     0.00    -0.01   0.021    0
   176.85    47.08   176.60     0.01     0.00    -0.00   0.020    1
   176.85    46.10   175.59     0.01     0.01    -0.00   0.021    2
   176.85    47.08   176.60     0.01     0.00    -0.00   0.020    3
   177.83    45.12   175.59     0.01     0.00    -0.00   0.021    4
   177.83    45.12   175.59     0.01     0.00    -0.00   0.020    5
   176.85    46.10   176.60     0.01     0.00    -0.00   0.021    6
   178.81    46.10   175.59     0.01     0.00    -0.00   0.020    7
   177.83    45.12   176.60     0.01     0.00    -0.00   0.021    8
   177.83    45.12   177.62     0.01     0.00    -0.00   0.020    9
   177.83    46.10   175.59     0.01     0.00    -0.00   0.021   10
   177.83    46.10   175.59     0.01     0.00    -0.00   0.020   11
   176.85    45.12   176.60     0.01     0.00    -0.00   0.021   12
   177.83    46.10   176.60     0.01     0.00    -0.00   0.020   13
   175.88    47.08   174.57     0.01     0.00    -0.00   0.021   14
   177.83    46.10   175.59     0.01     0.00    -0.00   0.020   15
   176.85    46.10   176.60     0.01     0.00    -0.00   0.020   16
   177.83    45.12   176.60     0.01     0.00    -0.00   0.021   17
   177.83    45.12   175.59     0.01     0.00    -0.00   0.020   18
   176.85    46.10   176.60     0.01     0.00    -0.00   0.021   19
   177.83    45.12   176.60     0.01     0.00    -0.00   0.020   20
   176.85    47.08   175.59     0.01     0.00    -0.00   0.021   21
   177.83    46.10   175.59     0.01     0.00    -0.00   0.020   22
   176.85    46.10   175.59     0.01     0.00    -0.00   0.021   23
   176.85    45.12   176.60     0.01     0.00    -0.00   0.020   24
   177.83    47.08   176.60     0.01     0.00    -0.00   0.021   25
   177.83    46.10   177.62     0.01     0.00    -0.00   0.020   26
   176.85    46.10   176.60     0.01     0.00    -0.00   0.021   27
   177.83    46.10   175.59     0.01     0.00    -0.00   0.020   28
   176.85    46.10   176.60     0.01     0.00    -0.00   0.021   29
   178.81    45.12   175.59     0.01     0.00    -0.00   0.020   30
   177.83    47.08   176.60     0.01     0.00    -0.00   0.021   31
   177.83    45.12   176.60     0.01     0.00    -0.00   0.020   32
   176.85    46.10   176.60     0.01     0.00    -0.00   0.021   33
   177.83    45.12   176.60     0.01     0.00    -0.00   0.020   34
   177.83    46.10   175.59     0.01     0.00    -0.00   0.021   35
   178.81    45.12   175.59     0.01     0.00    -0.00   0.020   36
   177.83    46.10   175.59     0.01     0.00    -0.00   0.021   37
   176.85    46.10   175.59     0.01     0.00    -0.00   0.020   38
   177.83    47.08   175.59     0.01     0.00    -0.00   0.021   39
   176.85    46.10   175.59     0.01     0.00    -0.00   0.020   40
   177.83    46.10   177.62     0.01     0.00    -0.00   0.020   41
   177.83    45.12   175.59     0.01     0.00    -0.00   0.021   42
   178.81    45.12   174.57     0.01     0.00    -0.00   0.020   43
   176.85    49.04   177.62     0.01     0.00    -0.00   0.021   44
   177.83    45.12   175.59     0.01     0.00    -0.00   0.020   45
   177.83    46.10   175.59     0.01     0.00    -0.01   0.021   46
   177.83    46.10   175.59     0.01     0.00    -0.01   0.020   47
   176.85    46.10   176.60     0.01     0.00    -0.01   0.021   48
   176.85    45.12   175.59     0.01     0.00    -0.00   0.020   49
   176.85    45.12   175.59     0.01     0.00    -0.00   0.021   50
   177.83    46.10   174.57     0.01     0.00    -0.01   0.020   51
   176.85    47.08   176.60     0.01     0.00    -0.00   0.021   52
   177.83    45.12   175.59     0.01     0.00    -0.00   0.020   53
   177.83    46.10   176.60     0.01     0.00    -0.00   0.021   54
   177.83    46.10   175.59     0.01     0.00    -0.00   0.020   55
   176.85    47.08   175.59     0.01     0.00    -0.00   0.021   56
   177.83    45.12   176.60     0.01     0.00    -0.00   0.020   57
   177.83    46.10   176.60     0.01     0.00    -0.00   0.021   58
   176.85    46.10   177.62     0.01     0.00    -0.00   0.020   59
   176.85    45.12   177.62     0.01     0.00    -0.01   0.021   60
   176.85    45.12   176.60     0.01     0.00    -0.00   0.020   61
   178.81    46.10   177.62     0.01     0.00    -0.00   0.021   62
   177.83    47.08   175.59     0.01     0.00    -0.00   0.020   63
   176.85    45.12   175.59     0.01     0.00    -0.00   0.021   64
   177.83    44.14   176.60     0.01     0.00    -0.00   0.020   65
   177.83    47.08   175.59     0.01     0.00    -0.00   0.020   66
   176.85    46.10   176.60     0.01     0.00    -0.00   0.021   67
   176.85    46.10   175.59     0.01     0.00    -0.00   0.020   68
   176.85    45.12   175.59     0.01     0.00    -0.00   0.021   69
   176.85    46.10   176.60     0.01     0.00    -0.00   0.020   70
   176.85    46.10   175.59     0.01     0.00    -0.00   0.021   71
   177.83    45.12   175.59     0.01     0.00    -0.00   0.020   72
   176.85    47.08   177.62     0.01     0.00    -0.00   0.021   73
   177.83    46.10   176.60     0.01     0.00    -0.01   0.020   74
   177.83    47.08   175.59     0.01     0.00    -0.01   0.021   75
   177.83    46.10   176.60     0.01     0.00    -0.01   0.020   76
   176.85    47.08   176.60     0.01     0.00    -0.00   0.021   77
   175.88    47.08   175.59     0.01     0.00    -0.00   0.020   78
   176.85    46.10   177.62     0.01     0.00    -0.00   0.021   79
   177.83    45.12   175.59     0.01     0.00    -0.00   0.020   80
   177.83    46.10   176.60     0.01     0.00    -0.00   0.021   81
   176.85    46.10   175.59     0.01     0.00    -0.00   0.020   82
   177.83    46.10   175.59     0.01     0.00    -0.00   0.021   83
   178.81    46.10   176.60     0.01     0.00    -0.00   0.020   84
   177.83    44.14   175.59     0.01     0.00    -0.00   0.021   85
   176.85    46.10   175.59     0.01     0.00    -0.00   0.020   86
   176.85    45.12   175.59     0.01     0.00    -0.01   0.021   87
   176.85    47.08   175.59     0.01     0.00    -0.01   0.020   88
   176.85    45.12   176.60     0.01     0.00    -0.00   0.021   89
   176.85    46.10   176.60     0.01     0.00    -0.00   0.020   90
   177.83    46.10   175.59     0.01     0.00    -0.01   0.020   91
   176.85    46.10   175.59     0.01     0.00    -0.01   0.021   92
   176.85    46.10   176.60     0.01     0.00    -0.00   0.020   93
   177.83    47.08   176.60     0.01     0.00    -0.01   0.021   94
   176.85    45.12   175.59     0.01     0.00    -0.00   0.020   95
   177.83    46.10   175.59     0.01     0.00    -0.00   0.021   96
   177.83    46.10   175.59     0.01     0.00    -0.00   0.020   97
   177.83    46.10   175.59     0.01     0.00    -0.00   0.021   98
   177.83    45.12   175.59     0.01     0.00    -0.01   0.020   99
   177.83    45.12   176.60     0.01     0.00    -0.00   0.021  100
   176.85    46.10   175.59     0.01     0.00    -0.00   0.020  101
   175.88    46.10   175.59     0.01     0.00    -0.01   0.021  102
   177.83    45.12   175.59     0.01     0.00    -0.00   0.020  103
   177.83    45.12   177.62     0.01     0.00    -0.00   0.021  104
   177.83    46.10   176.60     0.01     0.00    -0.00   0.020  105
   177.83    46.10   175.59     0.01     0.00    -0.00   0.021  106
   177.83    45.12   175.59     0.01     0.00    -0.00   0.020  107
   177.83    45.12   175.59     0.01     0.00    -0.00   0.021  108
   176.85    45.12   174.57     0.01     0.00    -0.00   0.020  109
   176.85    46.10   175.59     0.01     0.00    -0.00   0.021  110
   177.83    45.12   176.60     0.01     0.00    -0.01   0.020  111
   177.83    45.12   176.60     0.01     0.00    -0.00   0.021  112
   177.83    44.14   175.59     0.01     0.00    -0.01   0.020  113
   176.85    45.12   175.59     0.01     0.00    -0.01   0.021  114
   177.83    45.12   175.59     0.01     0.00    -0.01   0.020  115
   177.83    46.10   176.60     0.01     0.00    -0.00   0.020  116
   177.83    46.10   174.57     0.01     0.00    -0.00   0.021  117
   177.83    45.12   174.57     0.01     0.00    -0.00   0.020  118
   176.85    46.10   174.57     0.01     0.00    -0.00   0.021  119
   177.83    46.10   175.59     0.01     0.00    -0.00   0.020  120
   176.85    45.12   176.60     0.01     0.00    -0.00   0.021  121
   177.83    46.10   176.60     0.01     0.00    -0.00   0.020  122
   177.83    45.12   176.60     0.01     0.00    -0.00   0.021  123
   177.83    45.12   176.60     0.01     0.00    -0.00   0.020  124
   177.83    45.12   175.59     0.01     0.00    -0.00   0.021  125
   177.83    45.12   177.62     0.01     0.00    -0.00   0.020  126
   177.83    45.12   176.60     0.01     0.00    -0.00   0.021  127
   178.81    45.12   176.60     0.01     0.00    -0.00   0.020  128
   177.83    45.12   175.59     0.01     0.00    -0.00   0.021  129
   177.83    45.12   175.59     0.01     0.00    -0.01   0.020  130
   177.83    45.12   176.60     0.01     0.00    -0.00   0.021  131
   177.83    46.10   175.59     0.01     0.00    -0.00   0.020  132
   177.83    46.10   175.59     0.01     0.00    -0.00   0.021  133
   176.85    45.12   175.59     0.01     0.00    -0.01   0.020  134
   176.85    46.10   175.59     0.01     0.00    -0.00   0.021  135
   177.83    46.10   176.60     0.01     0.00    -0.00   0.020  136
   177.83    46.10   175.59     0.01     0.00    -0.00   0.021  137
   177.83    45.12   176.60     0.01     0.00    -0.00   0.020  138
   177.83    46.10   175.59     0.01     0.00    -0.00   0.021  139
   177.83    46.10   175.59     0.01     0.00    -0.00   0.020  140
   176.85    45.12   175.59     0.01     0.00    -0.00   0.020  141
   176.85    46.10   175.59     0.01     0.00    -0.00   0.021  142
   177.83    46.10   176.60     0.01     0.00    -0.00   0.020  143
   176.85    45.12   176.60     0.01     0.00    -0.01   0.021  144
   176.85    46.10   175.59     0.01     0.00    -0.00   0.020  145
   176.85    44.14   176.60     0.01     0.00    -0.01   0.021  146
   176.85    45.12   175.59     0.01     0.00    -0.00   0.020  147
   177.83    45.12   176.60     0.01     0.00    -0.01   0.021  148
   176.85    46.10   175.59     0.01     0.00    -0.01   0.020  149
   175.88    47.08   175.59     0.01     0.00    -0.01   0.021  150
   176.85    46.10   176.60     0.01     0.00    -0.00   0.020  151
   175.88    46.10   175.59     0.01     0.00    -0.00   0.021  152
   176.85    46.10   175.59     0.01     0.00    -0.00   0.020  153
   177.83    45.12   175.59     0.01     0.00    -0.00   0.021  154
   177.83    46.10   176.60     0.01     0.00    -0.01   0.020  155
   177.83    46.10   175.59     0.01     0.00    -0.01   0.021  156
   176.85    46.10   175.59     0.01     0.00    -0.00   0.020  157
   177.83    45.12   176.60     0.01     0.00    -0.00   0.021  158
   176.85    45.12   176.60     0.01     0.00    -0.00   0.020  159
   177.83    45.12   175.59     0.01     0.00    -0.01   0.021  160
   177.83    45.12   175.59     0.01     0.00    -0.01   0.020  161
   176.85    45.12   174.57     0.01     0.00    -0.00   0.021  162
   176.85    46.10   174.57     0.01     0.00    -0.00   0.020  163
   176.85    45.12   174.57     0.01     0.00    -0.00   0.021  164
   176.85    47.08   176.60     0.01     0.00    -0.00   0.020  165
   177.83    46.10   176.60     0.01     0.00    -0.01   0.020  166
   177.83    46.10   176.60     0.01     0.00    -0.00   0.021  167
   177.83    45.12   175.59     0.01     0.00    -0.00   0.020  168
   176.85    45.12   175.59     0.01     0.00    -0.00   0.021  169
   177.83    45.12   175.59     0.01     0.00    -0.00   0.020  170
   177.83    46.10   175.59     0.01     0.00    -0.00   0.021  171
   178.81    45.12   177.62     0.01     0.00    -0.00   0.020  172
   176.85    46.10   177.62     0.01     0.00    -0.00   0.021  173
   175.88    46.10   176.60     0.01     0.00    -0.01   0.020  174
   176.85    46.10   176.60     0.01     0.00    -0.00   0.021  175
   177.83    47.08   176.60     0.01     0.00    -0.00   0.020  176
   176.85    45.12   174.57     0.01     0.00    -0.00   0.021  177
   176.85    46.10   175.59     0.01     0.00    -0.00   0.020  178
   177.83    46.10   176.60     0.01     0.00    -0.00   0.021  179
   176.85    46.10   175.59     0.01     0.00    -0.00   0.020  180
   177.83    44.14   176.60     0.01     0.00    -0.00   0.021  181
   175.88    46.10   175.59     0.01     0.00    -0.01   0.020  182
   176.85    46.10   175.59     0.01     0.00    -0.00   0.021  183
   176.85    46.10   175.59     0.01     0.00    -0.00   0.020  184
   177.83    45.12   175.59     0.01     0.00    -0.00   0.021  185
   176.85    46.10   176.60     0.01     0.00    -0.00   0.020  186
   177.83    46.10   177.62     0.01     0.00    -0.00   0.021  187
   176.85    46.10   174.57     0.01     0.00    -0.01   0.020  188
   176.85    45.12   175.59     0.01     0.00    -0.01   0.021  189
   175.88    45.12   175.59     0.01     0.00    -0.00   0.020  190
   176.85    46.10   175.59     0.01     0.00    -0.00   0.020  191
   177.83    45.12   174.57     0.01     0.00    -0.00   0.021  192
   177.83    45.12   176.60     0.01     0.00    -0.00   0.020  193
   177.83    46.10   176.60     0.01     0.00    -0.00   0.021  194
   176.85    45.12   176.60     0.01     0.00    -0.00   0.020  195
   177.83    45.12   176.60     0.01     0.00    -0.00   0.021  196
   176.85    44.14   176.60     0.01     0.00    -0.00   0.020  197
   176.85    47.08   176.60     0.01     0.00    -0.00   0.021  198
   177.83    46.10   175.59     0.01     0.00    -0.01   0.020  199
   177.83    45.12   176.60     0.01     0.00    -0.00   0.021  200
   176.85    45.12   176.60     0.01     0.00    -0.00   0.020  201
   177.83    44.14   176.60     0.01     0.00    -0.01   0.021  202
   175.88    45.12   177.62     0.01     0.00    -0.00   0.020  203
   177.83    46.10   175.59     0.01     0.00    -0.00   0.021  204
   176.85    46.10   176.60     0.01     0.00    -0.00   0.020  205
   177.83    45.12   176.60     0.01     0.00    -0.00   0.021  206
   176.85    46.10   176.60     0.01     0.00    -0.00   0.020  207
   177.83    45.12   175.59     0.01     0.00    -0.00   0.021  208
   177.83    46.10   175.59     0.01     0.00    -0.01   0.020  209
   177.83    46.10   174.57     0.01     0.00    -0.01   0.021  210
   176.85    45.12   175.59     0.01     0.00    -0.00   0.020  211
   177.83    44.14   175.59     0.01     0.00    -0.00   0.021  212
   176.85    45.12   174.57     0.01     0.00    -0.00   0.020  213
   178.81    45.12   177.62     0.01     0.00    -0.00   0.021  214
   177.83    45.12   177.62     0.01     0.00    -0.00   0.020  215
   177.83    46.10   175.59     0.01     0.00    -0.00   0.020  216
   177.83    45.12   175.59     0.01     0.00    -0.01   0.021  217
   176.85    45.12   174.57     0.01     0.00    -0.01   0.020  218
   176.85    45.12   175.59     0.01     0.00    -0.00   0.021  219
   178.81    45.12   176.60     0.01     0.00    -0.00   0.020  220
   176.85    45.12   175.59     0.01     0.00    -0.00   0.021  221
   177.83    45.12   175.59     0.01     0.00    -0.00   0.020  222
   177.83    45.12   176.60     0.01     0.00    -0.00   0.021  223
   176.85    44.14   176.60     0.01     0.00    -0.00   0.020  224
   177.83    46.10   174.57     0.01     0.00    -0.00   0.021  225
   177.83    46.10   176.60     0.01     0.00    -0.00   0.020  226
   176.85    45.12   175.59     0.01     0.00    -0.01   0.021  227
   177.83    45.12   176.60     0.01     0.00    -0.01   0.020  228
   176.85    45.12   177.62     0.01     0.00    -0.01   0.021  229
   176.85    46.10   175.59     0.01     0.00    -0.01   0.020  230
   177.83    45.12   176.60     0.01     0.00    -0.00   0.021  231
   177.83    47.08   176.60     0.01     0.00    -0.01   0.020  232
   177.83    45.12   175.59     0.01     0.00    -0.00   0.021  233
   176.85    45.12   177.62     0.01     0.00    -0.00   0.020  234
   176.85    45.12   177.62     0.01     0.00    -0.01   0.021  235
   176.85    45.12   175.59     0.01     0.00    -0.01   0.020  236
   176.85    44.14   175.59     0.01     0.00    -0.00   0.021  237
   176.85    46.10   175.59     0.01     0.00    -0.00   0.020  238
   177.83    45.12   174.57     0.01     0.00    -0.00   0.021  239
   177.83    45.12   175.59     0.01     0.00    -0.00   0.020  240
   177.83    44.14   176.60     0.01     0.00    -0.00   0.020  241
   176.85    47.08   176.60     0.01     0.00    -0.01   0.021  242
   175.88    45.12   176.60     0.01     0.00    -0.00   0.020  243
   177.83    45.12   176.60     0.01     0.00    -0.01   0.021  244
   177.83    46.10   176.60     0.01     0.00    -0.00   0.020  245
   177.83    46.10   176.60     0.01     0.00    -0.01   0.021  246
   176.85    46.10   177.62     0.01     0.00    -0.00   0.020  247
   177.83    45.12   175.59     0.01     0.00    -0.00   0.021  248
   176.85    46.10   176.60     0.01     0.00    -0.00   0.020  249
   176.85    46.10   176.60     0.01     0.00    -0.00   0.021  250
   176.85    45.12   176.60     0.01     0.00    -0.00   0.020  251
   177.83    46.10   174.57     0.01     0.00    -0.00   0.021  252
   176.85    45.12   175.59     0.01     0.00    -0.00   0.020  253
   177.83    47.08   177.62     0.01     0.00    -0.00   0.021  254
   177.83    46.10   175.59     0.01     0.00    -0.00   0.020  255
   177.83    46.10   175.59     0.01     0.00    -0.00   0.021    0
   176.85    45.12   176.60     0.01     0.00    -0.00   0.020    1
   177.83    47.08   176.60     0.01     0.00    -0.01   0.021    2
   178.81    44.14   175.59     0.01     0.00    -0.00   0.020    3
   177.83    47.08   177.62     0.01     0.00    -0.00   0.021    4
   176.85    46.10   176.60     0.01     0.00    -0.00   0.020    5
   177.83    46.10   175.59     0.01     0.00    -0.00   0.021    6
   177.83    45.12   176.60     0.01     0.00    -0.00   0.020    7
   177.83    46.10   175.59     0.01     0.00    -0.01   0.021    8
   177.83    46.10   175.59     0.01     0.00    -0.01   0.020    9
   177.83    46.10   175.59     0.01     0.00    -0.01   0.020   10
   176.85    46.10   175.59     0.01     0.00    -0.00   0.021   11
   177.83    46.10   174.57     0.01     0.00    -0.00   0.020   12
   176.85    47.08   175.59     0.01     0.00    -0.00   0.021   13
   177.83    45.12   175.59     0.01     0.00    -0.00   0.020   14
   176.85    46.10   175.59     0.01     0.00    -0.01   0.021   15
   175.88    46.10   175.59     0.01     0.00    -0.01   0.020   16
   176.85    45.12   176.60     0.01     0.00    -0.01   0.021   17
   177.83    45.12   176.60     0.01     0.00    -0.00   0.020   18
   176.85    46.10   176.60     0.01     0.00    -0.00   0.021   19
   178.81    46.10   176.60     0.01     0.00    -0.00   0.020   20
   176.85    47.08   175.59     0.01     0.00    -0.00   0.021   21
   176.85    45.12   175.59     0.01     0.00    -0.00   0.020   22
   177.83    45.12   177.62     0.01     0.00    -0.01   0.021   23
   177.83    46.10   175.59     0.01     0.00    -0.00   0.020   24
   177.83    45.12   176.60     0.01     0.00    -0.00   0.021   25
   177.83    45.12   177.62     0.01     0.00    -0.00   0.020   26
   176.85    45.12   176.60     0.01     0.00    -0.00   0.021   27
   176.85    46.10   175.59     0.01     0.00    -0.00   0.020   28
   177.83    45.12   176.60     0.01     0.00    -0.00   0.021   29
   177.83    45.12   176.60     0.01     0.00    -0.00   0.020   30
   176.85    46.10   176.60     0.01     0.00    -0.00   0.021   31
   177.83    45.12   176.60     0.01     0.00    -0.00   0.020   32
   176.85    45.12   175.59     0.01     0.00    -0.00   0.021   33
   177.83    45.12   174.57     0.01     0.00    -0.00   0.020   34
   176.85    46.10   174.57     0.01     0.00    -0.00   0.020   35
   177.83    46.10   175.59     0.01     0.00    -0.00   0.021   36
   175.88    47.08   174.57     0.01     0.00    -0.00   0.020   37
   177.83    45.12   176.60     0.01     0.00    -0.00   0.021   38
   176.85    46.10   176.60     0.01     0.00    -0.00   0.020   39
   176.85    46.10   174.57     0.01     0.00    -0.00   0.021   40
   176.85    45.12   176.60     0.01     0.00    -0.00   0.020   41
   177.83    45.12   176.60     0.01     0.00    -0.00   0.021   42
   176.85    46.10   175.59     0.01     0.00    -0.01   0.020   43
   176.85    46.10   175.59     0.01     0.00    -0.00   0.021   44
   177.83    45.12   175.59     0.01     0.00    -0.00   0.020   45
   178.81    45.12   174.57     0.01     0.00    -0.00   0.021   46
   177.83    46.10   176.60     0.01     0.00    -0.00   0.020   47
   175.88    48.06   173.55     0.01     0.00    -0.00   0.021   48
   177.83    47.08   175.59     0.01     0.00    -0.00   0.020   49
   176.85    46.10   175.59     0.01     0.00    -0.00   0.021   50
   176.85    45.12   176.60     0.01     0.00    -0.00   0.020   51
   178.81    46.10   176.60     0.01     0.00    -0.00   0.021   52
   177.83    45.12   175.59     0.01     0.00    -0.00   0.020   53
   177.83    45.12   176.60     0.01     0.00    -0.00   0.021   54
   176.85    47.08   177.62     0.01     0.00    -0.00   0.020   55
   177.83    45.12   176.60     0.01     0.00    -0.00   0.021   56
   177.83    46.10   176.60     0.01     0.00    -0.01   0.020   57
   177.83    45.12   175.59     0.01     0.00    -0.01   0.021   58
   176.85    46.10   176.60     0.01     0.00    -0.01   0.020   59
   176.85    46.10   177.62     0.01     0.00    -0.01   0.020   60
   176.85    45.12   176.60     0.01     0.00    -0.00   0.021   61
   177.83    45.12   177.62     0.01     0.00    -0.00   0.020   62
   176.85    45.12   175.59     0.01     0.00    -0.00   0.021   63
   176.85    45.12   175.59     0.01     0.00    -0.00   0.020   64
   176.85    47.08   175.59     0.01     0.00    -0.00   0.021   65
   176.85    46.10   176.60     0.01     0.00    -0.00   0.020   66
   176.85    46.10   176.60     0.01     0.00    -0.00   0.021   67
   177.83    46.10   175.59     0.01     0.00    -0.00   0.020   68
   176.85    46.10   176.60     0.01     0.00    -0.00   0.021   69
   176.85    45.12   176.60     0.01     0.00    -0.00   0.020   70
   177.83    44.14   174.57     0.01     0.00    -0.00   0.021   71
   176.85    46.10   175.59     0.01     0.00    -0.00   0.020   72
   176.85    46.10   176.60     0.01     0.00    -0.00   0.021   73
   176.85    45.12   176.60     0.01     0.00    -0.00   0.020   74
   176.85    46.10   176.60     0.01     0.00    -0.00   0.021   75
   177.83    44.14   175.59     0.01     0.00    -0.00   0.020   76
   176.85    46.10   175.59     0.01     0.00    -0.00   0.021   77
   177.83    46.10   177.62     0.01     0.00    -0.01   0.020   78
   176.85    46.10   174.57     0.01     0.00    -0.00   0.021   79
   176.85    45.12   176.60     0.01     0.00    -0.00   0.020   80
   176.85    46.10   176.60     0.01     0.00    -0.00   0.021   81
   176.85    45.12   176.60     0.01     0.00    -0.00   0.020   82
   175.88    46.10   176.60     0.01     0.00    -0.00   0.021   83
   178.81    46.10   177.62     0.01     0.00    -0.00   0.020   84
   176.85    45.12   176.60     0.01     0.00    -0.00   0.020   85
   176.85    46.10   176.60     0.01     0.00    -0.01   0.021   86
   176.85    44.14   175.59     0.01     0.00    -0.01   0.020   87
   177.83    45.12   175.59     0.01     0.00    -0.01   0.021   88
   176.85    46.10   175.59     0.01     0.00    -0.00   0.020   89
   176.85    45.12   176.60     0.01     0.00    -0.00   0.021   90
   177.83    44.14   176.60     0.01     0.01    -0.00   0.020   91
   177.83    45.12   176.60     0.01     0.00    -0.00   0.021   92
   176.85    46.10   177.62     0.01     0.00    -0.00   0.020   93
   178.81    46.10   176.60     0.01     0.00    -0.00   0.021   94
   177.83    46.10   176.60     0.01     0.00    -0.01   0.020   95
   177.83    46.10   178.64     0.01     0.00    -0.01   0.021   96
   177.83    45.12   176.60     0.01     0.00    -0.00   0.020   97
   177.83    45.12   175.59     0.01     0.00    -0.00   0.021   98
   175.88    46.10   176.60     0.01     0.00    -0.01   0.020   99
   176.85    45.12   177.62     0.01     0.00    -0.01   0.021  100
   175.88    45.12   175.59     0.01     0.00    -0.01   0.020  101
   176.85    46.10   175.59     0.01     0.00    -0.01   0.021  102
   175.88    46.10   175.59     0.01     0.00    -0.00   0.020  103
   176.85    47.08   176.60     0.01     0.00    -0.01   0.021  104
   177.83    46.10   176.60     0.01     0.00    -0.01   0.020  105
   176.85    46.10   176.60     0.01     0.00    -0.00   0.021  106
   176.85    45.12   176.60     0.01     0.00    -0.00   0.020  107
   177.83    45.12   176.60     0.01     0.00    -0.01   0.021  108
   176.85    45.12   176.60     0.01     0.00    -0.00   0.020  109
   178.81    46.10   176.60     0.01     0.00    -0.00   0.020  110
   177.83    45.12   177.62     0.01     0.00    -0.00   0.021  111
   177.83    45.12   175.59     0.01     0.00    -0.00   0.020  112
   176.85    45.12   175.59     0.01     0.00    -0.00   0.021  113
   177.83    46.10   176.60     0.01     0.00    -0.00   0.020  114
   176.85    46.10   175.59     0.01     0.00    -0.00   0.021  115
   176.85    46.10   176.60     0.01     0.00    -0.00   0.020  116
   176.85    45.12   177.62     0.01     0.00    -0.00   0.021  117
   177.83    46.10   176.60     0.01     0.00    -0.00   0.020  118
   176.85    46.10   176.60     0.01     0.00    -0.00   0.021  119
   176.85    45.12   175.59     0.01     0.00    -0.00   0.020  120
   177.83    46.10   176.60     0.01     0.00    -0.00   0.021  121
   176.85    45.12   176.60     0.01     0.00    -0.00   0.020  122
   177.83    46.10   176.60     0.01     0.00    -0.00   0.021  123
   177.83    47.08   176.60     0.01     0.00    -0.01   0.020  124
   177.83    45.12   175.59     0.01     0.00    -0.01   0.021  125
   177.83    46.10   175.59     0.01     0.00    -0.01   0.020  126
   176.85    47.08   174.57     0.01     0.00    -0.01   0.021  127
   176.85    46.10   175.59     0.01     0.00    -0.00   0.020  128
   176.85    47.08   176.60     0.01     0.00    -0.00   0.021  129
   177.83    46.10   176.60     0.01     0.00    -0.00   0.020  130
   176.85    46.10   176.60     0.01     0.00    -0.00   0.021  131
   175.88    46.10   175.59     0.01     0.00    -0.00   0.020  132
   177.83    46.10   175.59     0.01     0.00    -0.00   0.021  133
   175.88    46.10   175.59     0.01     0.00    -0.00   0.020  134
   177.83    45.12   175.59     0.01     0.00    -0.00   0.020  135
   175.88    46.10   176.60     0.01     0.00    -0.00   0.021  136
   176.85    46.10   174.57     0.01     0.00    -0.00   0.020  137
   177.83    45.12   176.60     0.01     0.00    -0.00   0.021  138
   176.85    47.08   176.60     0.01     0.00    -0.00   0.020  139
   177.83    46.10   175.59     0.01     0.00    -0.00   0.021  140
   177.83    45.12   175.59     0.01     0.00    -0.01   0.020  141
   177.83    46.10   176.60     0.01     0.00    -0.00   0.021  142
   177.83    45.12   177.62     0.01     0.00    -0.01   0.020  143
   176.85    45.12   177.62     0.01     0.00    -0.00   0.021  144
   175.88    46.10   177.62     0.01     0.00    -0.00   0.020  145
   176.85    45.12   175.59     0.01     0.00    -0.00   0.021  146
   176.85    45.12   177.62     0.01     0.00    -0.00   0.020  147
   176.85    45.12   176.60     0.01     0.00    -0.00   0.021  148
   175.88    46.10   175.59     0.01     0.00    -0.00   0.020  149
   177.83    46.10   175.59     0.01     0.00    -0.00   0.021  150
   177.83    45.12   176.60     0.01     0.00    -0.00   0.020  151
   176.85    46.10   176.60     0.01     0.00    -0.00   0.021  152
   176.85    46.10   175.59     0.01     0.00    -0.00   0.020  153
   175.88    46.10   177.62     0.01     0.00    -0.01   0.021  154
   177.83    45.12   177.62     0.01     0.00    -0.00   0.020  155
   176.85    46.10   176.60     0.01     0.00    -0.00   0.021  156
   176.85    46.10   175.59     0.01     0.00    -0.00   0.020  157
   177.83    46.10   177.62     0.01     0.00    -0.00   0.021  158
   176.85    46.10   176.60     0.01     0.00    -0.00   0.020  159
   177.83    45.12   175.59     0.01     0.00    -0.00   0.020  160
   176.85    46.10   176.60     0.01     0.00    -0.00   0.021  161
   176.85    46.10   175.59     0.01     0.00    -0.00   0.020  162
   177.83    46.10   177.62     0.01     0.00    -0.00   0.021  163
   177.83    46.10   176.60     0.01     0.00    -0.00   0.020  164
   176.85    45.12   176.60     0.01     0.00    -0.00   0.021  165
   176.85    44.14   176.60     0.01     0.00    -0.00   0.020  166
   176.85    45.12   176.60     0.01     0.00    -0.01   0.021  167
   177.83    46.10   177.62     0.01     0.00    -0.00   0.020  168
   176.85    46.10   176.60     0.01     0.00    -0.00   0.021  169
   177.83    46.10   177.62     0.01     0.00    -0.00   0.020  170
   175.88    44.14   176.60     0.01     0.00    -0.00   0.021  171
   175.88    44.14   176.60     0.01     0.01    -0.00   0.020  172
   177.83    46.10   176.60     0.01     0.00    -0.00   0.021  173
   176.85    45.12   175.59     0.01     0.00    -0.00   0.020  174
   176.85    45.12   176.60     0.01     0.00    -0.00   0.021  175
   176.85    45.12   176.60     0.01     0.00    -0.00   0.020  176
   176.85    45.12   177.62     0.01     0.00    -0.00   0.021  177
   178.81    44.14   176.60     0.01     0.00    -0.01   0.020  178
   176.85    46.10   175.59     0.01     0.00    -0.00   0.021  179
   178.81    46.10   176.60     0.01     0.00    -0.01   0.020  180
   176.85    46.10   176.60     0.01     0.00    -0.01   0.021  181
   176.85    46.10   175.59     0.01     0.00    -0.01   0.020  182
   175.88    45.12   175.59     0.01     0.00    -0.01   0.021  183
   177.83    46.10   176.60     0.01     0.00    -0.01   0.020  184
   177.83    46.10   176.60     0.01     0.00    -0.01   0.020  185
   177.83    46.10   176.60     0.01     0.00    -0.01   0.021  186
   176.85    46.10   176.60     0.01     0.00    -0.00   0.020  187
   176.85    46.10   176.60     0.01     0.00    -0.01   0.021  188
   176.85    45.12   175.59     0.01     0.00    -0.01   0.020  189
   177.83    46.10   178.64     0.01     0.00    -0.00   0.021  190
   176.85    47.08   176.60     0.01     0.00    -0.00   0.020  191
   175.88    46.10   176.60     0.01     0.00    -0.01   0.021  192
   176.85    46.10   174.57     0.01     0.00    -0.00   0.020  193
   176.85    45.12   176.60     0.01     0.00    -0.00   0.021  194
   176.85    47.08   177.62     0.01     0.00    -0.00   0.020  195
   175.88    47.08   175.59     0.01     0.00    -0.00   0.021  196
   176.85    45.12   176.60     0.01     0.00    -0.00   0.020  197
   176.85    46.10   174.57     0.01     0.00    -0.00   0.021  198
   176.85    46.10   175.59     0.01     0.00    -0.01   0.020  199
   177.83    45.12   175.59     0.01     0.00    -0.00   0.021  200
   176.85    45.12   176.60     0.01     0.00    -0.00   0.020  201
   176.85    46.10   175.59     0.01     0.00    -0.00   0.021  202
   176.85    45.12   175.59     0.01     0.00    -0.00   0.020  203
   177.83    45.12   176.60     0.01     0.00    -0.00   0.021  204
   175.88    46.10   177.62     0.01     0.00    -0.00   0.020  205
   178.81    47.08   176.60     0.01     0.00    -0.00   0.021  206
   177.83    45.12   175.59     0.01     0.00    -0.01   0.020  207
   177.83    44.14   176.60     0.01     0.00    -0.00   0.021  208
   176.85    46.10   176.60     0.01     0.00    -0.00   0.020  209
   176.85    45.12   176.60     0.01     0.00    -0.00   0.020  210
   178.81    46.10   175.59     0.01     0.00    -0.00   0.021  211
   177.83    46.10   177.62     0.01     0.00    -0.00   0.020  212
   177.83    46.10   176.60     0.01     0.01    -0.01   0.021  213
   177.83    45.12   177.62     0.01     0.00    -0.01   0.020  214
   176.85    46.10   175.59     0.01     0.00    -0.00   0.021  215
   176.85    45.12   177.62     0.01     0.00    -0.00   0.020  216
   177.83    46.10   175.59     0.01     0.00    -0.00   0.021  217
   176.85    44.14   176.60     0.01     0.00    -0.00   0.020  218
   177.83    46.10   176.60     0.01     0.00    -0.00   0.021  219
   176.85    45.12   176.60     0.01     0.00    -0.00   0.020  220
   175.88    46.10   176.60     0.01     0.00    -0.00   0.021  221
   176.85    46.10   176.60     0.01     0.00    -0.00   0.020  222
   176.85    44.14   175.59     0.01     0.00    -0.00   0.021  223
   176.85    47.08   177.62     0.01     0.00    -0.01   0.020  224
   176.85    45.12   175.59     0.01     0.00    -0.01   0.021  225
   175.88    46.10   176.60     0.01     0.00    -0.00   0.020  226
   177.83    46.10   175.59     0.01     0.00    -0.00   0.021  227
   176.85    45.12   175.59     0.01     0.00    -0.00   0.020  228
   177.83    45.12   176.60     0.01     0.00    -0.00   0.021  229
   177.83    46.10   175.59     0.01     0.00    -0.00   0.020  230
   176.85    45.12   176.60     0.01     0.00    -0.00   0.021  231
   177.83    45.12   175.59     0.01     0.00    -0.01   0.020  232
   177.83    45.12   176.60     0.01     0.00    -0.00   0.021  233
   176.85    45.12   177.62     0.01     0.00    -0.01   0.020  234
   176.85    45.12   177.62     0.01     0.00    -0.00   0.020  235
   176.85    45.12   175.59     0.01     0.00    -0.01   0.021  236
   175.88    47.08   176.60     0.01     0.00    -0.00   0.020  237
   177.83    46.10   175.59     0.01     0.00    -0.00   0.021  238
   176.85    45.12   177.62     0.01     0.00    -0.00   0.020  239
   176.85    46.10   175.59     0.01     0.00    -0.00   0.021  240
   176.85    45.12   176.60     0.01     0.00    -0.00   0.020  241
   176.85    47.08   177.62     0.01     0.00    -0.00   0.021  242
   177.83    47.08   175.59     0.01     0.00    -0.01   0.020  243
   176.85    45.12   176.60     0.01     0.00    -0.00   0.021  244
   176.85    46.10   176.60     0.01     0.00    -0.00   0.020  245
   177.83    47.08   175.59     0.01     0.00    -0.00   0.021  246
   176.85    46.10   175.59     0.01     0.00    -0.00   0.020  247
   178.81    45.12   176.60     0.01     0.00    -0.00   0.021  248
   177.83    46.10   175.59     0.01     0.00    -0.00   0.020  249
   177.83    45.12   176.60     0.01     0.00    -0.01   0.021  250
   176.85    46.10   176.60     0.01     0.00    -0.01   0.020  251
   176.85    46.10   176.60     0.01     0.00    -0.00   0.021  252
   176.85    46.10   176.60     0.01     0.00    -0.00   0.020  253
   176.85    45.12   176.60     0.01     0.00    -0.00   0.021  254
   177.83    45.12   177.62     0.01     0.00    -0.01   0.020  255
   176.85    46.10   176.60     0.01     0.00    -0.00   0.021    0
   176.85    45.12   175.59     0.01     0.00    -0.00   0.020    1
   177.83    45.12   177.62     0.01     0.00    -0.00   0.021    2
   177.83    45.12   175.59     0.01     0.00    -0.00   0.020    3
   176.85    46.10   176.60     0.01     0.00    -0.00   0.020    4
   176.85    45.12   175.59     0.01     0.00    -0.01   0.021    5
   177.83    46.10   176.60     0.01     0.00    -0.00   0.020    6
   175.88    46.10   176.60     0.01     0.00    -0.00   0.021    7
   178.81    45.12   177.62     0.01     0.00    -0.00   0.020    8
   175.88    46.10   176.60     0.01     0.00    -0.00   0.021    9
   176.85    46.10   175.59     0.01     0.00    -0.00   0.020   10
   176.85    45.12   176.60     0.01     0.01    -0.00   0.021   11
   176.85    46.10   176.60     0.01     0.00    -0.00   0.020   12
   175.88    46.10   176.60     0.01     0.00    -0.00   0.021   13
   175.88    47.08   177.62     0.01     0.00    -0.00   0.020   14
   175.88    45.12   177.62     0.01     0.00    -0.00   0.021   15
   176.85    46.10   175.59     0.01     0.00    -0.00   0.020   16
   176.85    45.12   176.60     0.01     0.00    -0.00   0.021   17
   176.85    46.10   176.60     0.01     0.00    -0.00   0.020   18
   175.88    45.12   177.62     0.01     0.00    -0.00   0.021   19
   177.83    44.14   176.60     0.01     0.00    -0.00   0.020   20
   176.85    46.10   177.62     0.01     0.00    -0.00   0.021   21
   175.88    46.10   175.59     0.01     0.00    -0.00   0.020   22
   177.83    46.10   177.62     0.01     0.00    -0.00   0.021   23
   176.85    46.10   175.59     0.01     0.00    -0.00   0.020   24
   177.83    45.12   176.60     0.01     0.00    -0.00   0.021   25
   177.83    45.12   176.60     0.01     0.00    -0.00   0.020   26
   177.83    46.10   176.60     0.01     0.00    -0.00   0.021   27
   177.83    47.08   177.62     0.01     0.00    -0.00   0.020   28
   176.85    45.12   177.62     0.01     0.00    -0.00   0.020   29
   176.85    47.08   177.62     0.01     0.00    -0.00   0.021   30
   176.85    45.12   176.60     0.01     0.00    -0.00   0.020   31
   176.85    47.08   176.60     0.01     0.00    -0.01   0.021   32
   176.85    46.10   177.62     0.01     0.00    -0.00   0.020   33
   177.83    46.10   175.59     0.01     0.00    -0.00   0.021   34
   176.85    46.10   178.64     0.01     0.00    -0.00   0.020   35
   176.85    45.12   175.59     0.01     0.00    -0.00   0.021   36
   176.85    47.08   178.64     0.01     0.00    -0.00   0.020   37
   175.88    46.10   175.59     0.01     0.00    -0.00   0.021   38
   176.85    46.10   177.62     0.01     0.00    -0.00   0.020   39
   176.85    45.12   177.62     0.01     0.00    -0.00   0.021   40
   177.83    44.14   176.60     0.01     0.00    -0.00   0.020   41
   175.88    46.10   176.60     0.01     0.00    -0.00   0.021   42
   176.85    47.08   176.60     0.01     0.00    -0.00   0.020   43
   176.85    46.10   177.62     0.01     0.00    -0.00   0.021   44
   176.85    45.12   177.62     0.01     0.00    -0.00   0.020   45
   176.85    46.10   176.60     0.01     0.00    -0.00   0.021   46
   176.85    45.12   175.59     0.01     0.00    -0.00   0.020   47
   176.85    46.10   177.62     0.01     0.00    -0.01   0.021   48
   176.85    45.12   177.62     0.01     0.00    -0.00   0.020   49
   176.85    45.12   175.59     0.01     0.00    -0.00   0.021   50
   176.85    46.10   176.60     0.01     0.00    -0.00   0.020   51
   176.85    46.10   178.64     0.01     0.00    -0.00   0.021   52
   176.85    45.12   176.60     0.01     0.00    -0.00   0.020   53
   176.85    45.12   177.62     0.01     0.00    -0.01   0.020   54
   176.85    44.14   175.59     0.01     0.00    -0.00   0.021   55
   176.85    46.10   175.59     0.01     0.00    -0.00   0.020   56
   176.85    45.12   177.62     0.01     0.00    -0.00   0.021   57
   175.88    46.10   176.60     0.01     0.00    -0.00   0.020   58
   176.85    45.12   176.60     0.01     0.00    -0.00   0.021   59
   177.83    46.10   175.59     0.01     0.00    -0.00   0.020   60
   177.83    45.12   176.60     0.01     0.00    -0.00   0.021   61
   175.88    46.10   177.62     0.01     0.00    -0.00   0.020   62
   176.85    46.10   176.60     0.01     0.00    -0.00   0.021   63
   177.83    47.08   176.60     0.01     0.00    -0.00   0.020   64
   176.85    45.12   177.62     0.01     0.00    -0.00   0.021   65
   177.83    46.10   176.60     0.01     0.00    -0.00   0.020   66
   176.85    47.08   175.59     0.01     0.00    -0.00   0.021   67
   176.85    44.14   176.60     0.01     0.00    -0.00   0.020   68
   177.83    47.08   176.60     0.01     0.00    -0.00   0.021   69
   176.85    45.12   177.62     0.01     0.00    -0.01   0.020   70
   176.85    45.12   175.59     0.01     0.00    -0.00   0.021   71
   176.85    46.10   176.60     0.01     0.00    -0.00   0.020   72
   176.85    45.12   176.60     0.01     0.00    -0.00   0.021   73
   175.88    46.10   176.60     0.01     0.00    -0.00   0.020   74
   176.85    45.12   176.60     0.01     0.00    -0.00   0.021   75
   176.85    45.12   177.62     0.01     0.00    -0.00   0.020   76
   176.85    46.10   175.59     0.01     0.00    -0.00   0.021   77
   175.88    46.10   175.59     0.01     0.00    -0.00   0.020   78
   177.83    45.12   176.60     0.01     0.00    -0.00   0.020   79
   176.85    47.08   176.60     0.01     0.00    -0.00   0.021   80
   176.85    46.10   175.59     0.01     0.00    -0.00   0.020   81
   177.83    45.12   175.59     0.01     0.00    -0.01   0.021   82
   176.85    45.12   176.60     0.01     0.00    -0.00   0.020   83
   177.83    45.12   176.60     0.01     0.00    -0.00   0.021   84
   177.83    47.08   177.62     0.01     0.00    -0.00   0.020   85
   176.85    47.08   177.62     0.01     0.00    -0.00   0.021   86
   176.85    45.12   177.62     0.01     0.00    -0.00   0.020   87
   176.85    46.10   175.59     0.01     0.00    -0.00   0.021   88
   176.85    46.10   176.60     0.01     0.00    -0.00   0.020   89
   177.83    45.12   176.60     0.01     0.00    -0.01   0.021   90
   176.85    46.10   176.60     0.01     0.00    -0.00   0.020   91
   176.85    46.10   175.59     0.01     0.00    -0.00   0.021   92
   176.85    45.12   176.60     0.01     0.00    -0.00   0.020   93
   177.83    45.12   176.60     0.01     0.00    -0.00   0.021   94
   176.85    45.12   176.60     0.01     0.00    -0.00   0.020   95
   177.83    46.10   176.60     0.01     0.00    -0.01   0.021   96
   177.83    46.10   176.60     0.01     0.00    -0.00   0.020   97
   176.85    47.08   177.62     0.01     0.00    -0.00   0.021   98
   176.85    45.12   177.62     0.01     0.00    -0.00   0.020   99
   177.83    46.10   176.60     0.01     0.00    -0.00   0.021  100
   176.85    47.08   176.60     0.01     0.00    -0.00   0.020  101
   176.85    45.12   177.62     0.01     0.00    -0.00   0.021  102
   176.85    46.10   175.59     0.01     0.00    -0.00   0.020  103
   175.88    46.10   176.60     0.01     0.00    -0.00   0.020  104
   175.88    45.12   175.59     0.01     0.00    -0.00   0.021  105
   176.85    45.12   177.62     0.01     0.00    -0.00   0.020  106
   176.85    45.12   175.59     0.01     0.00    -0.00   0.021  107
   177.83    46.10   177.62     0.01     0.00    -0.00   0.020  108
   175.88    46.10   177.62     0.01     0.00    -0.00   0.021  109
   176.85    45.12   177.62     0.01     0.00    -0.00   0.020  110
   176.85    45.12   177.62     0.01     0.00    -0.01   0.021  111
   175.88    46.10   175.59     0.01     0.00    -0.00   0.020  112
   176.85    45.12   175.59     0.01     0.00    -0.00   0.021  113
   176.85    45.12   176.60     0.01     0.00    -0.01   0.020  114
   176.85    46.10   175.59     0.01     0.00    -0.00   0.021  115
   176.85    45.12   175.59     0.01     0.00    -0.00   0.020  116
   176.85    46.10   175.59     0.01     0.00    -0.00   0.021  117
   176.85    46.10   176.60     0.01     0.00    -0.00   0.020  118
   177.83    44.14   176.60     0.01     0.00    -0.00   0.021  119
   176.85    45.12   175.59     0.01     0.00    -0.00   0.020  120
   176.85    45.12   175.59     0.01     0.00    -0.01   0.021  121
   176.85    46.10   175.59     0.01     0.00    -0.01   0.020  122
   175.88    45.12   176.60     0.01     0.00    -0.01   0.021  123
   176.85    46.10   176.60     0.01     0.00    -0.00   0.020  124
   177.83    45.12   176.60     0.01     0.00    -0.00   0.021  125
   175.88    45.12   175.59     0.01     0.00    -0.00   0.020  126
   176.85    45.12   176.60     0.01     0.00    -0.00   0.021  127
   175.88    45.12   175.59     0.01     0.00    -0.00   0.020  128
   176.85    45.12   176.60     0.01     0.00    -0.00   0.020  129
   176.85    46.10   176.60     0.01     0.00    -0.01   0.021  130
   176.85    46.10   177.62     0.01     0.00    -0.00   0.020  131
   177.83    46.10   176.60     0.01     0.00    -0.00   0.021  132
   177.83    46.10   175.59     0.01     0.00    -0.00   0.020  133
   175.88    46.10   176.60     0.01     0.00    -0.00   0.021  134
   176.85    46.10   176.60     0.01     0.00    -0.00   0.020  135
   176.85    45.12   176.60     0.01     0.00    -0.00   0.021  136
   176.85    46.10   175.59     0.01     0.00    -0.00   0.020  137
   177.83    46.10   177.62     0.01     0.00    -0.00   0.021  138
   175.88    46.10   177.62     0.01     0.00    -0.00   0.020  139
   177.83    46.10   176.60     0.01     0.00    -0.00   0.021  140
   176.85    45.12   175.59     0.01     0.00    -0.00   0.020  141
   177.83    46.10   176.60     0.01     0.00    -0.00   0.021  142
   175.88    46.10   178.64     0.01     0.00    -0.00   0.020  143
   176.85    46.10   176.60     0.01     0.00    -0.00   0.021  144
   176.85    45.12   176.60     0.01     0.00    -0.00   0.020  145
   176.85    45.12   175.59     0.01     0.00    -0.00   0.021  146
   175.88    45.12   177.62     0.01     0.00    -0.00   0.020  147
   176.85    45.12   177.62     0.01     0.00    -0.01   0.021  148
   176.85    46.10   176.60     0.01     0.00    -0.00   0.020  149
   176.85    47.08   178.64     0.01     0.00    -0.00   0.021  150
   176.85    46.10   175.59     0.01     0.00    -0.00   0.020  151
   176.85    46.10   175.59     0.01     0.00    -0.00   0.021  152
   176.85    47.08   176.60     0.01     0.00    -0.00   0.020  153
   176.85    46.10   176.60     0.01     0.00    -0.00   0.020  154
   175.88    46.10   176.60     0.01     0.00    -0.00   0.021  155
   176.85    46.10   176.60     0.01     0.00    -0.00   0.020  156
   175.88    45.12   175.59     0.01     0.00    -0.00   0.021  157
   175.88    45.12   177.62     0.01     0.00    -0.00   0.020  158
   175.88    45.12   175.59     0.01     0.00    -0.01   0.021  159
   176.85    45.12   176.60     0.01     0.00    -0.00   0.020  160
   176.85    46.10   176.60     0.01     0.00    -0.00   0.021  161
   175.88    46.10   175.59     0.01     0.00    -0.00   0.020  162
   177.83    46.10   174.57     0.01     0.00    -0.00   0.021  163
   176.85    46.10   176.60     0.01     0.00    -0.00   0.020  164
   177.83    46.10   177.62     0.01     0.00    -0.00   0.021  165
   177.83    45.12   175.59     0.01     0.00    -0.00   0.020  166
   176.85    45.12   177.62     0.01     0.00    -0.00   0.021  167
   177.83    45.12   177.62     0.01     0.00    -0.00   0.020  168
   176.85    46.10   174.57     0.01     0.00    -0.00   0.021  169
   176.85    46.10   176.60     0.01     0.00    -0.00   0.020  170
   176.85    47.08   176.60     0.01     0.00    -0.00   0.021  171
   175.88    46.10   175.59     0.01     0.00    -0.00   0.020  172
   176.85    44.14   176.60     0.01     0.00    -0.00   0.021  173
   176.85    45.12   176.60     0.01     0.00    -0.00   0.020  174
   177.83    47.08   176.60     0.01     0.00    -0.00   0.021  175
   177.83    46.10   176.60     0.01     0.00    -0.00   0.020  176
   177.83    45.12   177.62     0.01     0.00    -0.00   0.021  177
   175.88    47.08   176.60     0.01     0.00    -0.00   0.020  178
   176.85    46.10   177.62     0.01     0.00    -0.00   0.020  179
   176.85    45.12   176.60     0.01     0.00    -0.00   0.021  180
   176.85    46.10   176.60     0.01     0.00    -0.00   0.020  181
   176.85    46.10   176.60     0.01     0.00    -0.00   0.021  182
   176.85    45.12   176.60     0.01     0.00    -0.00   0.020  183
   176.85    46.10   176.60     0.01     0.00    -0.00   0.021  184
   175.88    45.12   176.60     0.01     0.00    -0.00   0.020  185
   177.83    46.10   175.59     0.01     0.00    -0.00   0.021  186
   175.88    47.08   176.60     0.01     0.00    -0.00   0.020  187
   177.83    44.14   175.59     0.01     0.00    -0.00   0.021  188
   176.85    46.10   177.62     0.01     0.00    -0.00   0.020  189
   176.85    45.12   175.59     0.01     0.00    -0.00   0.021  190
   176.85    45.12   176.60     0.01     0.00    -0.00   0.020  191
   176.85    46.10   176.60     0.01     0.00    -0.00   0.021  192
   176.85    45.12   175.59     0.01     0.00    -0.00   0.020  193
   176.85    46.10   175.59     0.01     0.00    -0.00   0.021  194
   177.83    46.10   177.62     0.01     0.00    -0.00   0.020  195
   176.85    45.12   177.62     0.01     0.00    -0.00   0.021  196
   176.85    47.08   176.60     0.01     0.00    -0.00   0.020  197
   176.85    45.12   176.60     0.01     0.00    -0.00   0.021  198
   177.83    46.10   176.60     0.01     0.00    -0.00   0.020  199
   175.88    45.12   175.59     0.01     0.00    -0.00   0.021  200
   176.85    44.14   175.59     0.01     0.00    -0.00   0.020  201
   176.85    45.12   176.60     0.01     0.00    -0.00   0.021  202
   176.85    46.10   175.59     0.01     0.00    -0.00   0.020  203
   175.88    45.12   175.59     0.01     0.00    -0.00   0.020  204
   176.85    45.12   177.62     0.01     0.00    -0.00   0.021  205
   176.85    45.12   175.59     0.01     0.00    -0.00   0.020  206
   175.88    46.10   177.62     0.01     0.00    -0.00   0.021  207
   176.85    45.12   176.60     0.01     0.00    -0.00   0.020  208
   177.83    45.12   176.60     0.01     0.00    -0.00   0.021  209
   176.85    45.12   176.60     0.01     0.00    -0.00   0.020  210
   175.88    45.12   176.60     0.01     0.00    -0.00   0.021  211
   176.85    44.14   177.62     0.01     0.00    -0.00   0.020  212
   176.85    46.10   177.62     0.01     0.00    -0.00   0.021  213
   176.85    46.10   177.62     0.01     0.00    -0.00   0.020  214
   176.85    45.12   176.60     0.01     0.00    -0.00   0.021  215
   176.85    45.12   175.59     0.01     0.00    -0.01   0.020  216
   176.85    46.10   177.62     0.01     0.00    -0.00   0.021  217
   177.83    45.12   176.60     0.01     0.00    -0.00   0.020  218
   176.85    44.14   177.62     0.01     0.00    -0.00   0.021  219
   176.85    45.12   176.60     0.01     0.00    -0.01   0.020  220
   176.85    46.10   175.59     0.01     0.00    -0.00   0.021  221
   176.85    45.12   176.60     0.01     0.00    -0.00   0.020  222
   176.85    45.12   175.59     0.01     0.00    -0.01   0.021  223
   177.83    44.14   176.60     0.01     0.00    -0.00   0.020  224
   176.85    45.12   176.60     0.01     0.00    -0.00   0.021  225
   177.83    46.10   176.60     0.01     0.00    -0.01   0.020  226
   176.85    45.12   176.60     0.01     0.00    -0.00   0.021  227
   176.85    46.10   176.60     0.01     0.00    -0.00   0.020  228
   175.88    45.12   177.62     0.01     0.00    -0.00   0.020  229
   177.83    46.10   177.62     0.01     0.00    -0.01   0.021  230
   175.88    44.14   177.62     0.01     0.00    -0.00   0.020  231
   175.88    45.12   175.59     0.01     0.00    -0.00   0.021  232
   175.88    46.10   176.60     0.01     0.00    -0.00   0.020  233
   177.83    46.10   177.62     0.01     0.00    -0.00   0.021  234
   176.85    44.14   176.60     0.01     0.00    -0.01   0.020  235
   176.85    45.12   176.60     0.01     0.00    -0.00   0.021  236
   175.88    45.12   177.62     0.01     0.00    -0.00   0.020  237
   177.83    45.12   176.60     0.01     0.00    -0.00   0.021  238
   177.83    45.12   176.60     0.01     0.00    -0.00   0.020  239
   177.83    45.12   176.60     0.01     0.00    -0.00   0.021  240
   177.83    46.10   177.62     0.01     0.00    -0.00   0.020  241
   176.85    46.10   176.60     0.01     0.00    -0.00   0.021  242
   178.81    44.14   175.59     0.01     0.00    -0.00   0.020  243
   176.85    46.10   175.59     0.01     0.00    -0.00   0.021  244
   176.85    46.10   176.60     0.01     0.00    -0.00   0.020  245
   176.85    45.12   177.62     0.01     0.00    -0.00   0.021  246
   176.85    47.08   176.60     0.01     0.00    -0.00   0.020  247
   176.85    45.12   176.60     0.01     0.00    -0.00   0.021  248
   176.85    46.10   177.62     0.01     0.00    -0.00   0.020  249
   175.88    46.10   177.62     0.01     0.00    -0.00   0.021  250
   175.88    46.10   175.59     0.01     0.00    -0.00   0.020  251
   177.83    46.10   177.62     0.01     0.00    -0.00   0.021  252
   175.88    46.10   176.60     0.01     0.00    -0.00   0.020  253
   176.85    45.12   176.60     0.01     0.00    -0.00   0.020  254
   175.88    45.12   176.60     0.01     0.00    -0.00   0.021  255
   176.85    44.14   176.60     0.01     0.00    -0.00   0.020    0
   176.85    45.12   177.62     0.01     0.00    -0.00   0.021    1
   176.85    46.10   176.60     0.01     0.00    -0.01   0.020    2
   176.85    45.12   176.60     0.01     0.00    -0.00   0.021    3
   175.88    46.10   176.60     0.01     0.00    -0.00   0.020    4
   176.85    45.12   176.60     0.01     0.00    -0.00   0.021    5
   176.85    47.08   176.60     0.01     0.00    -0.00   0.020    6
   176.85    45.12   176.60     0.01     0.00    -0.00   0.021    7
   176.85    45.12   177.62     0.01     0.00    -0.00   0.020    8
   176.85    44.14   175.59     0.01     0.00    -0.00   0.021    9
   175.88    46.10   176.60     0.01     0.00    -0.01   0.020   10
   177.83    46.10   176.60     0.01     0.00    -0.01   0.021   11
   175.88    45.12   176.60     0.01     0.00    -0.00   0.020   12
   176.85    46.10   176.60     0.01     0.00    -0.00   0.021   13
   177.83    46.10   177.62     0.01     0.00    -0.00   0.020   14
   177.83    44.14   176.60     0.01     0.00    -0.00   0.021   15
   176.85    47.08   177.62     0.01     0.00    -0.00   0.020   16
   176.85    45.12   176.60     0.01     0.00    -0.00   0.021   17
   175.88    47.08   177.62     0.01     0.00    -0.00   0.020   18
   176.85    46.10   177.62     0.01     0.00    -0.00   0.021   19
   176.85    46.10   176.60     0.01     0.00    -0.00   0.020   20
   175.88    46.10   175.59     0.01     0.00    -0.00   0.021   21
   175.88    46.10   175.59     0.01     0.00    -0.00   0.020   22
   175.88    46.10   176.60     0.01     0.00    -0.00   0.020   23
   176.85    45.12   177.62     0.01     0.00    -0.00   0.021   24
   176.85    46.10   176.60     0.01     0.00    -0.00   0.020   25
   176.85    46.10   176.60     0.01     0.00    -0.00   0.021   26
   176.85    45.12   177.62     0.01     0.00    -0.00   0.020   27
   175.88    45.12   177.62     0.01     0.00    -0.01   0.021   28
   176.85    46.10   176.60     0.01     0.01    -0.00   0.020   29
   175.88    44.14   177.62     0.01     0.00    -0.01   0.021   30
   176.85    45.12   176.60     0.01     0.00    -0.00   0.020   31
   177.83    45.12   176.60     0.01     0.00    -0.00   0.021   32
   175.88    46.10   176.60     0.01     0.00    -0.00   0.020   33
   177.83    46.10   176.60     0.01     0.00    -0.00   0.021   34
   176.85    46.10   175.59     0.01     0.00    -0.00   0.020   35
   176.85    47.08   177.62     0.01     0.00    -0.00   0.021   36
   176.85    45.12   176.60     0.01     0.00    -0.00   0.020   37
   176.85    45.12   177.62     0.01     0.00    -0.00   0.021   38
   177.83    45.12   176.60     0.01     0.00    -0.00   0.020   39
   175.88    45.12   175.59     0.01     0.00    -0.00   0.021   40
   176.85    45.12   178.64     0.01     0.00    -0.00   0.020   41
   175.88    45.12   175.59     0.01     0.00    -0.00   0.021   42
   175.88    47.08   174.57     0.01     0.00    -0.00   0.020   43
   176.85    46.10   176.60     0.01     0.00    -0.00   0.021   44
   176.85    46.10   177.62     0.01     0.00    -0.00   0.020   45
   176.85    46.10   177.62     0.01     0.00    -0.00   0.021   46
   176.85    46.10   177.62     0.01     0.00    -0.00   0.020   47
   175.88    46.10   175.59     0.01     0.00    -0.00   0.020   48
   176.85    47.08   174.57     0.01     0.00    -0.00   0.021   49
   176.85    45.12   174.57     0.01     0.00    -0.00   0.020   50
   176.85    46.10   175.59     0.01     0.00    -0.01   0.021   51
   176.85    45.12   176.60     0.01     0.00    -0.00   0.020   52
   176.85    46.10   176.60     0.01     0.00    -0.00   0.021   53
   175.88    46.10   176.60     0.01     0.00    -0.00   0.020   54
   176.85    46.10   176.60     0.01     0.00    -0.00   0.021   55
   175.88    46.10   178.64     0.01     0.00    -0.00   0.020   56
   175.88    45.12   176.60     0.01     0.00    -0.00   0.021   57
   176.85    45.12   177.62     0.01     0.00    -0.00   0.020   58
   176.85    45.12   176.60     0.01     0.00    -0.00   0.021   59
   177.83    46.10   176.60     0.01     0.00    -0.00   0.020   60
