   158.29    39.23   201.03    -0.00     0.00    -0.00   0.021    0
   157.31    40.21   201.03    -0.00     0.00    -0.00   0.020    1
   158.29    39.23   199.00    -0.00     0.00    -0.00   0.021    2
   160.24    41.20   202.05    -0.00     0.00     0.00   0.020    3
   158.29    40.21   201.03    -0.00     0.00     0.00   0.021    4
   158.29    38.25   200.02    -0.00     0.00     0.00   0.020    5
   158.29    40.21   200.02    -0.00     0.00     0.00   0.021    6
   157.31    38.25   199.00    -0.00     0.00    -0.00   0.020    7
   159.27    40.21   200.02    -0.00     0.00    -0.00   0.021    8
   158.29    40.21   200.02    -0.00     0.00    -0.00   0.020    9
   157.31    39.23   200.02    -0.00     0.00    -0.00   0.021   10
   159.27    41.20   200.02    -0.00     0.00     0.00   0.020   11
   157.31    40.21   199.00    -0.00     0.00     0.00   0.021   12
   158.29    41.20   200.02    -0.00     0.00     0.00   0.020   13
   158.29    40.21   200.02    -0.00     0.00     0.00   0.021   14
   157.31    40.21   197.98    -0.00     0.00    -0.00   0.020   15
   159.27    39.23   201.03    -0.00     0.00     0.00   0.020   16
   157.31    40.21   197.98    -0.00     0.00    -0.00   0.021   17
   157.31    39.23   199.00    -0.00     0.00    -0.00   0.020   18
   159.27    40.21   199.00    -0.00     0.00    -0.00   0.021   19
   158.29    39.23   201.03    -0.00     0.00    -0.00   0.020   20
   158.29    40.21   200.02    -0.00     0.00    -0.00   0.021   21
   158.29    39.23   200.02    -0.00     0.00    -0.00   0.020   22
   157.31    40.21   200.02    -0.00     0.00    -0.00   0.021   23
   158.29    41.20   201.03    -0.00     0.00    -0.00   0.020   24
   158.29    40.21   200.02    -0.00     0.00    -0.00   0.021   25
   157.31    40.21   199.00    -0.00     0.00     0.00   0.020   26
   158.29    40.21   202.05    -0.00     0.00     0.00   0.021   27
   157.31    38.25   200.02    -0.00     0.00     0.00   0.020   28
   157.31    40.21   201.03    -0.00     0.00     0.00   0.021   29
   159.27    40.21   200.02    -0.00     0.00     0.00   0.020   30
   158.29    39.23   200.02    -0.00     0.00     0.00   0.021   31
   157.31    40.21   199.00    -0.00     0.00    -0.00   0.020   32
   158.29    41.20   201.03    -0.00     0.00    -0.00   0.021   33
   157.31    39.23   200.02    -0.00     0.00     0.00   0.020   34
   157.31    40.21   200.02    -0.00     0.00    -0.00   0.021   35
   159.27    39.23   200.02    -0.00     0.00    -0.00   0.020   36
   157.31    40.21   200.02    -0.00     0.00    -0.00   0.021   37
   160.24    41.20   201.03    -0.00     0.00     0.00   0.020   38
   159.27    40.21   199.00    -0.00     0.00     0.00   0.021   39
   157.31    40.21   200.02    -0.00     0.00    -0.00   0.020   40
   158.29    40.21   200.02    -0.00     0.00    -0.00   0.020   41
   157.31    40.21   199.00    -0.00     0.00    -0.00   0.021   42
   158.29    40.21   200.02    -0.00     0.00    -0.00   0.020   43
   158.29    40.21   199.00    -0.00     0.00    -0.00   0.021   44
   157.31    41.20   200.02    -0.00     0.00    -0.00   0.020   45
   157.31    40.21   200.02    -0.00     0.00     0.00   0.021   46
   157.31    40.21   200.02    -0.00     0.00     0.00   0.020   47
   157.31    41.20   200.02    -0.00     0.00     0.00   0.021   48
   158.29    40.21   200.02    -0.00     0.00    -0.00   0.020   49
   159.27    40.21   201.03    -0.00     0.00     0.00   0.021   50
   157.31    39.23   201.03    -0.00     0.00    -0.00   0.020   51
   159.27    39.23   201.03    -0.00     0.00     0.00   0.021   52
   158.29    40.21   202.05    -0.00     0.00    -0.00   0.020   53
   159.27    39.23   200.02    -0.00     0.00    -0.00   0.021   54
   158.29    40.21   199.00    -0.00     0.00    -0.00   0.020   55
   159.27    39.23   199.00    -0.00    -0.00    -0.00   0.021   56
   157.31    40.21   200.02    -0.00    -0.00     0.00   0.020   57
   158.29    40.21   200.02    -0.00     0.00     0.00   0.021   58
   158.29    41.20   200.02    -0.01     0.00     0.00   0.020   59
   159.27    39.23   199.00    -0.01     0.00     0.00   0.021   60
   157.31    40.21   201.03    -0.01     0.00     0.00   0.020   61
   157.31    40.21   200.02    -0.00     0.00     0.00   0.021   62
   158.29    39.23   200.02    -0.00     0.00    -0.00   0.020   63
   158.29    41.20   202.05    -0.00     0.00    -0.00   0.021   64
   158.29    40.21   201.03    -0.00     0.00    -0.00   0.020   65
   158.29    40.21   200.02    -0.00     0.00    -0.00   0.020   66
   157.31    39.23   200.02    -0.00     0.00    -0.00   0.021   67
   158.29    40.21   200.02    -0.00     0.00    -0.00   0.020   68
   159.27    39.23   201.03    -0.00     0.00    -0.00   0.021   69
   157.31    40.21   200.02    -0.00     0.00    -0.00   0.020   70
   157.31    40.21   201.03    -0.00     0.00    -0.00   0.021   71
   158.29    39.23   201.03    -0.00     0.00     0.00   0.020   72
   159.27    38.25   199.00    -0.01     0.00     0.00   0.021   73
   160.24    40.21   202.05    -0.00     0.00     0.00   0.020   74
   159.27    40.21   201.03    -0.00     0.00     0.00   0.021   75
   157.31    38.25   200.02    -0.00     0.00    -0.00   0.020   76
   158.29    40.21   200.02    -0.00     0.00    -0.00   0.021   77
   159.27    40.21   200.02    -0.00     0.00    -0.00   0.020   78
   158.29    39.23   200.02    -0.00     0.00    -0.00   0.021   79
   158.29    40.21   199.00     0.00     0.00    -0.00   0.020   80
   158.29    41.20   200.02    -0.00     0.00    -0.00   0.021   81
   158.29    40.21   200.02    -0.00     0.00    -0.00   0.020   82
   159.27    40.21   202.05    -0.00     0.00    -0.00   0.021   83
   159.27    40.21   201.03    -0.00     0.00     0.00   0.020   84
   157.31    40.21   200.02    -0.00     0.00     0.00   0.021   85
   158.29    40.21   200.02    -0.00     0.00     0.00   0.020   86
   157.31    40.21   200.02    -0.00     0.00     0.00   0.021   87
   159.27    40.21   201.03    -0.00     0.00     0.00   0.020   88
   158.29    39.23   201.03    -0.00     0.00    -0.00   0.021   89
   158.29    39.23   200.02    -0.00     0.00    -0.00   0.020   90
   158.29    41.20   200.02    -0.00     0.00     0.00   0.020   91
   157.31    40.21   200.02    -0.00     0.00     0.00   0.021   92
   158.29    39.23   200.02    -0.01     0.00     0.00   0.020   93
   157.31    41.20   202.05    -0.01     0.00     0.00   0.021   94
   159.27    39.23   201.03    -0.00     0.00     0.00   0.020   95
   158.29    40.21   201.03    -0.00     0.00     0.00   0.021   96
   157.31    38.25   199.00    -0.01     0.00     0.00   0.020   97
   157.31    40.21   200.02    -0.00     0.00     0.00   0.021   98
   159.27    41.20   201.03    -0.00     0.00     0.00   0.020   99
   158.29    39.23   200.02    -0.00     0.00     0.00   0.021  100
   156.34    40.21   199.00    -0.00     0.00    -0.00   0.020  101
   159.27    39.23   200.02    -0.00     0.00    -0.00   0.021  102
   158.29    39.23   201.03    -0.00     0.00     0.00   0.020  103
   158.29    39.23   202.05    -0.00    -0.00    -0.00   0.021  104
   159.27    40.21   200.02    -0.00     0.00    -0.00   0.020  105
   159.27    39.23   201.03    -0.00     0.00    -0.00   0.021  106
   157.31    40.21   200.02    -0.00     0.00    -0.00   0.020  107
   159.27    40.21   201.03    -0.00     0.00    -0.00   0.021  108
   158.29    40.21   200.02    -0.00     0.00    -0.00   0.020  109
   158.29    41.20   200.02    -0.00     0.00    -0.00   0.021  110
   157.31    39.23   199.00    -0.00     0.00     0.00   0.020  111
   158.29    39.23   201.03    -0.00     0.00     0.00   0.021  112
   158.29    41.20   200.02    -0.00     0.00     0.00   0.020  113
   158.29    40.21   200.02    -0.00     0.00     0.00   0.021  114
   157.31    39.23   201.03    -0.00     0.00    -0.00   0.020  115
   159.27    39.23   201.03    -0.00     0.00    -0.00   0.020  116
   158.29    39.23   199.00    -0.00     0.00     0.00   0.021  117
   159.27    40.21   200.02    -0.00     0.00    -0.00   0.020  118
   159.27    39.23   202.05    -0.00     0.00    -0.00   0.021  119
   156.34    40.21   200.02    -0.00     0.00    -0.00   0.020  120
   159.27    39.23   201.03    -0.00     0.00     0.00   0.021  121
   158.29    39.23   201.03    -0.00     0.00     0.00   0.020  122
   157.31    39.23   200.02    -0.00     0.00    -0.00   0.021  123
   158.29    39.23   200.02    -0.00     0.00    -0.00   0.020  124
   157.31    39.23   197.98    -0.00     0.00    -0.00   0.021  125
   158.29    39.23   199.00    -0.00     0.00     0.00   0.020  126
   160.24    40.21   202.05    -0.00     0.00     0.00   0.021  127
   158.29    41.20   201.03    -0.00     0.00    -0.00   0.020  128
   158.29    41.20   200.02    -0.00     0.00    -0.00   0.021  129
   158.29    40.21   200.02    -0.00     0.00    -0.00   0.020  130
   158.29    40.21   200.02    -0.00     0.00    -0.00   0.021  131
   157.31    40.21   200.02    -0.00     0.00     0.00   0.020  132
   158.29    40.21   201.03    -0.00     0.00    -0.00   0.021  133
   157.31    38.25   200.02    -0.00     0.00     0.00   0.020  134
   158.29    40.21   200.02    -0.00     0.00     0.00   0.021  135
   158.29    40.21   200.02    -0.00     0.00     0.00   0.020  136
   158.29    40.21   200.02    -0.00     0.00     0.00   0.021  137
   158.29    39.23   201.03    -0.00     0.00    -0.00   0.020  138
   158.29    41.20   200.02    -0.00     0.00    -0.00   0.021  139
   157.31    40.21   201.03    -0.00     0.00     0.00   0.020  140
   159.27    39.23   200.02    -0.00     0.00    -0.00   0.020  141
   158.29    40.21   200.02    -0.00     0.00    -0.00   0.021  142
   158.29    39.23   199.00    -0.00     0.00     0.00   0.020  143
   158.29    39.23   201.03    -0.00     0.00     0.00   0.021  144
   158.29    40.21   202.05    -0.00     0.00    -0.00   0.020  145
   159.27    40.21   201.03    -0.00     0.00     0.00   0.021  146
   159.27    40.21   200.02    -0.00     0.00    -0.00   0.020  147
   159.27    40.21   201.03    -0.00     0.00    -0.00   0.021  148
   158.29    39.23   200.02    -0.00     0.00    -0.00   0.020  149
   157.31    39.23   200.02    -0.00     0.00    -0.00   0.021  150
   158.29    40.21   200.02    -0.00     0.00     0.00   0.020  151
   157.31    41.20   201.03    -0.00     0.00    -0.00   0.021  152
   158.29    40.21   199.00    -0.00     0.00    -0.00   0.020  153
   158.29    39.23   201.03    -0.00     0.00     0.00   0.021  154
   159.27    40.21   200.02    -0.00     0.00     0.00   0.020  155
   158.29    40.21   200.02    -0.00     0.00     0.00   0.021  156
   159.27    39.23   201.03    -0.00     0.00    -0.00   0.020  157
   158.29    41.20   199.00    -0.00     0.00    -0.00   0.021  158
   157.31    40.21   200.02    -0.00     0.00    -0.00   0.020  159
   159.27    41.20   201.03    -0.00     0.00    -0.00   0.021  160
   158.29    39.23   201.03    -0.00     0.00     0.00   0.020  161
   157.31    38.25   199.00    -0.00     0.00    -0.00   0.021  162
   158.29    41.20   200.02    -0.00     0.00    -0.00   0.020  163
   157.31    39.23   199.00    -0.00     0.00     0.00   0.021  164
   157.31    40.21   199.00    -0.00     0.00    -0.00   0.020  165
   159.27    39.23   200.02    -0.00     0.00    -0.00   0.020  166
   157.31    39.23   200.02    -0.00     0.00    -0.00   0.021  167
   158.29    40.21   201.03    -0.01     0.00     0.00   0.020  168
   159.27    39.23   201.03    -0.00     0.00     0.00   0.021  169
   158.29    41.20   201.03    -0.00     0.00     0.00   0.020  170
   158.29    39.23   201.03    -0.00     0.00     0.00   0.021  171
   157.31    40.21   200.02    -0.00     0.00    -0.00   0.020  172
   158.29    39.23   200.02    -0.00     0.00    -0.00   0.021  173
   159.27    40.21   201.03    -0.00     0.00     0.00   0.020  174
   158.29    39.23   200.02    -0.00     0.00    -0.00   0.021  175
   159.27    40.21   200.02    -0.00     0.00     0.00   0.020  176
   158.29    40.21   200.02    -0.00     0.00    -0.00   0.021  177
   157.31    39.23   200.02    -0.00     0.00    -0.00   0.020  178
   158.29    40.21   202.05    -0.00     0.00     0.00   0.021  179
   157.31    39.23   200.02    -0.00     0.00    -0.00   0.020  180
   157.31    40.21   201.03    -0.00     0.00    -0.00   0.021  181
   158.29    41.20   200.02    -0.00     0.00    -0.00   0.020  182
   157.31    40.21   200.02    -0.00     0.00     0.00   0.021  183
   158.29    39.23   200.02    -0.00     0.00     0.00   0.020  184
   159.27    39.23   199.00    -0.00     0.00    -0.00   0.021  185
   158.29    38.25   199.00    -0.00     0.00     0.00   0.020  186
   158.29    40.21   200.02    -0.00     0.00    -0.00   0.021  187
   159.27    40.21   200.02    -0.00     0.00    -0.00   0.020  188
   158.29    38.25   199.00    -0.00     0.00    -0.00   0.021  189
   159.27    41.20   202.05    -0.00     0.00     0.00   0.020  190
   159.27    40.21   200.02    -0.00     0.00    -0.00   0.020  191
   158.29    38.25   200.02    -0.00     0.00    -0.00   0.021  192
   158.29    40.21   197.98    -0.00     0.00    -0.00   0.020  193
   156.34    41.20   199.00    -0.00     0.00    -0.00   0.021  194
   159.27    41.20   202.05    -0.00     0.00     0.00   0.020  195
   158.29    40.21   201.03    -0.00     0.00     0.00   0.021  196
   157.31    39.23   200.02    -0.00     0.00     0.00   0.020  197
   157.31    40.21   203.07    -0.00     0.00    -0.00   0.021  198
   157.31    41.20   200.02    -0.00     0.00     0.00   0.020  199
   157.31    41.20   200.02    -0.00     0.00     0.00   0.021  200
   157.31    40.21   201.03    -0.00     0.00    -0.00   0.020  201
   157.31    39.23   201.03    -0.00     0.00    -0.00   0.021  202
   157.31    40.21   200.02    -0.00     0.00     0.00   0.020  203
   159.27    40.21   200.02    -0.00     0.00     0.00   0.021  204
   157.31    39.23   201.03    -0.00     0.00     0.00   0.020  205
   159.27    39.23   202.05    -0.00     0.00     0.00   0.021  206
   158.29    40.21   200.02    -0.00     0.00     0.00   0.020  207
   157.31    39.23   201.03    -0.00     0.00     0.00   0.021  208
   158.29    39.23   200.02    -0.00     0.00    -0.00   0.020  209
   157.31    40.21   199.00    -0.00     0.00    -0.00   0.021  210
   159.27    39.23   200.02    -0.00     0.00    -0.00   0.020  211
   157.31    41.20   201.03    -0.00     0.00     0.00   0.021  212
   157.31    39.23   200.02    -0.00     0.00     0.00   0.020  213
   159.27    39.23   202.05    -0.00     0.00     0.00   0.021  214
   158.29    40.21   200.02    -0.00     0.00     0.00   0.020  215
   158.29    40.21   199.00    -0.00     0.00     0.00   0.020  216
   159.27    39.23   200.02    -0.00     0.00    -0.00   0.021  217
   157.31    39.23   200.02    -0.00     0.00    -0.00   0.020  218
   157.31    40.21   200.02    -0.00     0.00    -0.00   0.021  219
   158.29    41.20   201.03    -0.00     0.00    -0.00   0.020  220
   158.29    40.21   201.03    -0.00     0.00    -0.00   0.021  221
   158.29    39.23   201.03    -0.00     0.00     0.00   0.020  222
   158.29    40.21   200.02    -0.00     0.00    -0.00   0.021  223
   156.34    40.21   197.98    -0.00     0.00     0.00   0.020  224
   159.27    39.23   202.05    -0.00     0.00    -0.00   0.021  225
   158.29    40.21   200.02    -0.00     0.00    -0.00   0.020  226
   157.31    39.23   197.98    -0.00     0.00    -0.00   0.021  227
   158.29    39.23   202.05    -0.00     0.00    -0.00   0.020  228
   157.31    40.21   199.00    -0.00     0.00    -0.00   0.021  229
   158.29    40.21   199.00    -0.00     0.00    -0.00   0.020  230
   158.29    41.20   201.03    -0.00     0.00     0.00   0.021  231
   158.29    40.21   200.02    -0.00     0.00     0.00   0.020  232
   158.29    38.25   200.02    -0.00     0.00    -0.00   0.021  233
   158.29    40.21   199.00    -0.00     0.00    -0.00   0.020  234
   158.29    39.23   202.05    -0.00     0.00     0.00   0.021  235
   158.29    41.20   201.03    -0.00     0.00    -0.00   0.020  236
   158.29    41.20   199.00    -0.00     0.00     0.00   0.021  237
   157.31    41.20   197.98    -0.00     0.00    -0.00   0.020  238
   158.29    40.21   200.02    -0.00     0.00     0.00   0.021  239
   159.27    40.21   199.00    -0.00     0.00    -0.00   0.020  240
   157.31    39.23   199.00    -0.00     0.00    -0.00   0.020  241
   159.27    39.23   200.02    -0.00     0.00    -0.00   0.021  242
   157.31    39.23   199.00    -0.00     0.00    -0.00   0.020  243
   157.31    39.23   200.02    -0.00     0.00    -0.00   0.021  244
   158.29    40.21   201.03    -0.00     0.00    -0.00   0.020  245
   158.29    39.23   199.00    -0.00     0.00     0.00   0.021  246
   159.27    39.23   200.02    -0.00     0.00    -0.00   0.020  247
   157.31    41.20   200.02    -0.00     0.00    -0.00   0.021  248
   158.29    41.20   200.02    -0.00     0.00    -0.00   0.020  249
   159.27    39.23   200.02    -0.00     0.00     0.00   0.021  250
   158.29    40.21   201.03    -0.00     0.00    -0.00   0.020  251
   157.31    39.23   200.02    -0.00     0.00    -0.00   0.021  252
   159.27    41.20   201.03    -0.00     0.00     0.00   0.020  253
   158.29    40.21   200.02    -0.00     0.00     0.00   0.021  254
   157.31    39.23   201.03    -0.00     0.00     0.00   0.020  255
   158.29    40.21   199.00    -0.00     0.00     0.00   0.021    0
   158.29    39.23   200.02    -0.00     0.00     0.00   0.020    1
   158.29    39.23   200.02    -0.00     0.00    -0.00   0.021    2
   159.27    39.23   201.03    -0.00     0.00    -0.00   0.020    3
   158.29    40.21   201.03    -0.00     0.00    -0.00   0.021    4
   158.29    40.21   200.02    -0.00     0.00     0.00   0.020    5
   157.31    40.21   200.02    -0.00     0.00     0.00   0.021    6
   157.31    39.23   201.03    -0.00     0.00     0.00   0.020    7
   158.29    41.20   201.03    -0.00     0.00    -0.00   0.021    8
   157.31    40.21   201.03    -0.00     0.00    -0.00   0.020    9
   157.31    38.25   201.03    -0.00     0.00    -0.00   0.020   10
   159.27    39.23   201.03    -0.00     0.00     0.00   0.021   11
   157.31    39.23   199.00    -0.00     0.00    -0.00   0.020   12
   158.29    40.21   202.05    -0.00     0.00    -0.00   0.021   13
   159.27    40.21   200.02    -0.00     0.00    -0.00   0.020   14
   156.34    39.23   199.00    -0.00     0.00     0.00   0.021   15
   159.27    38.25   200.02    -0.00     0.00     0.00   0.020   16
   158.29    38.25   200.02    -0.00     0.00    -0.00   0.021   17
   158.29    39.23   201.03    -0.00     0.00    -0.00   0.020   18
   158.29    39.23   202.05    -0.00     0.00     0.00   0.021   19
   158.29    39.23   199.00    -0.00     0.00    -0.00   0.020   20
   159.27    39.23   201.03    -0.00     0.00     0.00   0.021   21
   157.31    40.21   201.03    -0.00     0.00    -0.00   0.020   22
   158.29    39.23   200.02    -0.00     0.00    -0.00   0.021   23
   159.27    40.21   201.03    -0.00     0.00    -0.00   0.020   24
   158.29    40.21   200.02    -0.00     0.00    -0.00   0.021   25
   159.27    38.25   200.02    -0.00     0.00    -0.00   0.020   26
   157.31    41.20   200.02    -0.00     0.00     0.00   0.021   27
   157.31    39.23   199.00    -0.00     0.00    -0.00   0.020   28
   159.27    39.23   201.03    -0.00     0.00     0.00   0.021   29
   159.27    39.23   201.03    -0.00     0.00    -0.00   0.020   30
   157.31    40.21   199.00    -0.00     0.00    -0.00   0.021   31
   158.29    39.23   201.03    -0.00     0.00    -0.00   0.020   32
   158.29    40.21   199.00    -0.00     0.00    -0.00   0.021   33
   158.29    39.23   199.00    -0.00     0.00    -0.00   0.020   34
   158.29    40.21   200.02    -0.00     0.00    -0.00   0.020   35
   157.31    39.23   200.02    -0.00     0.00    -0.00   0.021   36
   157.31    40.21   199.00    -0.00     0.00    -0.00   0.020   37
   159.27    40.21   200.02    -0.00     0.00     0.00   0.021   38
   157.31    39.23   199.00    -0.00     0.00    -0.00   0.020   39
   158.29    39.23   200.02    -0.00     0.00     0.00   0.021   40
   158.29    40.21   200.02    -0.00     0.00     0.00   0.020   41
   159.27    39.23   200.02    -0.00     0.00     0.00   0.021   42
   158.29    40.21   200.02    -0.00     0.00     0.00   0.020   43
   158.29    39.23   199.00    -0.00     0.00    -0.00   0.021   44
   158.29    39.23   201.03    -0.00     0.00     0.00   0.020   45
   158.29    39.23   200.02    -0.00     0.00    -0.00   0.021   46
   158.29    39.23   200.02    -0.00     0.00    -0.00   0.020   47
   158.29    40.21   201.03    -0.00     0.00     0.00   0.021   48
   157.31    40.21   199.00    -0.00     0.00    -0.00   0.020   49
   157.31    39.23   200.02    -0.00     0.00    -0.00   0.021   50
   158.29    40.21   201.03    -0.00     0.00    -0.00   0.020   51
   156.34    39.23   201.03    -0.00     0.00    -0.00   0.021   52
   158.29    39.23   200.02    -0.00     0.00    -0.00   0.020   53
   158.29    40.21   200.02    -0.00     0.00    -0.00   0.021   54
   156.34    39.23   199.00    -0.00     0.00    -0.00   0.020   55
   158.29    40.21   200.02    -0.00     0.00    -0.00   0.021   56
   158.29    40.21   199.00    -0.00     0.00    -0.00   0.020   57
   157.31    39.23   199.00    -0.00     0.00    -0.00   0.021   58
   160.24    39.23   200.02     0.00     0.00    -0.00   0.020   59
   157.31    40.21   200.02    -0.00     0.00    -0.00   0.020   60
   157.31    40.21   201.03    -0.00     0.00     0.00   0.021   61
   157.31    39.23   200.02    -0.00     0.00     0.00   0.020   62
   157.31    38.25   201.03    -0.00     0.00     0.00   0.021   63
   159.27    40.21   201.03    -0.00     0.00     0.00   0.020   64
   159.27    39.23   201.03    -0.00     0.00     0.00   0.021   65
   158.29    40.21   202.05    -0.00     0.00     0.00   0.020   66
   157.31    40.21   200.02    -0.01     0.00     0.00   0.021   67
   156.34    41.20   200.02    -0.00     0.00     0.00   0.020   68
   160.24    40.21   202.05    -0.00     0.00    -0.00   0.021   69
   158.29    40.21   202.05    -0.00     0.00    -0.00   0.020   70
   157.31    39.23   199.00    -0.00     0.00    -0.00   0.021   71
   158.29    39.23   200.02    -0.00     0.00    -0.00   0.020   72
   157.31    39.23   200.02    -0.00     0.00    -0.00   0.021   73
   157.31    39.23   201.03    -0.00     0.00     0.00   0.020   74
   158.29    40.21   200.02    -0.00     0.00     0.00   0.021   75
   157.31    40.21   200.02    -0.00     0.00    -0.00   0.020   76
   159.27    39.23   200.02    -0.00     0.00     0.00   0.021   77
   159.27    41.20   201.03    -0.00     0.00    -0.00   0.020   78
   157.31    40.21   199.00    -0.00     0.00     0.00   0.021   79
   157.31    40.21   201.03    -0.00     0.00    -0.00   0.020   80
   157.31    39.23   202.05    -0.00     0.00     0.00   0.021   81
   157.31    38.25   199.00    -0.00     0.00     0.00   0.020   82
   159.27    39.23   200.02    -0.00     0.00    -0.00   0.021   83
   157.31    41.20   200.02    -0.00     0.00     0.00   0.020   84
   157.31    38.25   199.00    -0.00     0.00     0.00   0.020   85
   158.29    39.23   200.02    -0.00     0.00     0.00   0.021   86
   157.31    40.21   200.02    -0.00     0.00     0.00   0.020   87
   157.31    40.21   200.02    -0.00     0.00     0.00   0.021   88
   159.27    40.21   201.03    -0.00     0.00    -0.00   0.020   89
   158.29    38.25   200.02    -0.00     0.00    -0.00   0.021   90
   157.31    40.21   201.03    -0.00     0.00     0.00   0.020   91
   159.27    40.21   201.03    -0.00     0.00    -0.00   0.021   92
   158.29    39.23   199.00    -0.00     0.00     0.00   0.020   93
   157.31    39.23   202.05    -0.00     0.00     0.00   0.021   94
   158.29    39.23   201.03    -0.00     0.00    -0.00   0.020   95
   157.31    39.23   200.02    -0.00     0.00    -0.00   0.021   96
   158.29    40.21   203.07    -0.00     0.00    -0.00   0.020   97
   159.27    40.21   201.03    -0.00     0.00    -0.00   0.021   98
   158.29    38.25   200.02    -0.00     0.00     0.00   0.020   99
   158.29    39.23   200.02    -0.00     0.00     0.00   0.021  100
   158.29    41.20   200.02    -0.00     0.00    -0.00   0.020  101
   157.31    39.23   199.00    -0.00     0.00    -0.00   0.021  102
   158.29    40.21   201.03    -0.00     0.00    -0.00   0.020  103
   158.29    39.23   200.02    -0.00     0.00     0.00   0.021  104
   158.29    39.23   200.02    -0.00     0.00     0.00   0.020  105
   157.31    41.20   200.02    -0.00     0.00     0.00   0.021  106
   157.31    39.23   199.00    -0.00     0.00    -0.00   0.020  107
   158.29    40.21   202.05    -0.00     0.00     0.00   0.021  108
   158.29    40.21   201.03    -0.00     0.00    -0.00   0.020  109
   158.29    39.23   200.02    -0.00     0.00     0.00   0.020  110
   158.29    40.21   201.03    -0.00     0.00    -0.00   0.021  111
   158.29    40.21   201.03    -0.00     0.00     0.00   0.020  112
   157.31    39.23   201.03    -0.00     0.00     0.00   0.021  113
   159.27    39.23   201.03    -0.00     0.00    -0.00   0.020  114
   157.31    39.23   199.00    -0.00     0.00    -0.00   0.021  115
   158.29    39.23   200.02    -0.00     0.00    -0.00   0.020  116
   159.27    39.23   200.02    -0.00     0.00    -0.00   0.021  117
   158.29    38.25   200.02    -0.00     0.00    -0.00   0.020  118
   158.29    40.21   201.03    -0.00     0.00    -0.00   0.021  119
   157.31    39.23   201.03    -0.00     0.00    -0.00   0.020  120
   157.31    39.23   201.03    -0.00     0.00    -0.00   0.021  121
   158.29    40.21   202.05    -0.00     0.00    -0.00   0.020  122
   158.29    40.21   200.02    -0.00     0.00    -0.00   0.021  123
   158.29    39.23   200.02    -0.00     0.00     0.00   0.020  124
   157.31    40.21   201.03    -0.00     0.00     0.00   0.021  125
   158.29    39.23   201.03    -0.00     0.00    -0.00   0.020  126
   157.31    39.23   200.02    -0.00     0.00     0.00   0.021  127
   158.29    39.23   200.02    -0.00     0.00    -0.00   0.020  128
   157.31    38.25   199.00    -0.00     0.00    -0.00   0.021  129
   157.31    39.23   200.02    -0.00     0.00     0.00   0.020  130
   158.29    40.21   201.03    -0.00     0.00    -0.00   0.021  131
   158.29    39.23   201.03    -0.00     0.00     0.00   0.020  132
   157.31    40.21   201.03    -0.00     0.00     0.00   0.021  133
   156.34    38.25   199.00    -0.00     0.00     0.00   0.020  134
   157.31    39.23   199.00    -0.00     0.00     0.00   0.020  135
   158.29    40.21   202.05    -0.00     0.00     0.00   0.021  136
   157.31    40.21   199.00    -0.00     0.00     0.00   0.020  137
   158.29    39.23   201.03    -0.00     0.00    -0.00   0.021  138
   158.29    40.21   201.03    -0.00     0.00    -0.00   0.020  139
   157.31    40.21   200.02    -0.00     0.00    -0.00   0.021  140
   160.24    39.23   201.03    -0.00     0.00    -0.00   0.020  141
   157.31    39.23   200.02    -0.00     0.00     0.00   0.021  142
   157.31    38.25   201.03    -0.00     0.00     0.00   0.020  143
   159.27    39.23   202.05    -0.00     0.00     0.00   0.021  144
   157.31    39.23   200.02    -0.00     0.00     0.00   0.020  145
   158.29    40.21   200.02    -0.00     0.00    -0.00   0.021  146
   158.29    39.23   201.03    -0.00     0.00    -0.00   0.020  147
   156.34    40.21   201.03    -0.00     0.00    -0.00   0.021  148
   158.29    40.21   201.03    -0.00     0.00     0.00   0.020  149
   157.31    40.21   201.03    -0.00     0.00     0.00   0.021  150
   157.31    40.21   201.03    -0.00     0.00     0.00   0.020  151
   159.27    40.21   202.05    -0.00     0.00     0.00   0.021  152
   157.31    39.23   200.02    -0.00     0.00     0.00   0.020  153
   158.29    39.23   200.02    -0.00     0.00    -0.00   0.021  154
   159.27    41.20   201.03    -0.00     0.00    -0.00   0.020  155
   158.29    38.25   200.02    -0.00     0.00     0.00   0.021  156
   158.29    38.25   201.03    -0.00     0.00     0.00   0.020  157
   158.29    39.23   201.03    -0.00     0.00     0.00   0.021  158
   157.31    38.25   200.02    -0.00     0.00     0.00   0.020  159
   158.29    40.21   201.03    -0.00     0.00     0.00   0.020  160
   158.29    40.21   201.03    -0.00     0.00     0.00   0.021  161
   158.29    40.21   201.03    -0.00     0.00     0.00   0.020  162
   158.29    40.21   201.03    -0.00     0.00     0.00   0.021  163
   157.31    39.23   200.02    -0.00     0.00    -0.00   0.020  164
   158.29    38.25   201.03    -0.00     0.00    -0.00   0.021  165
   157.31    40.21   201.03    -0.00     0.00    -0.00   0.020  166
   158.29    39.23   199.00    -0.00     0.00    -0.00   0.021  167
   158.29    39.23   201.03    -0.00     0.00    -0.00   0.020  168
   159.27    40.21   200.02    -0.00     0.00    -0.00   0.021  169
   158.29    38.25   201.03    -0.00     0.00    -0.00   0.020  170
   157.31    40.21   202.05    -0.00     0.00    -0.00   0.021  171
   157.31    39.23   200.02    -0.00     0.00     0.00   0.020  172
   157.31    39.23   200.02    -0.00     0.00    -0.00   0.021  173
   157.31    40.21   201.03    -0.00     0.00    -0.00   0.020  174
   157.31    39.23   200.02    -0.00     0.00    -0.00   0.021  175
   158.29    40.21   202.05    -0.00     0.00     0.00   0.020  176
   158.29    38.25   201.03    -0.00     0.00     0.00   0.021  177
   157.31    39.23   200.02    -0.00     0.00     0.00   0.020  178
   157.31    40.21   202.05    -0.00     0.00    -0.00   0.021  179
   156.34    40.21   199.00    -0.00     0.00     0.00   0.020  180
   157.31    40.21   200.02    -0.00     0.00     0.00   0.021  181
   159.27    39.23   201.03    -0.00     0.00     0.00   0.020  182
   158.29    38.25   200.02    -0.00     0.00     0.00   0.021  183
   159.27    37.27   202.05    -0.00     0.00    -0.00   0.020  184
   158.29    38.25   199.00    -0.00     0.00    -0.00   0.020  185
   157.31    39.23   200.02    -0.00     0.00     0.00   0.021  186
   158.29    39.23   202.05    -0.00     0.00    -0.00   0.020  187
   157.31    39.23   202.05    -0.00     0.00    -0.00   0.021  188
   157.31    40.21   201.03    -0.00     0.00    -0.00   0.020  189
   158.29    40.21   200.02    -0.00     0.00    -0.00   0.021  190
   157.31    40.21   202.05    -0.00     0.00    -0.00   0.020  191
   157.31    39.23   202.05    -0.00     0.00     0.00   0.021  192
   157.31    39.23   200.02    -0.00     0.00     0.00   0.020  193
   157.31    40.21   199.00    -0.00     0.00    -0.00   0.021  194
   158.29    40.21   201.03    -0.00     0.00    -0.00   0.020  195
   158.29    40.21   200.02    -0.00     0.00    -0.00   0.021  196
   158.29    39.23   201.03    -0.00     0.00    -0.00   0.020  197
   157.31    39.23   202.05    -0.00     0.00    -0.00   0.021  198
   158.29    38.25   201.03    -0.00     0.00     0.00   0.020  199
   158.29    38.25   200.02    -0.00     0.00     0.00   0.021  200
   158.29    39.23   201.03    -0.00     0.00     0.00   0.020  201
   158.29    40.21   201.03    -0.00     0.00     0.00   0.021  202
   157.31    39.23   202.05    -0.00     0.00     0.00   0.020  203
   156.34    40.21   201.03    -0.00     0.00    -0.00   0.021  204
   158.29    39.23   200.02    -0.00     0.00     0.00   0.020  205
   159.27    39.23   202.05    -0.00     0.00    -0.00   0.021  206
   158.29    39.23   200.02    -0.00     0.00    -0.00   0.020  207
   158.29    39.23   200.02    -0.00     0.00    -0.00   0.021  208
   157.31    38.25   201.03    -0.00     0.00     0.00   0.020  209
   157.31    39.23   199.00    -0.00     0.00     0.00   0.020  210
   159.27    39.23   201.03    -0.00     0.00    -0.00   0.021  211
   159.27    39.23   201.03    -0.00     0.00     0.00   0.020  212
   156.34    39.23   200.02    -0.00     0.00     0.00   0.021  213
   156.34    40.21   201.03    -0.00     0.00     0.00   0.020  214
   158.29    40.21   201.03    -0.00     0.00     0.00   0.021  215
   158.29    38.25   200.02    -0.00     0.00     0.00   0.020  216
   157.31    39.23   201.03    -0.00     0.00    -0.00   0.021  217
   157.31    40.21   201.03    -0.00     0.00     0.00   0.020  218
   157.31    39.23   201.03    -0.00     0.00     0.00   0.021  219
   158.29    41.20   202.05    -0.00     0.00     0.00   0.020  220
   157.31    40.21   201.03    -0.00     0.00    -0.00   0.021  221
   157.31    39.23   200.02    -0.00     0.00     0.00   0.020  222
   158.29    39.23   201.03    -0.00     0.00     0.00   0.021  223
   157.31    39.23   199.00    -0.00     0.00     0.00   0.020  224
   159.27    39.23   201.03    -0.00     0.00     0.00   0.021  225
   158.29    40.21   201.03    -0.00     0.00    -0.00   0.020  226
   157.31    39.23   200.02    -0.00     0.00    -0.00   0.021  227
   158.29    39.23   200.02    -0.00     0.00     0.00   0.020  228
   157.31    39.23   200.02    -0.00     0.00    -0.00   0.021  229
   158.29    39.23   199.00    -0.00     0.00    -0.00   0.020  230
   158.29    40.21   202.05    -0.00     0.00     0.00   0.021  231
   158.29    39.23   199.00    -0.00     0.00     0.00   0.020  232
   157.31    40.21   202.05    -0.00     0.00     0.00   0.021  233
   158.29    39.23   200.02    -0.00     0.00     0.00   0.020  234
   157.31    39.23   201.03    -0.00     0.00    -0.00   0.020  235
   159.27    41.20   201.03    -0.00     0.00     0.00   0.021  236
   157.31    40.21   202.05    -0.00     0.00     0.00   0.020  237
   157.31    39.23   201.03    -0.00     0.00    -0.00   0.021  238
   157.31    39.23   201.03    -0.00     0.00    -0.00   0.020  239
   157.31    39.23   200.02    -0.00     0.00     0.00   0.021  240
   159.27    39.23   202.05    -0.00     0.00    -0.00   0.020  241
   157.31    40.21   201.03    -0.00     0.00    -0.00   0.021  242
   158.29    38.25   201.03    -0.00     0.00    -0.00   0.020  243
   158.29    40.21   201.03    -0.00     0.00     0.00   0.021  244
   157.31    38.25   200.02    -0.00     0.00    -0.00   0.020  245
   158.29    38.25   201.03    -0.00     0.00     0.00   0.021  246
   158.29    38.25   201.03    -0.00     0.00    -0.00   0.020  247
   158.29    39.23   200.02    -0.00     0.00    -0.00   0.021  248
   159.27    39.23   200.02    -0.00     0.00     0.00   0.020  249
   158.29    39.23   200.02    -0.00     0.00     0.00   0.021  250
   157.31    40.21   199.00    -0.00     0.00    -0.00   0.020  251
   158.29    39.23   199.00    -0.00     0.00     0.00   0.021  252
   158.29    39.23   200.02    -0.00     0.00    -0.00   0.020  253
   157.31    40.21   200.02    -0.00     0.00     0.00   0.021  254
   156.34    39.23   200.02    -0.00     0.00     0.00   0.020  255
   156.34    39.23   199.00    -0.00    -0.00     0.00   0.021    0
   159.27    39.23   201.03    -0.00     0.00    -0.00   0.020    1
   158.29    39.23   200.02    -0.00     0.00    -0.00   0.021    2
   158.29    39.23   200.02    -0.00     0.00     0.00   0.020    3
   157.31    40.21   201.03    -0.00     0.00     0.00   0.020    4
   156.34    39.23   200.02    -0.00     0.00     0.00   0.021    5
   158.29    40.21   200.02    -0.00     0.00     0.00   0.020    6
   157.31    38.25   201.03    -0.00     0.00    -0.00   0.021    7
   158.29    39.23   202.05    -0.00     0.00     0.00   0.020    8
   157.31    40.21   200.02    -0.00     0.00    -0.00   0.021    9
   157.31    39.23   200.02    -0.00     0.00     0.00   0.020   10
   158.29    39.23   202.05    -0.00     0.00     0.00   0.021   11
   157.31    39.23   201.03    -0.00     0.00     0.00   0.020   12
   159.27    38.25   201.03    -0.00     0.00    -0.00   0.021   13
   158.29    39.23   201.03    -0.00     0.00    -0.00   0.020   14
   157.31    39.23   196.96    -0.00    -0.00    -0.00   0.021   15
   158.29    39.23   199.00    -0.00     0.00     0.00   0.020   16
   158.29    39.23   201.03    -0.00     0.00     0.00   0.021   17
   159.27    39.23   201.03    -0.00     0.00     0.00   0.020   18
   158.29    39.23   201.03    -0.00     0.00     0.00   0.021   19
   158.29    39.23   201.03    -0.00     0.00     0.00   0.020   20
   156.34    39.23   200.02    -0.00     0.00    -0.00   0.021   21
   158.29    39.23   202.05    -0.00     0.00    -0.00   0.020   22
   157.31    40.21   201.03    -0.00     0.00    -0.00   0.021   23
   158.29    40.21   200.02    -0.00     0.00     0.00   0.020   24
   158.29    38.25   201.03    -0.00     0.00     0.00   0.021   25
   158.29    39.23   202.05    -0.00     0.00     0.00   0.020   26
   160.24    39.23   202.05    -0.00     0.00     0.00   0.021   27
   156.34    39.23   200.02    -0.00     0.00     0.00   0.020   28
   158.29    39.23   201.03    -0.00     0.00     0.00   0.020   29
   158.29    40.21   201.03    -0.00     0.00    -0.00   0.021   30
   157.31    39.23   201.03    -0.00     0.00    -0.00   0.020   31
   158.29    40.21   201.03    -0.00     0.00     0.00   0.021   32
   156.34    39.23   200.02    -0.00     0.00    -0.00   0.020   33
   158.29    40.21   201.03    -0.00     0.00     0.00   0.021   34
   157.31    38.25   200.02    -0.00     0.00     0.00   0.020   35
   156.34    38.25   200.02    -0.00     0.00     0.00   0.021   36
   158.29    38.25   200.02    -0.00     0.00     0.00   0.020   37
   157.31    39.23   200.02    -0.00     0.00     0.00   0.021   38
   156.34    40.21   201.03    -0.00     0.00     0.00   0.020   39
   159.27    39.23   203.07    -0.00     0.00     0.00   0.021   40
   157.31    38.25   199.00    -0.00     0.00     0.00   0.020   41
   158.29    38.25   201.03    -0.00     0.00     0.00   0.021   42
   157.31    38.25   200.02    -0.00     0.00    -0.00   0.020   43
   158.29    39.23   199.00    -0.00     0.00    -0.00   0.021   44
   159.27    39.23   201.03    -0.00     0.00    -0.00   0.020   45
   158.29    40.21   201.03    -0.00     0.00     0.00   0.021   46
   157.31    40.21   200.02    -0.00     0.00     0.00   0.020   47
   158.29    39.23   201.03    -0.00     0.00     0.00   0.021   48
   157.31    40.21   201.03    -0.00     0.00    -0.00   0.020   49
   156.34    38.25   201.03    -0.00     0.00     0.00   0.021   50
   158.29    40.21   201.03    -0.00     0.00    -0.00   0.020   51
   156.34    38.25   200.02    -0.00     0.00     0.00   0.021   52
   157.31    39.23   201.03    -0.00     0.00     0.00   0.020   53
   158.29    39.23   200.02    -0.00     0.00    -0.00   0.020   54
   157.31    39.23   202.05    -0.00     0.00    -0.00   0.021   55
   159.27    39.23   202.05    -0.00     0.00     0.00   0.020   56
   157.31    37.27   200.02    -0.00     0.00     0.00   0.021   57
   158.29    38.25   201.03    -0.00     0.00     0.00   0.020   58
   157.31    40.21   201.03    -0.00     0.00     0.00   0.021   59
   157.31    39.23   202.05    -0.00     0.00     0.00   0.020   60
   157.31    39.23   201.03    -0.00     0.00     0.00   0.021   61
   157.31    38.25   200.02    -0.00     0.00    -0.00   0.020   62
   157.31    38.25   201.03    -0.00     0.00    -0.00   0.021   63
   159.27    39.23   200.02    -0.00     0.00    -0.00   0.020   64
   157.31    39.23   201.03    -0.00     0.00     0.00   0.021   65
   157.31    40.21   200.02    -0.00     0.00     0.00   0.020   66
   158.29    39.23   201.03    -0.00     0.00    -0.00   0.021   67
   157.31    39.23   200.02    -0.00     0.00    -0.00   0.020   68
   157.31    40.21   202.05    -0.00     0.00    -0.00   0.021   69
   159.27    40.21   200.02    -0.00     0.00     0.00   0.020   70
   158.29    38.25   200.02    -0.00     0.00    -0.00   0.021   71
   157.31    40.21   201.03    -0.00     0.00    -0.00   0.020   72
   157.31    39.23   200.02    -0.00     0.00     0.00   0.021   73
   157.31    39.23   201.03    -0.00     0.00     0.00   0.020   74
   156.34    38.25   200.02    -0.00     0.00     0.00   0.021   75
   157.31    40.21   200.02    -0.00     0.00    -0.00   0.020   76
   158.29    40.21   202.05    -0.00     0.00    -0.00   0.021   77
   156.34    39.23   201.03    -0.00     0.00     0.00   0.020   78
   158.29    38.25   200.02    -0.00     0.00     0.00   0.020   79
   158.29    38.25   199.00    -0.00     0.00     0.00   0.021   80
   157.31    39.23   200.02    -0.00     0.00    -0.00   0.020   81
   158.29    39.23   202.05    -0.00     0.00    -0.00   0.021   82
   158.29    38.25   200.02    -0.00     0.00     0.00   0.020   83
   156.34    38.25   200.02    -0.00     0.00    -0.00   0.021   84
   158.29    40.21   201.03    -0.00     0.00     0.00   0.020   85
   157.31    39.23   200.02    -0.00     0.00     0.00   0.021   86
   158.29    40.21   202.05    -0.00     0.00     0.00   0.020   87
   158.29    40.21   202.05    -0.00     0.00     0.00   0.021   88
   158.29    39.23   199.00    -0.01     0.00    -0.00   0.020   89
   158.29    39.23   201.03    -0.00     0.00     0.00   0.021   90
   158.29    38.25   201.03    -0.00     0.00     0.00   0.020   91
   157.31    38.25   201.03    -0.00     0.00    -0.00   0.021   92
   157.31    40.21   202.05    -0.00     0.00    -0.00   0.020   93
   156.34    39.23   199.00    -0.00     0.00     0.00   0.021   94
   158.29    39.23   200.02    -0.00     0.00     0.00   0.020   95
   157.31    41.20   201.03    -0.00     0.00    -0.00   0.021   96
   157.31    38.25   200.02    -0.00     0.00    -0.00   0.020   97
   157.31    39.23   199.00    -0.00     0.00     0.00   0.021   98
   157.31    38.25   201.03    -0.00     0.00    -0.00   0.020   99
   157.31    39.23   200.02    -0.00     0.00     0.00   0.021  100
   159.27    39.23   201.03    -0.01     0.00     0.00   0.020  101
   158.29    39.23   200.02    -0.00     0.00     0.00   0.021  102
   158.29    39.23   201.03    -0.00     0.00     0.00   0.020  103
   158.29    38.25   201.03    -0.00     0.00     0.00   0.020  104
   157.31    39.23   201.03    -0.00     0.00    -0.00   0.021  105
   159.27    39.23   201.03    -0.00     0.00    -0.00   0.020  106
   157.31    39.23   200.02    -0.00     0.00    -0.00   0.021  107
   156.34    39.23   200.02    -0.00     0.00    -0.00   0.020  108
   158.29    39.23   202.05    -0.00     0.00    -0.00   0.021  109
   157.31    39.23   199.00    -0.00     0.00    -0.00   0.020  110
   157.31    40.21   200.02    -0.00     0.00    -0.00   0.021  111
   157.31    40.21   201.03    -0.00     0.00     0.00   0.020  112
   157.31    39.23   201.03    -0.00     0.00     0.00   0.021  113
   158.29    39.23   202.05    -0.00     0.00    -0.00   0.020  114
   156.34    38.25   200.02    -0.00     0.00     0.00   0.021  115
   158.29    38.25   200.02    -0.00     0.00     0.00   0.020  116
   158.29    40.21   201.03    -0.00     0.00    -0.00   0.021  117
   157.31    38.25   200.02    -0.00     0.00    -0.00   0.020  118
   157.31    38.25   201.03    -0.00     0.00    -0.00   0.021  119
   158.29    38.25   200.02    -0.00     0.00     0.00   0.020  120
   156.34    39.23   199.00    -0.00     0.00     0.00   0.021  121
   158.29    40.21   202.05    -0.00     0.00    -0.00   0.020  122
   157.31    39.23   201.03    -0.00     0.00    -0.00   0.021  123
   156.34    38.25   199.00    -0.00     0.00     0.00   0.020  124
   157.31    39.23   201.03    -0.00     0.00     0.00   0.021  125
   157.31    39.23   200.02    -0.00     0.00     0.00   0.020  126
   158.29    40.21   202.05    -0.00     0.00    -0.00   0.021  127
   158.29    40.21   200.02    -0.00     0.00     0.00   0.020  128
   157.31    38.25   200.02    -0.00     0.00     0.00   0.020  129
   158.29    39.23   201.03    -0.00     0.00    -0.00   0.021  130
   157.31    38.25   200.02    -0.00     0.00    -0.00   0.020  131
   158.29    39.23   200.02    -0.00     0.00     0.00   0.021  132
   157.31    39.23   201.03    -0.00     0.00     0.00   0.020  133
   156.34    39.23   201.03    -0.00     0.00     0.00   0.021  134
   157.31    39.23   201.03    -0.00     0.00     0.00   0.020  135
   157.31    40.21   201.03    -0.00     0.00    -0.00   0.021  136
   156.34    39.23   200.02    -0.00     0.00     0.00   0.020  137
   157.31    40.21   200.02    -0.00     0.00     0.00   0.021  138
   156.34    39.23   200.02    -0.00     0.00    -0.00   0.020  139
   158.29    38.25   201.03    -0.00     0.00     0.00   0.021  140
   158.29    40.21   202.05    -0.00     0.00    -0.00   0.020  141
   158.29    38.25   201.03    -0.00     0.00    -0.00   0.021  142
   158.29    38.25   201.03    -0.00     0.00     0.00   0.020  143
   157.31    38.25   200.02    -0.00     0.00     0.00   0.021  144
   157.31    38.25   201.03    -0.00    -0.00     0.00   0.020  145
   158.29    39.23   202.05    -0.00     0.00     0.00   0.021  146
   157.31    37.27   200.02    -0.00     0.00    -0.00   0.020  147
   157.31    40.21   201.03    -0.00     0.00     0.00   0.021  148
   158.29    39.23   202.05    -0.00     0.00     0.00   0.020  149
   157.31    39.23   200.02    -0.00     0.00     0.00   0.021  150
   156.34    40.21   201.03    -0.00     0.00    -0.00   0.020  151
   157.31    38.25   200.02    -0.00     0.00     0.00   0.021  152
   158.29    38.25   200.02    -0.00     0.00     0.00   0.020  153
   158.29    39.23   201.03    -0.00     0.00    -0.00   0.020  154
   157.31    39.23   200.02    -0.00     0.00     0.00   0.021  155
   158.29    39.23   200.02    -0.00     0.00    -0.00   0.020  156
   158.29    37.27   201.03    -0.00     0.00     0.00   0.021  157
   157.31    40.21   200.02    -0.00     0.00    -0.00   0.020  158
   158.29    40.21   201.03    -0.00     0.00    -0.00   0.021  159
   158.29    39.23   200.02    -0.00     0.00     0.00   0.020  160
   158.29    38.25   200.02    -0.00     0.00     0.00   0.021  161
   159.27    39.23   203.07    -0.00     0.00     0.00   0.020  162
   158.29    39.23   200.02    -0.00     0.00    -0.00   0.021  163
   156.34    39.23   200.02    -0.00     0.00    -0.00   0.020  164
   158.29    39.23   202.05    -0.00     0.00     0.00   0.021  165
   159.27    38.25   199.00    -0.00     0.00    -0.00   0.020  166
   157.31    39.23   200.02    -0.00     0.00    -0.00   0.021  167
   158.29    39.23   200.02    -0.00     0.00    -0.00   0.020  168
   157.31    39.23   200.02    -0.00     0.00     0.00   0.021  169
   158.29    38.25   200.02    -0.00     0.00    -0.00   0.020  170
   158.29    38.25   200.02    -0.00    -0.00    -0.00   0.021  171
   156.34    39.23   201.03    -0.00     0.00    -0.00   0.020  172
   157.31    40.21   201.03    -0.00     0.00    -0.00   0.021  173
   158.29    39.23   200.02    -0.00     0.00     0.00   0.020  174
   157.31    39.23   199.00    -0.00     0.00     0.00   0.021  175
   158.29    39.23   201.03    -0.00     0.00     0.00   0.020  176
   158.29    38.25   200.02    -0.00     0.00     0.00   0.021  177
   156.34    39.23   200.02    -0.00     0.00    -0.00   0.020  178
   157.31    39.23   202.05    -0.00     0.00    -0.00   0.020  179
   158.29    39.23   201.03    -0.00     0.00    -0.00   0.021  180
   157.31    38.25   201.03    -0.00     0.00    -0.00   0.020  181
   158.29    39.23   201.03    -0.00     0.00     0.00   0.021  182
   158.29    38.25   199.00    -0.00     0.00    -0.00   0.020  183
   158.29    38.25   201.03    -0.01     0.00    -0.00   0.021  184
   157.31    39.23   200.02    -0.00     0.00    -0.00   0.020  185
   158.29    38.25   200.02    -0.00     0.00    -0.00   0.021  186
   159.27    40.21   201.03    -0.00     0.00    -0.00   0.020  187
   156.34    39.23   202.05    -0.00     0.00    -0.00   0.021  188
   158.29    38.25   199.00    -0.00     0.00    -0.00   0.020  189
   157.31    38.25   201.03    -0.00     0.00     0.00   0.021  190
   158.29    38.25   199.00    -0.00     0.00     0.00   0.020  191
   158.29    40.21   203.07    -0.00     0.00    -0.00   0.021  192
   159.27    39.23   200.02    -0.00     0.00     0.00   0.020  193
   156.34    39.23   200.02    -0.00     0.00     0.00   0.021  194
   159.27    38.25   201.03    -0.00     0.00     0.00   0.020  195
   157.31    39.23   201.03    -0.00     0.00    -0.00   0.021  196
   157.31    40.21   201.03    -0.00     0.00     0.00   0.020  197
   157.31    39.23   201.03    -0.00     0.00    -0.00   0.021  198
   157.31    38.25   202.05    -0.00     0.00    -0.00   0.020  199
   158.29    39.23   200.02    -0.00     0.00    -0.00   0.021  200
   156.34    39.23   199.00    -0.00     0.00    -0.00   0.020  201
   157.31    39.23   201.03    -0.00     0.00    -0.00   0.021  202
   158.29    39.23   201.03    -0.00     0.00     0.00   0.020  203
   158.29    39.23   200.02    -0.00     0.00     0.00   0.020  204
   157.31    39.23   200.02    -0.00     0.00    -0.00   0.021  205
   158.29    40.21   200.02    -0.00     0.00     0.00   0.020  206
   158.29    39.23   199.00    -0.00     0.00    -0.00   0.021  207
