   163.18    48.06   194.93    -0.00     0.00    -0.00   0.021    0
   162.20    46.10   193.91    -0.00     0.00    -0.00   0.020    1
   163.18    47.08   194.93    -0.00     0.00     0.00   0.021    2
   163.18    47.08   194.93    -0.00     0.00    -0.00   0.020    3
   161.22    46.10   193.91    -0.00     0.00    -0.00   0.021    4
   163.18    46.10   196.96    -0.00     0.00     0.00   0.020    5
   163.18    47.08   193.91    -0.00     0.00    -0.00   0.021    6
   162.20    46.10   194.93    -0.00     0.00     0.00   0.020    7
   163.18    47.08   193.91    -0.00     0.00    -0.00   0.021    8
   163.18    46.10   193.91    -0.00     0.00     0.00   0.020    9
   162.20    46.10   192.89    -0.00     0.00     0.00   0.021   10
   163.18    47.08   194.93    -0.00     0.00    -0.00   0.020   11
   164.15    46.10   194.93    -0.00     0.00     0.00   0.021   12
   162.20    47.08   192.89    -0.00     0.00    -0.00   0.020   13
   162.20    47.08   194.93    -0.00     0.00    -0.00   0.021   14
   164.15    48.06   195.94    -0.00     0.00    -0.00   0.020   15
   163.18    47.08   193.91    -0.00     0.00     0.00   0.020   16
   161.22    46.10   192.89    -0.00     0.00    -0.00   0.021   17
   163.18    48.06   194.93    -0.00     0.00    -0.00   0.020   18
   162.20    48.06   194.93    -0.00     0.00    -0.00   0.021   19
   161.22    46.10   192.89    -0.00     0.00     0.00   0.020   20
   163.18    46.10   194.93    -0.00     0.00    -0.00   0.021   21
   162.20    47.08   194.93    -0.00     0.00    -0.00   0.020   22
   163.18    46.10   193.91    -0.00     0.00    -0.00   0.021   23
   163.18    47.08   194.93    -0.00     0.00    -0.00   0.020   24
   163.18    47.08   194.93    -0.00     0.00     0.00   0.021   25
   161.22    47.08   193.91    -0.00     0.00    -0.00   0.020   26
   163.18    47.08   195.94    -0.00     0.00     0.00   0.021   27
   163.18    46.10   194.93    -0.00     0.00    -0.00   0.020   28
   162.20    47.08   193.91    -0.00     0.00     0.00   0.021   29
   161.22    47.08   193.91    -0.00     0.00     0.00   0.020   30
   163.18    47.08   193.91    -0.00     0.00    -0.00   0.021   31
   162.20    47.08   194.93    -0.00     0.00    -0.00   0.020   32
   162.20    47.08   193.91    -0.00     0.00     0.00   0.021   33
   163.18    46.10   194.93    -0.00     0.00    -0.00   0.020   34
   162.20    46.10   192.89    -0.00     0.00    -0.00   0.021   35
   164.15    47.08   194.93    -0.00     0.00    -0.00   0.020   36
   162.20    47.08   193.91    -0.00     0.00    -0.00   0.021   37
   163.18    45.12   194.93    -0.00     0.00    -0.00   0.020   38
   163.18    46.10   194.93    -0.00     0.00    -0.00   0.021   39
   163.18    47.08   195.94    -0.00     0.00    -0.00   0.020   40
   161.22    48.06   192.89    -0.00     0.00    -0.00   0.020   41
   162.20    47.08   193.91    -0.00     0.00    -0.00   0.021   42
   164.15    47.08   194.93    -0.00     0.00     0.00   0.020   43
   162.20    46.10   193.91    -0.00     0.00    -0.00   0.021   44
   162.20    47.08   193.91    -0.00     0.00    -0.00   0.020   45
   163.18    48.06   193.91    -0.00     0.00     0.00   0.021   46
   162.20    46.10   193.91    -0.00     0.00    -0.00   0.020   47
   163.18    48.06   194.93    -0.00     0.00     0.00   0.021   48
   163.18    48.06   194.93    -0.00     0.00    -0.00   0.020   49
   162.20    46.10   192.89    -0.00     0.00     0.00   0.021   50
   162.20    47.08   193.91    -0.00     0.00    -0.00   0.020   51
   163.18    46.10   194.93    -0.00     0.00    -0.00   0.021   52
   162.20    46.10   194.93    -0.00     0.00    -0.00   0.020   53
   163.18    47.08   194.93    -0.00     0.00    -0.00   0.021   54
   162.20    46.10   193.91    -0.00     0.00    -0.00   0.020   55
   163.18    47.08   193.91    -0.00     0.00    -0.00   0.021   56
   164.15    48.06   194.93    -0.00     0.00    -0.00   0.020   57
   163.18    47.08   192.89    -0.00     0.00    -0.00   0.021   58
   163.18    46.10   193.91    -0.00     0.00    -0.00   0.020   59
   163.18    46.10   195.94    -0.00     0.00     0.00   0.021   60
   162.20    47.08   194.93    -0.00     0.00     0.00   0.020   61
   164.15    46.10   195.94    -0.00     0.00    -0.00   0.021   62
   163.18    47.08   194.93    -0.00     0.00    -0.00   0.020   63
   162.20    46.10   193.91    -0.00     0.00    -0.00   0.021   64
   163.18    46.10   194.93    -0.00     0.00    -0.00   0.020   65
   163.18    47.08   196.96    -0.00     0.00    -0.00   0.020   66
   161.22    46.10   193.91    -0.00     0.00    -0.00   0.021   67
   164.15    46.10   193.91    -0.00     0.00    -0.00   0.020   68
   163.18    47.08   194.93    -0.00     0.00     0.00   0.021   69
   163.18    46.10   192.89    -0.00     0.00    -0.00   0.020   70
   163.18    47.08   194.93    -0.00     0.00    -0.00   0.021   71
   162.20    46.10   192.89    -0.00     0.00    -0.00   0.020   72
   162.20    46.10   193.91    -0.00     0.00     0.00   0.021   73
   162.20    47.08   194.93    -0.00     0.00     0.00   0.020   74
   162.20    46.10   193.91    -0.00     0.00    -0.00   0.021   75
   163.18    47.08   193.91    -0.00     0.00     0.00   0.020   76
   163.18    47.08   194.93    -0.00     0.00    -0.00   0.021   77
   163.18    45.12   192.89    -0.00     0.00     0.00   0.020   78
   161.22    47.08   194.93    -0.00     0.00     0.00   0.021   79
   163.18    48.06   194.93    -0.00     0.00     0.00   0.020   80
   164.15    45.12   193.91    -0.00     0.00    -0.00   0.021   81
   162.20    45.12   194.93    -0.00     0.00    -0.00   0.020   82
   162.20    47.08   193.91    -0.00     0.00     0.00   0.021   83
   162.20    46.10   193.91    -0.00     0.00     0.00   0.020   84
   164.15    46.10   195.94    -0.00     0.00    -0.00   0.021   85
   162.20    46.10   195.94    -0.00     0.00    -0.00   0.020   86
   162.20    46.10   193.91    -0.00     0.00    -0.00   0.021   87
   162.20    46.10   194.93     0.00     0.00    -0.00   0.020   88
   162.20    47.08   194.93     0.00     0.00    -0.00   0.021   89
   162.20    47.08   194.93    -0.00     0.00    -0.00   0.020   90
   163.18    47.08   194.93    -0.00     0.00    -0.00   0.020   91
   162.20    47.08   194.93     0.00     0.00    -0.00   0.021   92
   163.18    46.10   193.91     0.00     0.00    -0.00   0.020   93
   163.18    46.10   195.94    -0.00     0.00    -0.00   0.021   94
   162.20    47.08   194.93    -0.00     0.00     0.00   0.020   95
   162.20    46.10   194.93    -0.00     0.00    -0.00   0.021   96
   163.18    45.12   194.93    -0.00     0.00     0.00   0.020   97
   162.20    47.08   196.96    -0.00     0.00    -0.00   0.021   98
   162.20    46.10   194.93    -0.00     0.00    -0.00   0.020   99
   161.22    47.08   194.93    -0.00     0.00     0.00   0.021  100
   160.24    47.08   193.91    -0.00     0.00     0.00   0.020  101
   161.22    47.08   194.93    -0.00     0.00    -0.00   0.021  102
   163.18    47.08   195.94    -0.00     0.00    -0.00   0.020  103
   163.18    47.08   193.91    -0.00     0.00    -0.00   0.021  104
   162.20    46.10   194.93    -0.00     0.00     0.00   0.020  105
   164.15    48.06   195.94    -0.00     0.00     0.00   0.021  106
   162.20    47.08   194.93    -0.00     0.00     0.00   0.020  107
   163.18    45.12   194.93    -0.00     0.00    -0.00   0.021  108
   162.20    46.10   195.94    -0.00     0.00    -0.00   0.020  109
   162.20    47.08   193.91    -0.00     0.00    -0.00   0.021  110
   162.20    47.08   194.93    -0.00     0.00    -0.00   0.020  111
   163.18    47.08   194.93    -0.00     0.00    -0.00   0.021  112
   162.20    47.08   194.93    -0.00     0.00    -0.00   0.020  113
   162.20    47.08   194.93    -0.00     0.00     0.00   0.021  114
   164.15    48.06   195.94    -0.00     0.00     0.00   0.020  115
   164.15    46.10   193.91    -0.00     0.00    -0.00   0.020  116
   162.20    47.08   193.91    -0.00     0.00    -0.00   0.021  117
   163.18    46.10   193.91    -0.00     0.00    -0.00   0.020  118
   162.20    47.08   195.94    -0.00     0.00    -0.00   0.021  119
   163.18    47.08   195.94    -0.00     0.00     0.00   0.020  120
   164.15    48.06   193.91    -0.00     0.00    -0.00   0.021  121
   161.22    46.10   193.91    -0.00     0.00    -0.00   0.020  122
   162.20    47.08   195.94    -0.00     0.00    -0.00   0.021  123
   163.18    46.10   194.93    -0.00     0.00    -0.00   0.020  124
   162.20    48.06   194.93    -0.00     0.00    -0.00   0.021  125
   161.22    47.08   194.93    -0.00     0.00     0.00   0.020  126
   162.20    46.10   193.91    -0.00     0.00    -0.00   0.021  127
   162.20    46.10   193.91    -0.00     0.00     0.00   0.020  128
   163.18    47.08   194.93    -0.00     0.00     0.00   0.021  129
   163.18    47.08   195.94    -0.00     0.00    -0.00   0.020  130
   161.22    46.10   193.91    -0.00     0.00    -0.00   0.021  131
   163.18    47.08   195.94    -0.00     0.00    -0.00   0.020  132
   163.18    48.06   194.93    -0.00     0.00    -0.00   0.021  133
   163.18    46.10   194.93    -0.00     0.00    -0.00   0.020  134
   162.20    46.10   194.93    -0.00     0.00     0.00   0.021  135
   162.20    47.08   195.94    -0.00     0.00    -0.00   0.020  136
   163.18    46.10   193.91    -0.00     0.00    -0.00   0.021  137
   163.18    46.10   195.94    -0.00     0.00    -0.00   0.020  138
   163.18    46.10   193.91    -0.00     0.00    -0.00   0.021  139
   163.18    46.10   195.94    -0.00     0.00    -0.00   0.020  140
   163.18    47.08   195.94    -0.00     0.00    -0.00   0.020  141
   162.20    46.10   192.89    -0.00     0.00     0.00   0.021  142
   162.20    46.10   194.93    -0.00     0.00    -0.00   0.020  143
   164.15    46.10   194.93    -0.00     0.00    -0.00   0.021  144
   161.22    46.10   193.91    -0.00     0.00    -0.00   0.020  145
   163.18    46.10   193.91    -0.00     0.00    -0.00   0.021  146
   162.20    47.08   194.93    -0.00     0.00     0.00   0.020  147
   162.20    48.06   193.91    -0.00     0.00     0.00   0.021  148
   162.20    45.12   194.93    -0.00     0.00     0.00   0.020  149
   163.18    47.08   194.93    -0.00     0.00    -0.00   0.021  150
   162.20    45.12   192.89    -0.00     0.00    -0.00   0.020  151
   163.18    46.10   193.91    -0.00     0.00    -0.00   0.021  152
   163.18    47.08   194.93    -0.00     0.00     0.00   0.020  153
   162.20    46.10   192.89     0.00     0.00    -0.00   0.021  154
   164.15    46.10   194.93    -0.00     0.00    -0.00   0.020  155
   164.15    47.08   193.91    -0.00     0.00    -0.00   0.021  156
   161.22    45.12   192.89    -0.00     0.00    -0.00   0.020  157
   163.18    46.10   194.93    -0.00     0.00    -0.00   0.021  158
   164.15    47.08   196.96    -0.00     0.00    -0.00   0.020  159
   163.18    46.10   193.91    -0.00     0.00     0.00   0.021  160
   164.15    47.08   194.93    -0.00     0.00    -0.00   0.020  161
   162.20    46.10   193.91    -0.00     0.00    -0.00   0.021  162
   162.20    46.10   194.93    -0.00     0.00     0.00   0.020  163
   163.18    47.08   195.94    -0.00     0.00    -0.00   0.021  164
   163.18    47.08   195.94    -0.00     0.00    -0.00   0.020  165
   161.22    47.08   193.91    -0.00     0.00    -0.00   0.020  166
   163.18    46.10   193.91    -0.00     0.00     0.00   0.021  167
   163.18    47.08   195.94    -0.00     0.00    -0.00   0.020  168
   162.20    47.08   193.91    -0.00     0.00    -0.00   0.021  169
   162.20    47.08   193.91    -0.00     0.00     0.00   0.020  170
   162.20    46.10   194.93    -0.00     0.00     0.00   0.021  171
   162.20    46.10   194.93    -0.00     0.00    -0.00   0.020  172
   164.15    46.10   194.93    -0.00     0.00     0.00   0.021  173
   162.20    47.08   193.91    -0.00     0.00     0.00   0.020  174
   162.20    47.08   195.94    -0.00     0.00     0.00   0.021  175
   162.20    47.08   194.93    -0.00     0.00    -0.00   0.020  176
   163.18    46.10   194.93    -0.00     0.00    -0.00   0.021  177
   162.20    46.10   193.91    -0.00     0.00     0.00   0.020  178
   164.15    47.08   194.93    -0.00     0.00     0.00   0.021  179
   162.20    46.10   195.94    -0.00     0.00     0.00   0.020  180
   162.20    46.10   194.93    -0.00     0.00    -0.00   0.021  181
   163.18    48.06   194.93    -0.00     0.00    -0.00   0.020  182
   161.22    47.08   193.91    -0.00     0.00    -0.00   0.021  183
   162.20    47.08   193.91    -0.00     0.00    -0.00   0.020  184
   163.18    46.10   194.93    -0.00     0.00    -0.00   0.021  185
   163.18    46.10   194.93    -0.00     0.00    -0.00   0.020  186
   163.18    47.08   194.93    -0.00     0.00    -0.00   0.021  187
   162.20    46.10   194.93    -0.00     0.00    -0.00   0.020  188
   162.20    47.08   193.91    -0.00     0.00    -0.00   0.021  189
   163.18    46.10   194.93    -0.00     0.00    -0.00   0.020  190
   163.18    47.08   194.93    -0.00     0.00    -0.00   0.020  191
   162.20    46.10   193.91    -0.00     0.00     0.00   0.021  192
   164.15    47.08   194.93    -0.00     0.00     0.00   0.020  193
   162.20    47.08   193.91    -0.00     0.00    -0.00   0.021  194
   161.22    46.10   193.91    -0.00     0.00     0.00   0.020  195
   163.18    46.10   194.93    -0.00     0.00    -0.00   0.021  196
   162.20    46.10   193.91    -0.00     0.00    -0.00   0.020  197
   163.18    46.10   193.91    -0.00     0.00    -0.00   0.021  198
   164.15    47.08   193.91    -0.00     0.00    -0.00   0.020  199
   163.18    45.12   193.91    -0.00     0.00    -0.00   0.021  200
   163.18    47.08   193.91    -0.00     0.00     0.00   0.020  201
   163.18    48.06   195.94    -0.00     0.00     0.00   0.021  202
   162.20    46.10   194.93    -0.00     0.00     0.00   0.020  203
   163.18    46.10   194.93    -0.00     0.00    -0.00   0.021  204
   163.18    45.12   194.93    -0.00     0.00    -0.00   0.020  205
   162.20    47.08   193.91    -0.00     0.00    -0.00   0.021  206
   164.15    46.10   194.93    -0.00     0.00    -0.00   0.020  207
   163.18    46.10   194.93    -0.00     0.00    -0.00   0.021  208
   161.22    46.10   193.91    -0.00     0.00    -0.00   0.020  209
   162.20    47.08   194.93    -0.00     0.00    -0.00   0.021  210
   163.18    48.06   195.94    -0.00     0.00    -0.00   0.020  211
   162.20    46.10   193.91    -0.00     0.00     0.00   0.021  212
   162.20    46.10   194.93    -0.00    -0.00    -0.00   0.020  213
   163.18    46.10   195.94    -0.00     0.00    -0.00   0.021  214
   163.18    45.12   194.93    -0.00     0.00    -0.00   0.020  215
   164.15    46.10   196.96    -0.00     0.00    -0.00   0.020  216
   162.20    47.08   194.93    -0.00     0.00     0.00   0.021  217
   161.22    46.10   193.91    -0.00     0.00    -0.00   0.020  218
   163.18    47.08   195.94    -0.00     0.00     0.00   0.021  219
   161.22    48.06   193.91    -0.00     0.00    -0.00   0.020  220
   162.20    46.10   193.91    -0.00     0.00    -0.00   0.021  221
   163.18    46.10   194.93    -0.00     0.00     0.00   0.020  222
   163.18    47.08   193.91    -0.00     0.00     0.00   0.021  223
   162.20    46.10   194.93    -0.00     0.00     0.00   0.020  224
   165.13    45.12   195.94    -0.00     0.00    -0.00   0.021  225
   164.15    47.08   193.91    -0.00     0.00    -0.00   0.020  226
   162.20    46.10   194.93    -0.00     0.00    -0.00   0.021  227
   163.18    47.08   195.94    -0.00     0.00    -0.00   0.020  228
   163.18    47.08   194.93    -0.00     0.00     0.00   0.021  229
   162.20    46.10   194.93    -0.00     0.00    -0.00   0.020  230
   162.20    47.08   194.93    -0.00     0.00    -0.00   0.021  231
   163.18    47.08   195.94    -0.00     0.00    -0.00   0.020  232
   162.20    47.08   194.93    -0.00     0.00    -0.00   0.021  233
   163.18    46.10   195.94    -0.00     0.00    -0.00   0.020  234
   163.18    47.08   195.94    -0.00     0.00    -0.00   0.021  235
   161.22    47.08   194.93    -0.00     0.00    -0.00   0.020  236
   163.18    47.08   195.94    -0.00     0.00    -0.00   0.021  237
   163.18    46.10   194.93    -0.00     0.00     0.00   0.020  238
   162.20    45.12   195.94    -0.00     0.00    -0.00   0.021  239
   163.18    46.10   195.94    -0.00     0.00     0.00   0.020  240
   163.18    45.12   195.94    -0.00     0.00    -0.00   0.020  241
   163.18    47.08   194.93    -0.00     0.00    -0.00   0.021  242
   163.18    47.08   195.94    -0.00     0.00    -0.00   0.020  243
   162.20    46.10   192.89    -0.00     0.00     0.00   0.021  244
   162.20    47.08   193.91    -0.00     0.00     0.00   0.020  245
   164.15    48.06   194.93    -0.00     0.00     0.00   0.021  246
   164.15    46.10   193.91    -0.00     0.00    -0.00   0.020  247
   162.20    46.10   195.94    -0.00     0.00     0.00   0.021  248
   163.18    47.08   192.89    -0.00     0.00     0.00   0.020  249
   163.18    47.08   193.91    -0.00     0.00     0.00   0.021  250
   162.20    46.10   193.91    -0.00     0.00     0.00   0.020  251
   162.20    47.08   193.91    -0.00     0.00    -0.00   0.021  252
   163.18    47.08   195.94    -0.00     0.00     0.00   0.020  253
   162.20    47.08   194.93    -0.00     0.00     0.00   0.021  254
   163.18    47.08   194.93    -0.00     0.00     0.00   0.020  255
   163.18    47.08   194.93    -0.00     0.00     0.00   0.021    0
   163.18    46.10   194.93    -0.00     0.00    -0.00   0.020    1
   162.20    47.08   195.94    -0.00     0.00     0.00   0.021    2
   163.18    46.10   195.94    -0.00     0.00     0.00   0.020    3
   163.18    46.10   193.91    -0.00     0.00    -0.00   0.021    4
   163.18    45.12   194.93    -0.00     0.00    -0.00   0.020    5
   163.18    47.08   193.91    -0.00     0.00    -0.00   0.021    6
   162.20    48.06   194.93    -0.00     0.00    -0.00   0.020    7
   161.22    47.08   193.91    -0.00     0.00     0.00   0.021    8
   164.15    47.08   194.93    -0.00     0.00    -0.00   0.020    9
   163.18    47.08   194.93    -0.00     0.00    -0.00   0.020   10
   161.22    46.10   193.91    -0.00     0.00     0.00   0.021   11
   164.15    46.10   195.94    -0.00     0.00    -0.00   0.020   12
   163.18    47.08   193.91    -0.00     0.00    -0.00   0.021   13
   163.18    46.10   193.91    -0.00     0.00    -0.00   0.020   14
   164.15    47.08   194.93    -0.00     0.00    -0.00   0.021   15
   163.18    47.08   194.93    -0.00     0.00     0.00   0.020   16
   163.18    45.12   194.93    -0.00     0.00    -0.00   0.021   17
   164.15    46.10   195.94    -0.00     0.00     0.00   0.020   18
   161.22    47.08   195.94    -0.00     0.00    -0.00   0.021   19
   162.20    46.10   194.93    -0.00     0.00    -0.00   0.020   20
   163.18    46.10   193.91    -0.00     0.00    -0.00   0.021   21
   161.22    46.10   194.93    -0.00     0.00     0.00   0.020   22
   162.20    46.10   195.94    -0.00     0.00    -0.00   0.021   23
   164.15    47.08   196.96    -0.00     0.00     0.00   0.020   24
   161.22    46.10   194.93    -0.00     0.00     0.00   0.021   25
   162.20    47.08   192.89    -0.00     0.00     0.00   0.020   26
   165.13    45.12   195.94    -0.00     0.00     0.00   0.021   27
   163.18    47.08   194.93    -0.00     0.00     0.00   0.020   28
   163.18    45.12   193.91    -0.00     0.00    -0.00   0.021   29
   164.15    47.08   195.94    -0.00     0.00    -0.00   0.020   30
   162.20    46.10   194.93    -0.00     0.00    -0.00   0.021   31
   162.20    46.10   194.93    -0.00     0.00     0.00   0.020   32
   162.20    47.08   194.93    -0.00     0.00    -0.00   0.021   33
   163.18    47.08   194.93    -0.00     0.00    -0.00   0.020   34
   162.20    47.08   196.96    -0.00     0.00    -0.00   0.020   35
   163.18    46.10   195.94    -0.00     0.00    -0.00   0.021   36
   162.20    48.06   194.93    -0.00     0.00    -0.00   0.020   37
   161.22    47.08   195.94    -0.00     0.00     0.00   0.021   38
   165.13    47.08   197.98    -0.00     0.00    -0.00   0.020   39
   162.20    46.10   194.93    -0.00     0.00    -0.00   0.021   40
   163.18    46.10   193.91    -0.00     0.00     0.00   0.020   41
   163.18    47.08   194.93    -0.00     0.00    -0.00   0.021   42
   163.18    46.10   194.93    -0.00     0.00    -0.00   0.020   43
   162.20    46.10   193.91    -0.00     0.00     0.00   0.021   44
   163.18    48.06   194.93    -0.00     0.00     0.00   0.020   45
   163.18    46.10   194.93    -0.00     0.00    -0.00   0.021   46
   163.18    45.12   194.93    -0.00     0.00    -0.00   0.020   47
   163.18    47.08   195.94    -0.00     0.00    -0.00   0.021   48
   163.18    47.08   193.91    -0.00     0.00    -0.00   0.020   49
   162.20    46.10   194.93    -0.00     0.00    -0.00   0.021   50
   163.18    47.08   194.93    -0.00     0.00    -0.00   0.020   51
   162.20    47.08   194.93    -0.00     0.00    -0.00   0.021   52
   166.11    46.10   196.96    -0.00     0.00    -0.00   0.020   53
   162.20    47.08   194.93    -0.00     0.00    -0.00   0.021   54
   161.22    46.10   194.93    -0.00     0.00     0.00   0.020   55
   162.20    46.10   194.93    -0.00     0.00    -0.00   0.021   56
   164.15    47.08   194.93    -0.00     0.00     0.00   0.020   57
   162.20    46.10   194.93    -0.00     0.00    -0.00   0.021   58
   162.20    46.10   194.93    -0.00     0.00    -0.00   0.020   59
   164.15    48.06   196.96    -0.00     0.00    -0.00   0.020   60
   162.20    47.08   193.91    -0.00     0.00    -0.00   0.021   61
   162.20    46.10   192.89    -0.00     0.00    -0.00   0.020   62
   162.20    47.08   194.93    -0.00     0.00    -0.00   0.021   63
   162.20    46.10   194.93    -0.00     0.00     0.00   0.020   64
   163.18    47.08   194.93    -0.00     0.00     0.00   0.021   65
   164.15    47.08   196.96    -0.00     0.00     0.00   0.020   66
   162.20    48.06   195.94    -0.00     0.00     0.00   0.021   67
   162.20    46.10   194.93    -0.00     0.00     0.00   0.020   68
   163.18    45.12   193.91    -0.00     0.00     0.00   0.021   69
   163.18    46.10   193.91    -0.00     0.00     0.00   0.020   70
   164.15    46.10   194.93    -0.00     0.00     0.00   0.021   71
   164.15    47.08   194.93    -0.00     0.00     0.00   0.020   72
   162.20    45.12   195.94    -0.00     0.00    -0.00   0.021   73
   163.18    47.08   197.98    -0.00     0.00    -0.00   0.020   74
   164.15    47.08   194.93    -0.00     0.00    -0.00   0.021   75
   161.22    46.10   193.91    -0.00     0.00    -0.00   0.020   76
   162.20    48.06   193.91    -0.00     0.00    -0.00   0.021   77
   164.15    48.06   195.94    -0.00     0.00    -0.00   0.020   78
   163.18    47.08   193.91    -0.00     0.00     0.00   0.021   79
   162.20    46.10   195.94    -0.00     0.00     0.00   0.020   80
   164.15    46.10   194.93    -0.00     0.00    -0.00   0.021   81
   163.18    46.10   195.94    -0.00     0.00     0.00   0.020   82
   162.20    44.14   195.94    -0.00     0.00     0.00   0.021   83
   163.18    46.10   194.93    -0.00     0.00     0.00   0.020   84
   162.20    45.12   193.91    -0.00     0.00     0.00   0.020   85
   162.20    46.10   194.93    -0.00     0.00     0.00   0.021   86
   163.18    46.10   195.94    -0.00     0.00    -0.00   0.020   87
   162.20    46.10   192.89    -0.00     0.00    -0.00   0.021   88
   163.18    46.10   194.93    -0.00     0.00    -0.00   0.020   89
   165.13    47.08   194.93    -0.00     0.00    -0.00   0.021   90
   163.18    46.10   194.93    -0.00     0.00    -0.00   0.020   91
   162.20    46.10   195.94    -0.00     0.00    -0.00   0.021   92
   162.20    47.08   194.93    -0.00     0.00    -0.00   0.020   93
   163.18    46.10   194.93    -0.00     0.00    -0.00   0.021   94
   164.15    46.10   194.93    -0.00     0.00    -0.00   0.020   95
   162.20    47.08   194.93    -0.00     0.00    -0.00   0.021   96
   163.18    46.10   192.89    -0.00     0.00    -0.00   0.020   97
   163.18    47.08   194.93    -0.00     0.00     0.00   0.021   98
   162.20    47.08   195.94    -0.00     0.00    -0.00   0.020   99
   163.18    47.08   195.94    -0.00     0.00    -0.00   0.021  100
   163.18    44.14   193.91    -0.00     0.00     0.00   0.020  101
   162.20    46.10   195.94    -0.00     0.00    -0.00   0.021  102
   162.20    46.10   196.96    -0.00     0.00    -0.00   0.020  103
   162.20    46.10   195.94    -0.00     0.00     0.00   0.021  104
   163.18    46.10   194.93    -0.00     0.00    -0.00   0.020  105
   164.15    46.10   193.91    -0.00     0.00     0.00   0.021  106
   163.18    46.10   193.91    -0.00     0.00    -0.00   0.020  107
   163.18    47.08   196.96    -0.00     0.00    -0.00   0.021  108
   163.18    48.06   194.93    -0.00     0.00     0.00   0.020  109
   162.20    47.08   195.94    -0.00     0.00     0.00   0.020  110
   163.18    47.08   196.96    -0.00     0.00    -0.00   0.021  111
   164.15    46.10   194.93    -0.00     0.00    -0.00   0.020  112
   162.20    45.12   195.94    -0.00     0.00    -0.00   0.021  113
   163.18    46.10   193.91    -0.00     0.00     0.00   0.020  114
   164.15    46.10   193.91    -0.00     0.00    -0.00   0.021  115
   163.18    46.10   193.91    -0.00     0.00    -0.00   0.020  116
   163.18    47.08   194.93    -0.00     0.00    -0.00   0.021  117
   162.20    47.08   196.96    -0.00     0.00    -0.00   0.020  118
   163.18    46.10   194.93    -0.00     0.00     0.00   0.021  119
   164.15    47.08   196.96    -0.00     0.00     0.00   0.020  120
   163.18    46.10   193.91    -0.00     0.00    -0.00   0.021  121
   163.18    46.10   195.94    -0.00     0.00     0.00   0.020  122
   162.20    48.06   195.94    -0.00     0.00    -0.00   0.021  123
   162.20    46.10   194.93    -0.00     0.00    -0.00   0.020  124
   164.15    45.12   196.96    -0.00     0.00     0.00   0.021  125
   163.18    46.10   195.94    -0.00     0.00    -0.00   0.020  126
   162.20    46.10   193.91    -0.00     0.00    -0.00   0.021  127
   163.18    47.08   193.91    -0.00     0.00    -0.00   0.020  128
   163.18    45.12   194.93    -0.00     0.00    -0.00   0.021  129
   162.20    47.08   194.93    -0.00     0.00    -0.00   0.020  130
   162.20    45.12   195.94    -0.00     0.00     0.00   0.021  131
   162.20    48.06   195.94    -0.00     0.00    -0.00   0.020  132
   162.20    46.10   193.91    -0.00     0.00     0.00   0.021  133
   162.20    44.14   194.93    -0.00     0.00     0.00   0.020  134
   163.18    47.08   194.93    -0.00     0.00    -0.00   0.020  135
   162.20    47.08   193.91    -0.00     0.00    -0.00   0.021  136
   162.20    47.08   194.93    -0.00     0.00     0.00   0.020  137
   164.15    45.12   195.94    -0.00     0.00    -0.00   0.021  138
   161.22    46.10   195.94    -0.00     0.00     0.00   0.020  139
   164.15    46.10   194.93    -0.00     0.00    -0.00   0.021  140
   165.13    47.08   195.94    -0.00     0.00    -0.00   0.020  141
   163.18    45.12   194.93    -0.00     0.00    -0.00   0.021  142
   163.18    46.10   193.91    -0.00     0.00     0.00   0.020  143
   163.18    47.08   194.93    -0.00     0.00    -0.00   0.021  144
   163.18    45.12   193.91    -0.00     0.00    -0.00   0.020  145
   163.18    46.10   194.93    -0.00     0.00    -0.00   0.021  146
   163.18    45.12   195.94    -0.00     0.00    -0.00   0.020  147
   163.18    45.12   194.93    -0.00     0.00     0.00   0.021  148
   162.20    46.10   194.93    -0.00     0.00    -0.00   0.020  149
   163.18    47.08   195.94    -0.00     0.00    -0.00   0.021  150
   163.18    47.08   194.93    -0.00     0.00    -0.00   0.020  151
   161.22    46.10   193.91    -0.00     0.00    -0.00   0.021  152
   163.18    47.08   195.94    -0.00     0.00     0.00   0.020  153
   163.18    46.10   193.91    -0.00     0.00     0.00   0.021  154
   162.20    46.10   194.93    -0.00     0.00     0.00   0.020  155
   162.20    46.10   195.94    -0.00     0.00     0.00   0.021  156
   162.20    46.10   193.91    -0.00     0.00     0.00   0.020  157
   162.20    46.10   194.93    -0.00     0.00    -0.00   0.021  158
   163.18    46.10   195.94    -0.00     0.00     0.00   0.020  159
   163.18    46.10   193.91    -0.00     0.00    -0.00   0.020  160
   162.20    46.10   194.93    -0.00     0.00    -0.00   0.021  161
   163.18    46.10   196.96    -0.00     0.00     0.00   0.020  162
   163.18    46.10   193.91    -0.00     0.00    -0.00   0.021  163
   162.20    47.08   195.94    -0.00     0.00    -0.00   0.020  164
   164.15    46.10   194.93    -0.00     0.00    -0.00   0.021  165
   162.20    46.10   194.93    -0.00     0.00    -0.00   0.020  166
   162.20    47.08   194.93    -0.00     0.00     0.00   0.021  167
   164.15    46.10   194.93    -0.00     0.00    -0.00   0.020  168
   161.22    45.12   194.93    -0.00     0.00    -0.00   0.021  169
   163.18    46.10   194.93    -0.00     0.00    -0.00   0.020  170
   162.20    45.12   193.91    -0.00     0.00     0.00   0.021  171
   163.18    45.12   193.91    -0.00     0.00    -0.00   0.020  172
   163.18    47.08   195.94    -0.00     0.00     0.00   0.021  173
   162.20    46.10   195.94    -0.00     0.00     0.00   0.020  174
   162.20    46.10   195.94    -0.00     0.00     0.00   0.021  175
   164.15    48.06   195.94    -0.00     0.00     0.00   0.020  176
   163.18    47.08   194.93    -0.00     0.00    -0.00   0.021  177
   162.20    46.10   193.91    -0.00     0.00     0.00   0.020  178
   162.20    46.10   195.94    -0.00     0.00    -0.00   0.021  179
   162.20    47.08   195.94    -0.00     0.00    -0.00   0.020  180
   164.15    46.10   194.93    -0.00     0.00     0.00   0.021  181
   163.18    47.08   195.94    -0.00     0.00    -0.00   0.020  182
   163.18    45.12   195.94    -0.00     0.00     0.00   0.021  183
   162.20    46.10   194.93    -0.00     0.00     0.00   0.020  184
   163.18    47.08   196.96    -0.00     0.00    -0.00   0.020  185
   162.20    45.12   195.94    -0.00     0.00     0.00   0.021  186
   162.20    46.10   194.93    -0.00     0.00    -0.00   0.020  187
   163.18    46.10   195.94    -0.00     0.00    -0.00   0.021  188
   163.18    45.12   194.93    -0.00     0.00    -0.00   0.020  189
   163.18    45.12   194.93    -0.00     0.00    -0.00   0.021  190
   162.20    47.08   194.93    -0.00     0.00     0.00   0.020  191
   160.24    47.08   193.91    -0.00     0.00    -0.00   0.021  192
   162.20    46.10   193.91    -0.00     0.00     0.00   0.020  193
   163.18    47.08   194.93     0.00     0.00    -0.00   0.021  194
   162.20    47.08   193.91    -0.00     0.00    -0.00   0.020  195
   163.18    46.10   194.93    -0.00     0.00     0.00   0.021  196
   164.15    47.08   193.91    -0.00     0.00    -0.00   0.020  197
   163.18    46.10   193.91    -0.00     0.00     0.00   0.021  198
   162.20    45.12   194.93    -0.00     0.00    -0.00   0.020  199
   165.13    45.12   195.94    -0.00     0.00    -0.00   0.021  200
   162.20    44.14   194.93    -0.00     0.00     0.00   0.020  201
   162.20    45.12   194.93    -0.00     0.00    -0.00   0.021  202
   163.18    46.10   194.93    -0.00     0.00     0.00   0.020  203
   163.18    45.12   195.94    -0.00     0.00    -0.00   0.021  204
   164.15    46.10   194.93    -0.00     0.00    -0.00   0.020  205
   162.20    46.10   196.96    -0.00     0.00    -0.00   0.021  206
   162.20    47.08   193.91    -0.00     0.00    -0.00   0.020  207
   162.20    48.06   195.94    -0.00     0.00    -0.00   0.021  208
   163.18    47.08   193.91    -0.00     0.00     0.00   0.020  209
   162.20    45.12   195.94    -0.00     0.00    -0.00   0.020  210
   163.18    46.10   195.94    -0.00     0.00    -0.00   0.021  211
   162.20    46.10   194.93    -0.00     0.00    -0.00   0.020  212
   161.22    47.08   193.91    -0.00     0.00    -0.00   0.021  213
   162.20    45.12   195.94    -0.00     0.00    -0.00   0.020  214
   162.20    46.10   195.94    -0.00     0.00    -0.00   0.021  215
   162.20    45.12   193.91    -0.00     0.00     0.00   0.020  216
   164.15    47.08   196.96    -0.00     0.00    -0.00   0.021  217
   163.18    46.10   195.94    -0.00     0.00    -0.00   0.020  218
   162.20    46.10   194.93    -0.00     0.00     0.00   0.021  219
   164.15    48.06   195.94    -0.00     0.00    -0.00   0.020  220
   163.18    47.08   195.94    -0.00     0.00    -0.00   0.021  221
   162.20    46.10   193.91    -0.00     0.00    -0.00   0.020  222
   164.15    45.12   193.91    -0.00     0.00    -0.00   0.021  223
   162.20    46.10   194.93    -0.00     0.00    -0.00   0.020  224
   163.18    46.10   194.93    -0.00     0.00     0.00   0.021  225
   162.20    47.08   195.94    -0.00     0.00    -0.00   0.020  226
   162.20    47.08   193.91    -0.00     0.00    -0.00   0.021  227
   163.18    45.12   193.91    -0.00     0.00     0.00   0.020  228
   164.15    47.08   195.94    -0.00     0.00     0.00   0.021  229
   162.20    46.10   195.94    -0.00     0.00    -0.00   0.020  230
   162.20    46.10   194.93    -0.00     0.00    -0.00   0.021  231
   161.22    47.08   193.91    -0.00     0.00    -0.00   0.020  232
   162.20    46.10   193.91    -0.00     0.00     0.00   0.021  233
   163.18    47.08   196.96    -0.00     0.00    -0.00   0.020  234
   163.18    46.10   193.91    -0.00     0.00    -0.00   0.020  235
   162.20    44.14   194.93    -0.00     0.00     0.00   0.021  236
   162.20    46.10   195.94    -0.00     0.00     0.00   0.020  237
   163.18    46.10   195.94    -0.00     0.00     0.00   0.021  238
   162.20    47.08   194.93    -0.00     0.00     0.00   0.020  239
   163.18    47.08   195.94    -0.00     0.00    -0.00   0.021  240
   162.20    46.10   193.91    -0.00     0.00    -0.00   0.020  241
   163.18    45.12   194.93    -0.00     0.00    -0.00   0.021  242
   164.15    46.10   194.93    -0.00     0.00     0.00   0.020  243
   161.22    46.10   194.93    -0.00     0.00     0.00   0.021  244
   162.20    44.14   194.93    -0.00     0.00    -0.00   0.020  245
   162.20    47.08   195.94    -0.00     0.00    -0.00   0.021  246
   162.20    46.10   195.94    -0.00     0.00    -0.00   0.020  247
   164.15    45.12   196.96    -0.00     0.00    -0.00   0.021  248
   162.20    47.08   194.93    -0.00     0.00     0.00   0.020  249
   161.22    45.12   193.91    -0.00     0.00    -0.00   0.021  250
   162.20    47.08   194.93    -0.00     0.00    -0.00   0.020  251
   163.18    46.10   194.93    -0.00     0.00    -0.00   0.021  252
   162.20    47.08   195.94    -0.00     0.00    -0.00   0.020  253
   163.18    47.08   194.93    -0.00     0.00    -0.00   0.021  254
   164.15    47.08   194.93    -0.00     0.00    -0.00   0.020  255
   163.18    44.14   194.93    -0.00     0.00    -0.00   0.021    0
   164.15    45.12   195.94    -0.00     0.00    -0.00   0.020    1
   162.20    45.12   194.93    -0.00     0.00    -0.00   0.021    2
   161.22    44.14   192.89    -0.00     0.00    -0.00   0.020    3
   163.18    46.10   194.93    -0.00     0.00    -0.00   0.020    4
   162.20    46.10   194.93    -0.00     0.00    -0.00   0.021    5
   162.20    47.08   195.94    -0.00     0.00     0.00   0.020    6
   163.18    47.08   195.94    -0.00     0.00    -0.00   0.021    7
   162.20    45.12   192.89    -0.00     0.00    -0.00   0.020    8
   163.18    46.10   195.94    -0.00     0.00    -0.00   0.021    9
   162.20    47.08   194.93    -0.00    -0.00    -0.00   0.020   10
   163.18    46.10   194.93    -0.00     0.00    -0.00   0.021   11
   162.20    45.12   194.93    -0.00     0.00    -0.00   0.020   12
   163.18    47.08   195.94    -0.00     0.00    -0.00   0.021   13
   163.18    46.10   194.93    -0.00     0.00    -0.00   0.020   14
   161.22    46.10   196.96    -0.00     0.00    -0.00   0.021   15
   162.20    47.08   194.93    -0.00     0.00    -0.00   0.020   16
   161.22    45.12   193.91    -0.00     0.00     0.00   0.021   17
   164.15    46.10   194.93    -0.00     0.00    -0.00   0.020   18
   163.18    46.10   194.93    -0.00     0.00     0.00   0.021   19
   162.20    46.10   195.94    -0.00     0.00     0.00   0.020   20
   162.20    47.08   195.94    -0.00     0.00     0.00   0.021   21
   164.15    47.08   195.94    -0.00     0.00    -0.00   0.020   22
   162.20    47.08   194.93    -0.00     0.00    -0.00   0.021   23
   162.20    46.10   195.94    -0.00     0.00     0.00   0.020   24
   164.15    46.10   194.93    -0.00     0.00    -0.00   0.021   25
   163.18    46.10   194.93    -0.00     0.00    -0.00   0.020   26
   164.15    47.08   194.93    -0.00     0.00    -0.00   0.021   27
   162.20    47.08   194.93    -0.00     0.00     0.00   0.020   28
   161.22    46.10   195.94    -0.00     0.00     0.00   0.020   29
   163.18    46.10   194.93    -0.00     0.00     0.00   0.021   30
   162.20    46.10   194.93    -0.00     0.00    -0.00   0.020   31
   163.18    47.08   194.93    -0.00     0.00     0.00   0.021   32
   163.18    47.08   196.96    -0.00     0.00     0.00   0.020   33
   163.18    47.08   195.94    -0.00     0.00    -0.00   0.021   34
   164.15    46.10   195.94    -0.00     0.00     0.00   0.020   35
   163.18    47.08   194.93    -0.00     0.00     0.00   0.021   36
   163.18    47.08   195.94    -0.00     0.00     0.00   0.020   37
   162.20    47.08   194.93    -0.00     0.00     0.00   0.021   38
   163.18    46.10   194.93    -0.00     0.00     0.00   0.020   39
   163.18    46.10   193.91    -0.00     0.00    -0.00   0.021   40
   164.15    47.08   195.94    -0.00     0.00    -0.00   0.020   41
   162.20    46.10   194.93    -0.00     0.00     0.00   0.021   42
   162.20    44.14   194.93    -0.00     0.00    -0.00   0.020   43
   163.18    46.10   195.94    -0.00     0.00    -0.00   0.021   44
   162.20    46.10   194.93    -0.00     0.00     0.00   0.020   45
   163.18    45.12   193.91    -0.00     0.00    -0.00   0.021   46
   161.22    46.10   195.94    -0.00     0.00     0.00   0.020   47
   164.15    46.10   194.93    -0.00     0.00    -0.00   0.021   48
   163.18    47.08   194.93    -0.00     0.00    -0.00   0.020   49
   163.18    47.08   195.94    -0.00     0.00     0.00   0.021   50
   161.22    46.10   194.93    -0.00     0.00     0.00   0.020   51
   162.20    45.12   194.93    -0.00     0.00     0.00   0.021   52
   162.20    47.08   193.91    -0.00     0.00    -0.00   0.020   53
   162.20    45.12   193.91    -0.00     0.00     0.00   0.020   54
   162.20    47.08   195.94    -0.00     0.00     0.00   0.021   55
   163.18    46.10   194.93     0.00     0.00    -0.00   0.020   56
   161.22    46.10   194.93    -0.00     0.00    -0.00   0.021   57
   162.20    46.10   194.93    -0.00     0.00    -0.00   0.020   58
   163.18    46.10   195.94    -0.00     0.00    -0.00   0.021   59
   163.18    45.12   195.94    -0.00     0.00    -0.00   0.020   60
   163.18    45.12   194.93    -0.00     0.00     0.00   0.021   61
   164.15    46.10   194.93    -0.00     0.00    -0.00   0.020   62
   161.22    47.08   194.93    -0.00     0.00     0.00   0.021   63
   162.20    48.06   195.94    -0.00     0.00    -0.00   0.020   64
   164.15    46.10   195.94    -0.00     0.00    -0.00   0.021   65
   162.20    45.12   192.89    -0.00     0.00     0.00   0.020   66
   162.20    47.08   193.91    -0.00     0.00    -0.00   0.021   67
   163.18    46.10   194.93    -0.00     0.00    -0.00   0.020   68
   163.18    46.10   194.93    -0.00     0.00    -0.00   0.021   69
   162.20    46.10   195.94    -0.00     0.00    -0.00   0.020   70
   164.15    47.08   193.91    -0.00     0.00    -0.00   0.021   71
   162.20    46.10   195.94    -0.00     0.00    -0.00   0.020   72
   163.18    46.10   195.94    -0.00     0.00    -0.00   0.021   73
   163.18    46.10   193.91    -0.00     0.00    -0.00   0.020   74
   162.20    46.10   196.96    -0.00     0.00    -0.00   0.021   75
   163.18    45.12   194.93    -0.00     0.00    -0.00   0.020   76
   163.18    46.10   195.94    -0.00     0.00    -0.00   0.021   77
   162.20    46.10   193.91    -0.00     0.00     0.00   0.020   78
   163.18    46.10   192.89    -0.00     0.00    -0.00   0.020   79
   161.22    45.12   192.89    -0.00     0.00     0.00   0.021   80
   162.20    46.10   193.91    -0.00     0.00     0.00   0.020   81
   163.18    46.10   196.96    -0.00     0.00     0.00   0.021   82
   162.20    46.10   195.94    -0.00     0.00    -0.00   0.020   83
   162.20    46.10   192.89    -0.00     0.00     0.00   0.021   84
   163.18    47.08   194.93    -0.00     0.00    -0.00   0.020   85
   164.15    47.08   193.91    -0.00     0.00    -0.00   0.021   86
   161.22    45.12   193.91    -0.00     0.00    -0.00   0.020   87
   162.20    46.10   195.94    -0.00     0.00    -0.00   0.021   88
   162.20    46.10   193.91    -0.00     0.00    -0.00   0.020   89
   162.20    45.12   194.93    -0.00     0.00     0.00   0.021   90
   163.18    46.10   194.93    -0.00     0.00     0.00   0.020   91
   163.18    45.12   194.93    -0.00     0.00    -0.00   0.021   92
   162.20    46.10   195.94    -0.00     0.00     0.00   0.020   93
   163.18    47.08   194.93    -0.00     0.00     0.00   0.021   94
   162.20    46.10   194.93    -0.00     0.00    -0.00   0.020   95
   163.18    46.10   194.93    -0.00     0.00    -0.00   0.021   96
   162.20    46.10   194.93    -0.00     0.00    -0.00   0.020   97
   161.22    46.10   194.93    -0.00     0.00     0.00   0.021   98
   163.18    47.08   194.93    -0.00     0.00     0.00   0.020   99
   162.20    46.10   194.93    -0.00     0.00     0.00   0.021  100
   162.20    46.10   194.93    -0.00     0.00     0.00   0.020  101
   163.18    46.10   194.93    -0.00     0.00    -0.00   0.021  102
   161.22    46.10   193.91    -0.00     0.00    -0.00   0.020  103
   163.18    46.10   193.91    -0.00     0.00     0.00   0.020  104
   163.18    46.10   196.96    -0.00     0.00     0.00   0.021  105
   162.20    46.10   193.91    -0.00     0.00     0.00   0.020  106
   162.20    46.10   194.93    -0.00     0.00     0.00   0.021  107
   163.18    47.08   194.93    -0.00     0.00    -0.00   0.020  108
   163.18    45.12   193.91    -0.00     0.00    -0.00   0.021  109
   162.20    45.12   194.93    -0.00     0.00    -0.00   0.020  110
   164.15    45.12   195.94    -0.00     0.00    -0.00   0.021  111
   163.18    46.10   193.91    -0.00     0.00    -0.00   0.020  112
   163.18    46.10   195.94    -0.00     0.00     0.00   0.021  113
   163.18    47.08   195.94    -0.00     0.00    -0.00   0.020  114
   161.22    47.08   193.91    -0.00     0.00    -0.00   0.021  115
   164.15    46.10   193.91    -0.00     0.00     0.00   0.020  116
   162.20    47.08   195.94    -0.00     0.00    -0.00   0.021  117
   162.20    47.08   193.91    -0.00     0.00    -0.00   0.020  118
   163.18    46.10   195.94    -0.00     0.00    -0.00   0.021  119
   161.22    48.06   194.93    -0.00     0.00     0.00   0.020  120
   161.22    46.10   194.93    -0.00     0.00     0.00   0.021  121
   162.20    48.06   196.96    -0.00     0.00    -0.00   0.020  122
   162.20    46.10   192.89    -0.00     0.00    -0.00   0.021  123
   162.20    45.12   193.91    -0.00     0.00    -0.00   0.020  124
   162.20    47.08   195.94    -0.00     0.00    -0.00   0.021  125
   162.20    46.10   194.93    -0.00     0.00    -0.00   0.020  126
   162.20    46.10   194.93    -0.00     0.00     0.00   0.021  127
   162.20    47.08   195.94    -0.00     0.00    -0.00   0.020  128
   162.20    45.12   193.91    -0.00     0.00     0.00   0.020  129
   161.22    46.10   194.93    -0.00     0.00    -0.00   0.021  130
   163.18    48.06   195.94    -0.00     0.00    -0.00   0.020  131
   162.20    47.08   194.93    -0.00     0.00    -0.00   0.021  132
   161.22    45.12   194.93    -0.00     0.00     0.00   0.020  133
   163.18    46.10   194.93    -0.00     0.00    -0.00   0.021  134
   162.20    47.08   194.93    -0.00     0.00    -0.00   0.020  135
   162.20    46.10   193.91    -0.00     0.00    -0.00   0.021  136
   163.18    46.10   194.93    -0.00     0.00    -0.00   0.020  137
   163.18    46.10   195.94    -0.00     0.00     0.00   0.021  138
   162.20    46.10   194.93    -0.00     0.00    -0.00   0.020  139
   163.18    45.12   195.94    -0.00     0.00     0.00   0.021  140
   162.20    47.08   194.93    -0.00     0.00     0.00   0.020  141
   162.20    44.14   194.93    -0.00     0.00     0.00   0.021  142
   163.18    46.10   195.94    -0.00     0.00    -0.00   0.020  143
   163.18    46.10   193.91    -0.00     0.00    -0.00   0.021  144
   162.20    45.12   192.89    -0.00     0.00    -0.00   0.020  145
   163.18    45.12   194.93    -0.00     0.00     0.00   0.021  146
   162.20    46.10   193.91    -0.00     0.00    -0.00   0.020  147
   162.20    46.10   195.94    -0.00     0.00    -0.00   0.021  148
   162.20    44.14   194.93    -0.00     0.00     0.00   0.020  149
   162.20    46.10   192.89    -0.00     0.00    -0.00   0.021  150
   162.20    46.10   193.91    -0.00     0.00     0.00   0.020  151
   162.20    46.10   194.93    -0.00     0.00    -0.00   0.021  152
   163.18    46.10   195.94    -0.00     0.00     0.00   0.020  153
   162.20    45.12   194.93    -0.00     0.00     0.00   0.020  154
   162.20    46.10   194.93    -0.00     0.00     0.00   0.021  155
   163.18    47.08   195.94    -0.00     0.00     0.00   0.020  156
   161.22    47.08   194.93    -0.00     0.00     0.00   0.021  157
   161.22    46.10   194.93    -0.00     0.00    -0.00   0.020  158
   164.15    46.10   194.93    -0.00     0.00     0.00   0.021  159
   161.22    46.10   194.93    -0.00     0.00     0.00   0.020  160
   162.20    45.12   194.93    -0.00     0.00     0.00   0.021  161
   162.20    45.12   194.93    -0.00     0.00    -0.00   0.020  162
   162.20    45.12   192.89    -0.00     0.00    -0.00   0.021  163
   162.20    47.08   194.93    -0.00     0.00    -0.00   0.020  164
   164.15    47.08   194.93    -0.00     0.00    -0.00   0.021  165
   162.20    46.10   193.91    -0.00     0.00    -0.00   0.020  166
   162.20    47.08   193.91    -0.00     0.00    -0.00   0.021  167
   162.20    47.08   194.93    -0.00     0.00    -0.00   0.020  168
   164.15    47.08   194.93    -0.00     0.00     0.00   0.021  169
   163.18    45.12   194.93    -0.00     0.00    -0.00   0.020  170
   162.20    46.10   195.94    -0.00     0.00     0.00   0.021  171
   162.20    46.10   193.91    -0.00     0.00     0.00   0.020  172
   163.18    47.08   195.94    -0.00     0.00     0.00   0.021  173
   162.20    46.10   195.94    -0.00     0.00     0.00   0.020  174
   161.22    46.10   193.91    -0.00     0.00    -0.00   0.021  175
   162.20    46.10   194.93    -0.00     0.00    -0.00   0.020  176
   162.20    47.08   195.94    -0.00     0.00    -0.00   0.021  177
   162.20    47.08   194.93    -0.00     0.00    -0.00   0.020  178
   161.22    45.12   194.93    -0.00     0.00    -0.00   0.020  179
   164.15    46.10   195.94    -0.00     0.00    -0.00   0.021  180
   162.20    46.10   194.93    -0.00     0.00    -0.00   0.020  181
   163.18    45.12   194.93    -0.00     0.00     0.00   0.021  182
   163.18    46.10   195.94    -0.00     0.00    -0.00   0.020  183
   162.20    46.10   193.91    -0.00     0.00    -0.00   0.021  184
   162.20    46.10   194.93    -0.00     0.00    -0.00   0.020  185
   164.15    47.08   193.91    -0.00     0.00    -0.00   0.021  186
   162.20    45.12   192.89    -0.00     0.00    -0.00   0.020  187
   162.20    46.10   194.93    -0.00     0.00    -0.00   0.021  188
   164.15    47.08   195.94    -0.00     0.00     0.00   0.020  189
   164.15    47.08   195.94    -0.00     0.00    -0.00   0.021  190
   161.22    46.10   194.93    -0.00     0.00     0.00   0.020  191
   164.15    47.08   194.93    -0.00     0.00    -0.00   0.021  192
   163.18    46.10   194.93    -0.00     0.00     0.00   0.020  193
   162.20    46.10   195.94    -0.00     0.00    -0.00   0.021  194
   162.20    47.08   194.93    -0.00     0.00    -0.00   0.020  195
   162.20    46.10   194.93    -0.00     0.00    -0.00   0.021  196
   161.22    47.08   194.93    -0.00     0.00    -0.00   0.020  197
   163.18    46.10   195.94    -0.00     0.00    -0.00   0.021  198
   162.20    46.10   195.94    -0.00     0.00    -0.00   0.020  199
   162.20    46.10   194.93    -0.00     0.00    -0.00   0.021  200
   162.20    48.06   195.94    -0.00     0.00    -0.00   0.020  201
   162.20    46.10   195.94    -0.00     0.00    -0.00   0.021  202
   161.22    46.10   194.93    -0.00     0.00    -0.00   0.020  203
   163.18    46.10   194.93    -0.00     0.00     0.00   0.020  204
   162.20    46.10   195.94    -0.00     0.00    -0.00   0.021  205
   162.20    46.10   193.91    -0.00     0.00    -0.00   0.020  206
   161.22    46.10   195.94    -0.00     0.00    -0.00   0.021  207
   162.20    46.10   194.93    -0.00     0.00     0.00   0.020  208
   162.20    45.12   194.93    -0.00     0.00    -0.00   0.021  209
   163.18    46.10   195.94    -0.00     0.00     0.00   0.020  210
   163.18    46.10   194.93    -0.00     0.00     0.00   0.021  211
   161.22    46.10   194.93    -0.00     0.00    -0.00   0.020  212
   163.18    45.12   193.91    -0.00     0.00     0.00   0.021  213
   163.18    46.10   195.94    -0.00     0.00     0.00   0.020  214
   162.20    46.10   195.94    -0.00     0.00    -0.00   0.021  215
   161.22    47.08   194.93    -0.00     0.00     0.00   0.020  216
   164.15    48.06   194.93    -0.00     0.00    -0.00   0.021  217
   162.20    45.12   195.94    -0.00     0.00    -0.00   0.020  218
   162.20    45.12   193.91    -0.00     0.00    -0.00   0.021  219
   163.18    45.12   194.93    -0.00     0.00    -0.00   0.020  220
   162.20    45.12   193.91    -0.00     0.00    -0.00   0.021  221
   162.20    45.12   194.93    -0.00     0.00    -0.00   0.020  222
   163.18    47.08   196.96    -0.00     0.00    -0.00   0.021  223
   162.20    46.10   193.91    -0.00     0.00    -0.00   0.020  224
   162.20    46.10   194.93    -0.00     0.00    -0.00   0.021  225
   164.15    46.10   195.94    -0.00     0.00    -0.00   0.020  226
   162.20    47.08   194.93    -0.00     0.00    -0.00   0.021  227
   163.18    46.10   194.93    -0.00     0.00     0.00   0.020  228
   162.20    47.08   194.93    -0.00     0.00    -0.00   0.020  229
   164.15    46.10   194.93    -0.00     0.00    -0.00   0.021  230
   163.18    43.16   195.94    -0.00     0.00    -0.00   0.020  231
   162.20    46.10   195.94    -0.00     0.00     0.00   0.021  232
   162.20    46.10   192.89    -0.00     0.00    -0.00   0.020  233
   163.18    45.12   195.94    -0.00     0.00    -0.00   0.021  234
   163.18    46.10   195.94    -0.00     0.00     0.00   0.020  235
   162.20    46.10   195.94    -0.00     0.00     0.00   0.021  236
   162.20    45.12   193.91    -0.00     0.00    -0.00   0.020  237
   163.18    46.10   196.96    -0.00     0.00    -0.00   0.021  238
   162.20    46.10   195.94    -0.00     0.00    -0.00   0.020  239
   161.22    47.08   193.91    -0.00     0.00    -0.00   0.021  240
   161.22    46.10   193.91    -0.00     0.00    -0.00   0.020  241
   161.22    47.08   193.91    -0.00     0.00     0.00   0.021  242
   162.20    46.10   194.93    -0.00     0.00    -0.00   0.020  243
   163.18    46.10   195.94    -0.00     0.00    -0.00   0.021  244
   162.20    46.10   194.93    -0.00     0.00     0.00   0.020  245
   163.18    46.10   194.93    -0.00     0.00    -0.00   0.021  246
   163.18    47.08   194.93    -0.00     0.00    -0.00   0.020  247
   163.18    46.10   194.93    -0.00     0.00    -0.00   0.021  248
   162.20    46.10   196.96    -0.00     0.00     0.00   0.020  249
   163.18    45.12   194.93    -0.00     0.00    -0.00   0.021  250
   161.22    45.12   194.93    -0.00     0.00    -0.00   0.020  251
   162.20    46.10   195.94    -0.00     0.00    -0.00   0.021  252
   164.15    46.10   196.96    -0.00     0.00     0.00   0.020  253
   161.22    46.10   193.91    -0.00     0.00    -0.00   0.020  254
   162.20    46.10   194.93    -0.00     0.00    -0.00   0.021  255
   163.18    47.08   194.93    -0.00     0.00    -0.00   0.020    0
   163.18    45.12   194.93    -0.00     0.00    -0.00   0.021    1
   163.18    47.08   194.93    -0.00     0.00     0.00   0.020    2
   163.18    47.08   195.94    -0.00     0.00     0.00   0.021    3
   162.20    45.12   196.96    -0.00     0.00    -0.00   0.020    4
   162.20    46.10   196.96    -0.00     0.00    -0.00   0.021    5
   163.18    46.10   193.91    -0.00     0.00    -0.00   0.020    6
   162.20    46.10   194.93    -0.00     0.00     0.00   0.021    7
   163.18    45.12   194.93    -0.00     0.00    -0.00   0.020    8
   162.20    46.10   194.93    -0.00     0.00    -0.00   0.021    9
   162.20    45.12   194.93    -0.00     0.00    -0.00   0.020   10
   163.18    45.12   195.94    -0.00     0.00    -0.00   0.021   11
   161.22    46.10   193.91    -0.00     0.00    -0.00   0.020   12
   162.20    46.10   194.93    -0.00     0.00    -0.00   0.021   13
   163.18    46.10   194.93    -0.00     0.00    -0.00   0.020   14
   163.18    46.10   195.94    -0.00     0.00    -0.00   0.021   15
   162.20    45.12   195.94    -0.00     0.00    -0.00   0.020   16
   163.18    46.10   195.94    -0.00     0.00    -0.00   0.021   17
   162.20    46.10   193.91    -0.00     0.00    -0.00   0.020   18
   161.22    45.12   195.94    -0.00     0.00    -0.00   0.021   19
   163.18    46.10   194.93    -0.00     0.00    -0.00   0.020   20
   161.22    46.10   193.91    -0.00     0.00    -0.00   0.021   21
   162.20    46.10   195.94    -0.00     0.00     0.00   0.020   22
   162.20    47.08   195.94    -0.00     0.00     0.00   0.020   23
   163.18    45.12   195.94    -0.00     0.00    -0.00   0.021   24
   162.20    46.10   196.96    -0.00     0.00     0.00   0.020   25
   163.18    47.08   196.96    -0.00     0.00    -0.00   0.021   26
   162.20    46.10   194.93    -0.00     0.00    -0.00   0.020   27
   162.20    45.12   195.94    -0.00     0.00    -0.00   0.021   28
   162.20    47.08   195.94    -0.00     0.00     0.00   0.020   29
   162.20    45.12   194.93    -0.00     0.00    -0.00   0.021   30
   163.18    47.08   195.94    -0.00     0.00     0.00   0.020   31
   162.20    46.10   193.91    -0.00     0.00    -0.00   0.021   32
   162.20    46.10   193.91    -0.00     0.00    -0.00   0.020   33
   162.20    46.10   196.96    -0.00     0.00     0.00   0.021   34
   162.20    46.10   193.91    -0.00     0.00    -0.00   0.020   35
   162.20    46.10   194.93    -0.00     0.00    -0.00   0.021   36
   162.20    47.08   195.94    -0.00     0.00    -0.00   0.020   37
   161.22    47.08   195.94    -0.00     0.00    -0.00   0.021   38
   162.20    45.12   194.93    -0.00     0.00    -0.00   0.020   39
   164.15    47.08   194.93    -0.00     0.00     0.00   0.021   40
   163.18    46.10   195.94    -0.00     0.00    -0.00   0.020   41
   162.20    45.12   194.93    -0.00     0.00     0.00   0.021   42
   162.20    46.10   195.94    -0.00     0.00    -0.00   0.020   43
   164.15    46.10   194.93    -0.00     0.00    -0.00   0.021   44
   162.20    46.10   194.93    -0.00     0.00     0.00   0.020   45
   163.18    47.08   195.94    -0.00     0.00    -0.00   0.021   46
   162.20    46.10   194.93    -0.00     0.00     0.00   0.020   47
   163.18    44.14   194.93    -0.00     0.00    -0.00   0.020   48
   164.15    47.08   195.94    -0.00     0.00     0.00   0.021   49
   163.18    45.12   194.93    -0.00     0.00    -0.00   0.020   50
   162.20    45.12   195.94    -0.00     0.00     0.00   0.021   51
   163.18    46.10   195.94    -0.00    -0.00    -0.00   0.020   52
   162.20    46.10   193.91    -0.00     0.00    -0.00   0.021   53
   164.15    46.10   194.93    -0.00     0.00    -0.00   0.020   54
   163.18    46.10   193.91    -0.00     0.00    -0.00   0.021   55
   162.20    44.14   194.93    -0.00     0.00    -0.00   0.020   56
   163.18    46.10   194.93    -0.00     0.00    -0.00   0.021   57
   162.20    46.10   194.93    -0.00     0.00    -0.00   0.020   58
   162.20    47.08   194.93    -0.00     0.00     0.00   0.021   59
   162.20    47.08   194.93    -0.00     0.00     0.00   0.020   60
   160.24    45.12   193.91    -0.00     0.00    -0.00   0.021   61
   161.22    45.12   194.93    -0.00     0.00     0.00   0.020   62
   163.18    47.08   195.94    -0.00     0.00    -0.00   0.021   63
   162.20    46.10   193.91    -0.00     0.00     0.00   0.020   64
   162.20    46.10   195.94    -0.00     0.00     0.00   0.021   65
   163.18    47.08   194.93    -0.00     0.00    -0.00   0.020   66
   161.22    45.12   194.93    -0.00     0.00     0.00   0.021   67
   163.18    47.08   197.98    -0.00     0.00     0.00   0.020   68
   162.20    46.10   194.93    -0.00     0.00    -0.00   0.021   69
   161.22    45.12   194.93    -0.00     0.00    -0.00   0.020   70
   162.20    46.10   194.93    -0.00     0.00    -0.00   0.021   71
   164.15    45.12   193.91    -0.00     0.00     0.00   0.020   72
   162.20    45.12   196.96    -0.00    -0.00     0.00   0.020   73
   163.18    46.10   194.93     0.00     0.00    -0.00   0.021   74
   162.20    46.10   193.91    -0.00     0.00    -0.00   0.020   75
   162.20    46.10   194.93    -0.00     0.00    -0.00   0.021   76
   162.20    48.06   194.93    -0.00     0.00     0.00   0.020   77
   162.20    46.10   194.93    -0.00     0.00    -0.00   0.021   78
   162.20    47.08   193.91    -0.00     0.00     0.00   0.020   79
   164.15    46.10   195.94    -0.00     0.00     0.00   0.021   80
   161.22    45.12   193.91    -0.00     0.00    -0.00   0.020   81
   164.15    47.08   195.94    -0.00     0.00     0.00   0.021   82
   162.20    46.10   194.93    -0.00     0.00     0.00   0.020   83
   162.20    44.14   193.91    -0.00     0.00     0.00   0.021   84
   162.20    46.10   194.93    -0.00     0.00     0.00   0.020   85
   161.22    46.10   192.89    -0.00     0.00    -0.00   0.021   86
   162.20    46.10   195.94    -0.00     0.00    -0.00   0.020   87
   164.15    47.08   193.91    -0.00     0.00    -0.00   0.021   88
   162.20    47.08   194.93    -0.00     0.00    -0.00   0.020   89
   162.20    46.10   194.93    -0.00     0.00    -0.00   0.021   90
   163.18    47.08   194.93     0.00     0.00    -0.00   0.020   91
   163.18    47.08   195.94    -0.00     0.00    -0.00   0.021   92
   162.20    46.10   196.96    -0.00     0.00     0.00   0.020   93
   163.18    46.10   193.91    -0.00     0.00     0.00   0.021   94
   162.20    46.10   194.93    -0.00     0.00    -0.00   0.020   95
   163.18    46.10   194.93    -0.00     0.00    -0.00   0.021   96
   162.20    46.10   195.94    -0.00     0.00    -0.00   0.020   97
   161.22    46.10   195.94    -0.00     0.00     0.00   0.020   98
   162.20    47.08   194.93    -0.00     0.00     0.00   0.021   99
   161.22    46.10   194.93    -0.00     0.00    -0.00   0.020  100
   162.20    47.08   193.91    -0.00    -0.00    -0.00   0.021  101
   162.20    46.10   194.93     0.00     0.00     0.00   0.020  102
   162.20    46.10   193.91    -0.00     0.00    -0.00   0.021  103
   163.18    47.08   195.94    -0.00     0.00    -0.00   0.020  104
   162.20    47.08   195.94    -0.00     0.00     0.00   0.021  105
   161.22    46.10   194.93    -0.00     0.00     0.00   0.020  106
   162.20    48.06   195.94    -0.00     0.00     0.00   0.021  107
   163.18    46.10   194.93    -0.00     0.00     0.00   0.020  108
   161.22    47.08   196.96    -0.00     0.00     0.00   0.021  109
   162.20    47.08   194.93    -0.00     0.00     0.00   0.020  110
   162.20    46.10   193.91     0.00     0.00    -0.00   0.021  111
   163.18    44.14   194.93     0.00    -0.00     0.00   0.020  112
   163.18    46.10   194.93    -0.00    -0.00     0.00   0.021  113
   161.22    46.10   193.91    -0.00     0.00     0.00   0.020  114
   162.20    46.10   194.93    -0.00     0.00     0.00   0.021  115
   162.20    47.08   195.94    -0.00     0.00     0.00   0.020  116
   162.20    46.10   194.93    -0.00     0.00     0.00   0.021  117
   162.20    45.12   194.93    -0.00     0.00     0.00   0.020  118
   163.18    47.08   195.94    -0.00     0.00     0.00   0.021  119
   162.20    47.08   194.93    -0.00     0.00     0.00   0.020  120
   163.18    46.10   193.91     0.00     0.00     0.00   0.021  121
   164.15    47.08   195.94    -0.00     0.00     0.00   0.020  122
   162.20    45.12   193.91     0.00     0.00    -0.00   0.020  123
   163.18    47.08   194.93     0.00    -0.00     0.00   0.021  124
   163.18    47.08   195.94     0.00     0.00    -0.00   0.020  125
   162.20    45.12   193.91     0.00     0.00     0.00   0.021  126
   163.18    46.10   195.94    -0.00     0.00    -0.00   0.020  127
   162.20    47.08   194.93    -0.00     0.00    -0.00   0.021  128
   163.18    47.08   194.93    -0.00     0.00    -0.00   0.020  129
   164.15    47.08   195.94    -0.00     0.00    -0.00   0.021  130
   163.18    47.08   195.94     0.00     0.00    -0.00   0.020  131
   161.22    46.10   195.94     0.00     0.00    -0.00   0.021  132
   162.20    47.08   196.96    -0.00     0.00    -0.00   0.020  133
   162.20    47.08   193.91    -0.00     0.00    -0.00   0.021  134
   162.20    46.10   192.89    -0.00     0.00    -0.00   0.020  135
   163.18    47.08   195.94    -0.00     0.00     0.00   0.021  136
   163.18    46.10   194.93    -0.01     0.00     0.00   0.020  137
   161.22    47.08   194.93    -0.01     0.00     0.00   0.021  138
   162.20    46.10   194.93    -0.01     0.00     0.00   0.020  139
   162.20    45.12   194.93    -0.01     0.00     0.00   0.021  140
   163.18    46.10   195.94    -0.01     0.00     0.00   0.020  141
   162.20    45.12   195.94    -0.00     0.00     0.00   0.021  142
   162.20    46.10   193.91    -0.00     0.00     0.00   0.020  143
   163.18    46.10   194.93    -0.00     0.00     0.00   0.021  144
   162.20    46.10   195.94    -0.00     0.00     0.00   0.020  145
   161.22    46.10   194.93    -0.00     0.00    -0.00   0.021  146
   165.13    46.10   197.98    -0.00     0.00    -0.00   0.020  147
   164.15    48.06   195.94    -0.00     0.00    -0.00   0.020  148
   161.22    45.12   195.94     0.00    -0.00    -0.00   0.021  149
   164.15    46.10   194.93     0.00    -0.00    -0.00   0.020  150
   163.18    47.08   195.94     0.00     0.00    -0.00   0.021  151
   162.20    46.10   194.93     0.00     0.00    -0.00   0.020  152
   162.20    45.12   193.91    -0.00     0.00    -0.00   0.021  153
   163.18    46.10   195.94    -0.00     0.00    -0.00   0.020  154
   163.18    46.10   193.91     0.00     0.00    -0.00   0.021  155
   162.20    47.08   194.93     0.00     0.00    -0.00   0.020  156
   162.20    47.08   194.93    -0.00     0.00    -0.00   0.021  157
   160.24    46.10   193.91    -0.00     0.00    -0.00   0.020  158
