   166.11    43.16   192.89    -0.00     0.00    -0.00   0.021    0
   165.13    43.16   193.91    -0.01     0.00     0.00   0.020    1
   166.11    41.20   192.89    -0.00     0.00     0.00   0.021    2
   165.13    42.18   191.87    -0.00     0.00    -0.00   0.020    3
   166.11    42.18   192.89    -0.00     0.00    -0.00   0.021    4
   165.13    42.18   192.89    -0.00     0.00    -0.00   0.020    5
   165.13    43.16   194.93    -0.00     0.00    -0.00   0.021    6
   165.13    42.18   194.93    -0.00     0.00    -0.00   0.020    7
   165.13    42.18   191.87    -0.00     0.00     0.00   0.021    8
   166.11    43.16   192.89    -0.00    -0.00    -0.00   0.020    9
   165.13    43.16   192.89    -0.00     0.00     0.00   0.021   10
   166.11    42.18   191.87    -0.00     0.00     0.00   0.020   11
   164.15    44.14   192.89    -0.00     0.00     0.00   0.021   12
   165.13    44.14   193.91    -0.00     0.00     0.00   0.020   13
   165.13    42.18   192.89    -0.00     0.00     0.00   0.021   14
   167.08    42.18   193.91    -0.01     0.00    -0.00   0.020   15
   164.15    42.18   193.91    -0.00     0.00     0.00   0.020   16
   166.11    42.18   193.91    -0.00     0.00    -0.00   0.021   17
   166.11    43.16   192.89    -0.00     0.00    -0.00   0.020   18
   165.13    44.14   191.87    -0.00     0.00     0.00   0.021   19
   167.08    43.16   193.91    -0.00     0.00    -0.00   0.020   20
   165.13    43.16   192.89    -0.00     0.00    -0.00   0.021   21
   165.13    42.18   193.91    -0.00     0.00     0.00   0.020   22
   164.15    43.16   193.91    -0.00     0.00     0.00   0.021   23
   164.15    42.18   192.89    -0.00     0.00     0.00   0.020   24
   165.13    43.16   192.89    -0.00     0.00     0.00   0.021   25
   165.13    42.18   193.91    -0.00     0.00     0.00   0.020   26
   165.13    41.20   193.91    -0.00     0.00     0.00   0.021   27
   165.13    42.18   192.89    -0.00     0.00    -0.00   0.020   28
   166.11    43.16   193.91    -0.00     0.00     0.00   0.021   29
   165.13    42.18   192.89    -0.00     0.00     0.00   0.020   30
   165.13    42.18   192.89    -0.00     0.00     0.00   0.021   31
   167.08    42.18   191.87    -0.00     0.00     0.00   0.020   32
   164.15    41.20   193.91    -0.00     0.00     0.00   0.021   33
   165.13    43.16   195.94    -0.00     0.00    -0.00   0.020   34
   166.11    41.20   192.89    -0.01     0.00     0.00   0.021   35
   164.15    43.16   191.87    -0.00     0.00     0.00   0.020   36
   166.11    42.18   194.93    -0.00     0.00     0.00   0.021   37
   164.15    42.18   191.87    -0.00     0.00     0.00   0.020   38
   164.15    42.18   191.87    -0.00     0.00    -0.00   0.021   39
   166.11    42.18   192.89    -0.00     0.00    -0.00   0.020   40
   166.11    43.16   193.91    -0.00     0.00    -0.00   0.020   41
   165.13    42.18   192.89    -0.00     0.00    -0.00   0.021   42
   166.11    41.20   193.91    -0.00     0.00     0.00   0.020   43
   165.13    43.16   192.89    -0.00     0.00     0.00   0.021   44
   165.13    42.18   192.89    -0.00     0.00     0.00   0.020   45
   165.13    42.18   194.93    -0.00     0.00     0.00   0.021   46
   166.11    42.18   194.93    -0.00     0.00     0.00   0.020   47
   165.13    43.16   192.89    -0.00     0.00    -0.00   0.021   48
   165.13    43.16   192.89    -0.00     0.00    -0.00   0.020   49
   166.11    42.18   192.89    -0.00    -0.00     0.00   0.021   50
   166.11    41.20   192.89    -0.00     0.00     0.00   0.020   51
   166.11    43.16   192.89    -0.00     0.00     0.00   0.021   52
   165.13    42.18   192.89    -0.00     0.00    -0.00   0.020   53
   165.13    42.18   193.91    -0.00     0.00    -0.00   0.021   54
   164.15    43.16   194.93    -0.00     0.00    -0.00   0.020   55
   165.13    42.18   192.89    -0.00     0.00    -0.00   0.021   56
   165.13    43.16   195.94    -0.00     0.00    -0.00   0.020   57
   166.11    42.18   193.91    -0.00     0.00     0.00   0.021   58
   163.18    42.18   193.91    -0.00     0.00     0.00   0.020   59
   165.13    43.16   194.93    -0.00     0.00    -0.00   0.021   60
   165.13    43.16   193.91    -0.00     0.00     0.00   0.020   61
   165.13    42.18   193.91    -0.00     0.00     0.00   0.021   62
   165.13    42.18   193.91    -0.00     0.00     0.00   0.020   63
   165.13    43.16   193.91    -0.00     0.00    -0.00   0.021   64
   167.08    43.16   193.91    -0.00     0.00     0.00   0.020   65
   167.08    42.18   193.91    -0.00     0.00     0.00   0.020   66
   165.13    42.18   193.91    -0.00     0.00    -0.00   0.021   67
   165.13    43.16   194.93    -0.00     0.00     0.00   0.020   68
   165.13    41.20   192.89    -0.00     0.00     0.00   0.021   69
   166.11    42.18   193.91    -0.00     0.00     0.00   0.020   70
   166.11    42.18   194.93    -0.00     0.00     0.00   0.021   71
   165.13    41.20   193.91    -0.00     0.00     0.00   0.020   72
   165.13    42.18   192.89    -0.00     0.00    -0.00   0.021   73
   166.11    42.18   192.89    -0.00     0.00    -0.00   0.020   74
   165.13    42.18   192.89    -0.00     0.00     0.00   0.021   75
   166.11    43.16   192.89    -0.00    -0.00     0.00   0.020   76
   166.11    41.20   192.89    -0.00     0.00    -0.00   0.021   77
   166.11    43.16   193.91    -0.00     0.00     0.00   0.020   78
   165.13    42.18   193.91    -0.00     0.00     0.00   0.021   79
   166.11    42.18   193.91    -0.00     0.00    -0.00   0.020   80
   166.11    43.16   192.89    -0.00     0.00     0.00   0.021   81
   166.11    41.20   193.91    -0.00     0.00    -0.00   0.020   82
   166.11    42.18   192.89    -0.00     0.00     0.00   0.021   83
   165.13    43.16   193.91    -0.00     0.00     0.00   0.020   84
   166.11    42.18   193.91    -0.00     0.00     0.00   0.021   85
   167.08    43.16   193.91    -0.00     0.00     0.00   0.020   86
   165.13    42.18   193.91    -0.00     0.00     0.00   0.021   87
   165.13    41.20   192.89    -0.00     0.00     0.00   0.020   88
   166.11    44.14   193.91    -0.00     0.00     0.00   0.021   89
   165.13    42.18   191.87    -0.00     0.00    -0.00   0.020   90
   165.13    42.18   192.89    -0.00     0.00    -0.00   0.020   91
   166.11    42.18   192.89    -0.00     0.00    -0.00   0.021   92
   164.15    42.18   192.89    -0.00     0.00     0.00   0.020   93
   165.13    43.16   194.93    -0.00     0.00     0.00   0.021   94
   164.15    42.18   191.87    -0.00     0.00    -0.00   0.020   95
   166.11    41.20   192.89    -0.00     0.00    -0.00   0.021   96
   167.08    43.16   192.89    -0.01     0.00     0.00   0.020   97
   167.08    43.16   193.91    -0.00    -0.00     0.00   0.021   98
   165.13    43.16   191.87    -0.00     0.00     0.00   0.020   99
   166.11    43.16   192.89    -0.00     0.00     0.00   0.021  100
   165.13    41.20   191.87    -0.00     0.00     0.00   0.020  101
   166.11    42.18   193.91    -0.00     0.00     0.00   0.021  102
   165.13    43.16   194.93    -0.00     0.00     0.00   0.020  103
   165.13    43.16   192.89    -0.00     0.00     0.00   0.021  104
   165.13    42.18   192.89    -0.00     0.00    -0.00   0.020  105
   167.08    42.18   193.91    -0.00     0.00     0.00   0.021  106
   166.11    42.18   193.91    -0.00     0.00     0.00   0.020  107
   165.13    43.16   193.91    -0.00     0.00     0.00   0.021  108
   165.13    41.20   191.87    -0.00     0.00    -0.00   0.020  109
   165.13    43.16   193.91    -0.00     0.00     0.00   0.021  110
   166.11    44.14   192.89    -0.00     0.00    -0.00   0.020  111
   165.13    43.16   192.89    -0.00     0.00     0.00   0.021  112
   166.11    43.16   193.91    -0.00     0.00    -0.00   0.020  113
   166.11    44.14   193.91    -0.00     0.00     0.00   0.021  114
   167.08    41.20   193.91    -0.00     0.00    -0.00   0.020  115
   166.11    41.20   193.91    -0.00     0.00     0.00   0.020  116
   165.13    43.16   192.89    -0.00     0.00     0.00   0.021  117
   165.13    41.20   191.87    -0.00     0.00     0.00   0.020  118
   166.11    42.18   193.91    -0.00     0.00    -0.00   0.021  119
   165.13    42.18   192.89    -0.00     0.00     0.00   0.020  120
   165.13    43.16   193.91    -0.00     0.00    -0.00   0.021  121
   167.08    42.18   193.91    -0.00     0.00     0.00   0.020  122
   165.13    42.18   192.89    -0.00     0.00     0.00   0.021  123
   165.13    42.18   191.87    -0.00     0.00     0.00   0.020  124
   166.11    43.16   192.89    -0.00     0.00     0.00   0.021  125
   165.13    42.18   192.89    -0.00     0.00     0.00   0.020  126
   166.11    42.18   193.91    -0.00     0.00     0.00   0.021  127
   165.13    42.18   192.89    -0.01     0.00     0.00   0.020  128
   166.11    43.16   193.91    -0.00     0.00     0.00   0.021  129
   166.11    43.16   192.89    -0.00     0.00     0.00   0.020  130
   166.11    43.16   193.91    -0.00     0.00    -0.00   0.021  131
   165.13    42.18   193.91    -0.00     0.00     0.00   0.020  132
   165.13    41.20   193.91    -0.00     0.00     0.00   0.021  133
   165.13    41.20   192.89    -0.00     0.00     0.00   0.020  134
   166.11    42.18   195.94    -0.00     0.00    -0.00   0.021  135
   166.11    44.14   193.91    -0.00     0.00    -0.00   0.020  136
   165.13    43.16   192.89    -0.00     0.00    -0.00   0.021  137
   166.11    44.14   192.89    -0.00     0.00     0.00   0.020  138
   166.11    43.16   192.89    -0.00     0.00    -0.00   0.021  139
   166.11    42.18   193.91    -0.00     0.00    -0.00   0.020  140
   165.13    42.18   193.91    -0.00     0.00     0.00   0.020  141
   164.15    43.16   192.89    -0.00     0.00     0.00   0.021  142
   166.11    43.16   194.93    -0.00     0.00     0.00   0.020  143
   165.13    42.18   192.89    -0.00     0.00     0.00   0.021  144
   165.13    43.16   192.89    -0.00     0.00    -0.00   0.020  145
   166.11    42.18   193.91    -0.00     0.00     0.00   0.021  146
   166.11    42.18   191.87    -0.00     0.00    -0.00   0.020  147
   165.13    42.18   193.91    -0.00     0.00     0.00   0.021  148
   166.11    42.18   192.89    -0.00     0.00     0.00   0.020  149
   165.13    41.20   191.87    -0.00     0.00     0.00   0.021  150
   165.13    42.18   194.93    -0.00     0.00     0.00   0.020  151
   165.13    42.18   193.91    -0.00     0.00     0.00   0.021  152
   164.15    42.18   194.93    -0.00     0.00    -0.00   0.020  153
   165.13    43.16   192.89    -0.00     0.00     0.00   0.021  154
   165.13    42.18   193.91    -0.00     0.00     0.00   0.020  155
   166.11    41.20   192.89    -0.00     0.00     0.00   0.021  156
   164.15    43.16   193.91    -0.00     0.00     0.00   0.020  157
   165.13    42.18   194.93    -0.00     0.00    -0.00   0.021  158
   167.08    43.16   193.91    -0.00     0.00     0.00   0.020  159
   164.15    41.20   192.89    -0.00     0.00     0.00   0.021  160
   166.11    42.18   193.91    -0.00     0.00     0.00   0.020  161
   166.11    42.18   191.87    -0.00     0.00     0.00   0.021  162
   164.15    43.16   192.89    -0.00     0.00    -0.00   0.020  163
   166.11    43.16   194.93    -0.00     0.00    -0.00   0.021  164
   164.15    43.16   194.93    -0.00     0.00     0.00   0.020  165
   165.13    41.20   193.91    -0.00     0.00    -0.00   0.020  166
   166.11    42.18   193.91    -0.00     0.00     0.00   0.021  167
   165.13    42.18   193.91    -0.00     0.00     0.00   0.020  168
   165.13    43.16   193.91    -0.00     0.00     0.00   0.021  169
   166.11    42.18   192.89    -0.00     0.00     0.00   0.020  170
   165.13    41.20   193.91    -0.00     0.00     0.00   0.021  171
   165.13    43.16   194.93    -0.01     0.00    -0.00   0.020  172
   165.13    42.18   192.89    -0.01     0.00     0.00   0.021  173
   165.13    42.18   192.89    -0.00     0.00    -0.00   0.020  174
   165.13    43.16   192.89    -0.00     0.00    -0.00   0.021  175
   166.11    42.18   192.89    -0.00    -0.00    -0.00   0.020  176
   167.08    42.18   194.93    -0.00     0.00    -0.00   0.021  177
   166.11    42.18   192.89    -0.00     0.00     0.00   0.020  178
   166.11    42.18   192.89    -0.00     0.00    -0.00   0.021  179
   165.13    42.18   191.87    -0.00     0.00     0.00   0.020  180
   166.11    42.18   192.89    -0.00     0.00     0.00   0.021  181
   165.13    42.18   193.91    -0.00     0.00     0.00   0.020  182
   167.08    43.16   192.89    -0.00     0.00    -0.00   0.021  183
   165.13    41.20   193.91    -0.00     0.00     0.00   0.020  184
   166.11    42.18   192.89    -0.00     0.00     0.00   0.021  185
   165.13    42.18   192.89    -0.00     0.00     0.00   0.020  186
   165.13    41.20   193.91    -0.00     0.00    -0.00   0.021  187
   166.11    43.16   193.91    -0.00     0.00    -0.00   0.020  188
   166.11    42.18   193.91    -0.00     0.00     0.00   0.021  189
   166.11    43.16   192.89    -0.00     0.00    -0.00   0.020  190
   165.13    42.18   193.91    -0.00     0.00    -0.00   0.020  191
   166.11    41.20   193.91    -0.00     0.00     0.00   0.021  192
   166.11    42.18   195.94    -0.00     0.00     0.00   0.020  193
   165.13    42.18   193.91    -0.00     0.00     0.00   0.021  194
   166.11    42.18   192.89    -0.00     0.00     0.00   0.020  195
   166.11    42.18   193.91    -0.00     0.00    -0.00   0.021  196
   164.15    43.16   192.89    -0.00     0.00    -0.00   0.020  197
   166.11    42.18   193.91    -0.00     0.00    -0.00   0.021  198
   166.11    44.14   193.91    -0.00     0.00     0.00   0.020  199
   165.13    42.18   194.93    -0.00     0.00    -0.00   0.021  200
   165.13    42.18   193.91    -0.00     0.00    -0.00   0.020  201
   164.15    41.20   194.93    -0.00     0.00     0.00   0.021  202
   164.15    42.18   193.91    -0.00     0.00     0.00   0.020  203
   166.11    41.20   193.91    -0.00     0.00     0.00   0.021  204
   165.13    42.18   192.89    -0.00     0.00    -0.00   0.020  205
   165.13    42.18   193.91    -0.00     0.00     0.00   0.021  206
   166.11    42.18   194.93    -0.00     0.00    -0.00   0.020  207
   167.08    40.21   192.89    -0.00     0.00    -0.00   0.021  208
   165.13    42.18   194.93    -0.01     0.00    -0.00   0.020  209
   166.11    41.20   192.89    -0.00     0.00     0.00   0.021  210
   164.15    41.20   193.91    -0.00     0.00     0.00   0.020  211
   166.11    43.16   193.91    -0.00     0.00     0.00   0.021  212
   165.13    43.16   192.89    -0.01     0.00     0.00   0.020  213
   167.08    42.18   194.93    -0.00     0.00    -0.00   0.021  214
   165.13    43.16   192.89    -0.00     0.00     0.00   0.020  215
   165.13    42.18   192.89    -0.00     0.00     0.00   0.020  216
   165.13    42.18   193.91    -0.00     0.00     0.00   0.021  217
   165.13    42.18   192.89    -0.00     0.00    -0.00   0.020  218
   166.11    42.18   194.93    -0.00     0.00    -0.00   0.021  219
   166.11    42.18   193.91    -0.00     0.00     0.00   0.020  220
   166.11    42.18   192.89    -0.00     0.00     0.00   0.021  221
   166.11    42.18   192.89    -0.00     0.00    -0.00   0.020  222
   166.11    42.18   193.91    -0.00     0.00    -0.00   0.021  223
   166.11    42.18   192.89    -0.00     0.00     0.00   0.020  224
   167.08    43.16   192.89    -0.00     0.00     0.00   0.021  225
   165.13    42.18   192.89    -0.00     0.00     0.00   0.020  226
   164.15    43.16   191.87    -0.00     0.00     0.00   0.021  227
   166.11    43.16   193.91    -0.00     0.00     0.00   0.020  228
   165.13    42.18   193.91    -0.00     0.00    -0.00   0.021  229
   164.15    42.18   192.89    -0.00     0.00    -0.00   0.020  230
   165.13    43.16   191.87    -0.00     0.00     0.00   0.021  231
   166.11    42.18   193.91    -0.00     0.00     0.00   0.020  232
   165.13    43.16   194.93    -0.00     0.00    -0.00   0.021  233
   166.11    41.20   194.93    -0.00     0.00    -0.00   0.020  234
   166.11    41.20   194.93    -0.00     0.00    -0.00   0.021  235
   166.11    43.16   192.89    -0.00     0.00     0.00   0.020  236
   164.15    43.16   194.93    -0.00     0.00    -0.00   0.021  237
   167.08    41.20   193.91    -0.00     0.00    -0.00   0.020  238
   167.08    42.18   193.91    -0.00     0.00     0.00   0.021  239
   165.13    42.18   192.89    -0.00     0.00    -0.00   0.020  240
   166.11    42.18   193.91    -0.01     0.00     0.00   0.020  241
   165.13    41.20   193.91    -0.00     0.00     0.00   0.021  242
   165.13    42.18   193.91    -0.00     0.00     0.00   0.020  243
   165.13    44.14   193.91    -0.00     0.00    -0.00   0.021  244
   166.11    42.18   193.91    -0.00     0.00     0.00   0.020  245
   165.13    41.20   194.93    -0.00     0.00    -0.00   0.021  246
   165.13    42.18   193.91    -0.00     0.00    -0.00   0.020  247
   165.13    42.18   193.91    -0.00     0.00     0.00   0.021  248
   166.11    44.14   192.89    -0.00     0.00    -0.00   0.020  249
   166.11    43.16   191.87    -0.00     0.00    -0.00   0.021  250
   164.15    41.20   192.89    -0.00     0.00    -0.00   0.020  251
   165.13    42.18   193.91    -0.00     0.00    -0.00   0.021  252
   165.13    42.18   193.91    -0.00     0.00     0.00   0.020  253
   164.15    42.18   193.91    -0.00     0.00     0.00   0.021  254
   166.11    41.20   192.89    -0.00     0.00     0.00   0.020  255
   165.13    42.18   192.89    -0.01     0.00     0.00   0.021    0
   165.13    42.18   192.89    -0.01     0.00     0.00   0.020    1
   164.15    43.16   194.93    -0.01     0.00    -0.00   0.021    2
   165.13    41.20   192.89    -0.00     0.00     0.00   0.020    3
   165.13    42.18   193.91    -0.00     0.00    -0.00   0.021    4
   165.13    43.16   193.91    -0.00     0.00     0.00   0.020    5
   165.13    42.18   193.91    -0.00     0.00     0.00   0.021    6
   165.13    43.16   194.93    -0.00     0.00    -0.00   0.020    7
   165.13    42.18   192.89    -0.00     0.00     0.00   0.021    8
   165.13    42.18   191.87    -0.00     0.00     0.00   0.020    9
   165.13    42.18   193.91    -0.00     0.00     0.00   0.020   10
   164.15    42.18   192.89    -0.00     0.00     0.00   0.021   11
   165.13    42.18   194.93    -0.00     0.00     0.00   0.020   12
   165.13    41.20   193.91    -0.00     0.00     0.00   0.021   13
   165.13    43.16   192.89    -0.00     0.00    -0.00   0.020   14
   166.11    43.16   193.91    -0.00     0.00     0.00   0.021   15
   166.11    43.16   193.91    -0.00     0.00     0.00   0.020   16
   166.11    43.16   193.91    -0.00     0.00    -0.00   0.021   17
   164.15    42.18   192.89    -0.00     0.00     0.00   0.020   18
   166.11    42.18   192.89    -0.00     0.00     0.00   0.021   19
   165.13    42.18   191.87    -0.00     0.00     0.00   0.020   20
   164.15    42.18   192.89    -0.00     0.00    -0.00   0.021   21
   166.11    43.16   193.91    -0.00     0.00     0.00   0.020   22
   165.13    43.16   192.89    -0.00     0.00     0.00   0.021   23
   165.13    42.18   193.91    -0.00     0.00    -0.00   0.020   24
   165.13    42.18   193.91    -0.00     0.00    -0.00   0.021   25
   165.13    42.18   194.93    -0.00     0.00     0.00   0.020   26
   166.11    43.16   193.91    -0.00     0.00    -0.00   0.021   27
   164.15    43.16   193.91    -0.00     0.00    -0.00   0.020   28
   165.13    42.18   192.89    -0.00     0.00     0.00   0.021   29
   166.11    43.16   193.91    -0.00     0.00     0.00   0.020   30
   165.13    42.18   193.91    -0.00     0.00     0.00   0.021   31
   165.13    42.18   192.89    -0.00     0.00     0.00   0.020   32
   166.11    42.18   194.93    -0.00     0.00    -0.00   0.021   33
   166.11    40.21   193.91    -0.00     0.00     0.00   0.020   34
   166.11    42.18   193.91    -0.00     0.00    -0.00   0.020   35
   165.13    43.16   193.91    -0.00     0.00     0.00   0.021   36
   164.15    42.18   193.91    -0.00     0.00     0.00   0.020   37
   165.13    42.18   192.89    -0.00     0.00     0.00   0.021   38
   164.15    42.18   191.87    -0.00     0.00     0.00   0.020   39
   165.13    42.18   193.91    -0.00     0.00    -0.00   0.021   40
   165.13    43.16   192.89    -0.00     0.00     0.00   0.020   41
   165.13    43.16   192.89    -0.00     0.00     0.00   0.021   42
   165.13    42.18   193.91    -0.00     0.00     0.00   0.020   43
   165.13    42.18   192.89    -0.01     0.00     0.00   0.021   44
   166.11    42.18   193.91    -0.00     0.00    -0.00   0.020   45
   164.15    43.16   194.93    -0.00     0.00    -0.00   0.021   46
   166.11    41.20   193.91    -0.01     0.00     0.00   0.020   47
   166.11    41.20   194.93    -0.00     0.00     0.00   0.021   48
   166.11    42.18   192.89    -0.00     0.00    -0.00   0.020   49
   165.13    41.20   193.91    -0.00     0.00     0.00   0.021   50
   166.11    45.12   193.91    -0.00     0.00     0.00   0.020   51
   165.13    41.20   192.89    -0.00     0.00    -0.00   0.021   52
   166.11    42.18   193.91    -0.00     0.00     0.00   0.020   53
   165.13    42.18   192.89    -0.00     0.00     0.00   0.021   54
   164.15    42.18   193.91    -0.00     0.00     0.00   0.020   55
   166.11    42.18   192.89    -0.00     0.00    -0.00   0.021   56
   164.15    43.16   193.91    -0.00     0.00    -0.00   0.020   57
   167.08    43.16   194.93    -0.00    -0.00     0.00   0.021   58
   166.11    42.18   192.89    -0.00     0.00     0.00   0.020   59
   165.13    43.16   194.93    -0.00     0.00    -0.00   0.020   60
   165.13    41.20   193.91    -0.00     0.00     0.00   0.021   61
   165.13    41.20   193.91    -0.00     0.00     0.00   0.020   62
   165.13    42.18   193.91    -0.00     0.00     0.00   0.021   63
   165.13    42.18   193.91    -0.00     0.00     0.00   0.020   64
   166.11    42.18   193.91    -0.00     0.00    -0.00   0.021   65
   166.11    41.20   194.93    -0.00     0.00     0.00   0.020   66
   164.15    42.18   193.91    -0.00     0.00     0.00   0.021   67
   167.08    42.18   192.89    -0.00     0.00     0.00   0.020   68
   165.13    43.16   192.89    -0.00     0.00    -0.00   0.021   69
   165.13    43.16   192.89    -0.00     0.00    -0.00   0.020   70
   166.11    42.18   193.91    -0.00     0.00     0.00   0.021   71
   165.13    41.20   193.91    -0.00     0.00     0.00   0.020   72
   165.13    41.20   193.91    -0.00     0.00     0.00   0.021   73
   165.13    42.18   193.91    -0.00     0.00     0.00   0.020   74
   165.13    41.20   193.91    -0.00     0.00    -0.00   0.021   75
   166.11    43.16   193.91    -0.00    -0.00     0.00   0.020   76
   166.11    42.18   192.89    -0.00     0.00     0.00   0.021   77
   166.11    42.18   192.89    -0.00     0.00    -0.00   0.020   78
   164.15    42.18   192.89    -0.00     0.00    -0.00   0.021   79
   164.15    40.21   191.87    -0.00     0.00     0.00   0.020   80
   166.11    43.16   194.93    -0.00     0.00     0.00   0.021   81
   166.11    43.16   192.89    -0.00     0.00     0.00   0.020   82
   166.11    41.20   192.89    -0.00     0.00     0.00   0.021   83
   165.13    43.16   193.91    -0.00     0.00     0.00   0.020   84
   164.15    43.16   193.91    -0.00     0.00    -0.00   0.020   85
   166.11    44.14   194.93    -0.00     0.00     0.00   0.021   86
   164.15    42.18   194.93    -0.00     0.00     0.00   0.020   87
   165.13    42.18   192.89    -0.00     0.00     0.00   0.021   88
   165.13    43.16   193.91    -0.00     0.00     0.00   0.020   89
   166.11    42.18   194.93    -0.00     0.00     0.00   0.021   90
   165.13    43.16   194.93    -0.00     0.00     0.00   0.020   91
   165.13    42.18   192.89    -0.00     0.00     0.00   0.021   92
   165.13    42.18   194.93    -0.00     0.00     0.00   0.020   93
   166.11    42.18   193.91    -0.00     0.00     0.00   0.021   94
   165.13    43.16   193.91    -0.00     0.00     0.00   0.020   95
   165.13    43.16   192.89    -0.00     0.00     0.00   0.021   96
   165.13    43.16   194.93    -0.00     0.00     0.00   0.020   97
   165.13    42.18   193.91    -0.00     0.00     0.00   0.021   98
   165.13    42.18   194.93    -0.00     0.00    -0.00   0.020   99
   165.13    42.18   194.93    -0.00     0.00    -0.00   0.021  100
   165.13    42.18   193.91    -0.00     0.00     0.00   0.020  101
   166.11    42.18   193.91    -0.00     0.00    -0.00   0.021  102
   165.13    42.18   192.89    -0.00     0.00    -0.00   0.020  103
   164.15    42.18   193.91    -0.00     0.00    -0.00   0.021  104
   165.13    41.20   193.91    -0.00     0.00     0.00   0.020  105
   164.15    41.20   193.91    -0.00     0.00     0.00   0.021  106
   165.13    42.18   195.94    -0.00     0.00    -0.00   0.020  107
   165.13    42.18   193.91    -0.00     0.00     0.00   0.021  108
   165.13    41.20   193.91    -0.00     0.00     0.00   0.020  109
   166.11    41.20   193.91    -0.00     0.00     0.00   0.020  110
   164.15    42.18   192.89    -0.00     0.00     0.00   0.021  111
   166.11    41.20   192.89    -0.00     0.00     0.00   0.020  112
   166.11    43.16   194.93    -0.00     0.00     0.00   0.021  113
   165.13    42.18   192.89    -0.00     0.00     0.00   0.020  114
   166.11    42.18   192.89    -0.00     0.00    -0.00   0.021  115
   164.15    42.18   192.89    -0.00     0.00     0.00   0.020  116
   164.15    43.16   193.91    -0.00     0.00     0.00   0.021  117
   167.08    42.18   192.89    -0.00     0.00     0.00   0.020  118
   165.13    43.16   193.91    -0.00     0.00     0.00   0.021  119
   163.18    42.18   193.91    -0.00     0.00    -0.00   0.020  120
   166.11    41.20   191.87    -0.00     0.00     0.00   0.021  121
   165.13    41.20   193.91    -0.00     0.00     0.00   0.020  122
   166.11    42.18   194.93    -0.00     0.00     0.00   0.021  123
   166.11    42.18   191.87    -0.00     0.00     0.00   0.020  124
   166.11    42.18   193.91    -0.00     0.00     0.00   0.021  125
   165.13    41.20   194.93    -0.00     0.00    -0.00   0.020  126
   164.15    42.18   193.91    -0.01     0.00     0.00   0.021  127
   166.11    42.18   194.93    -0.00     0.00     0.00   0.020  128
   166.11    42.18   192.89    -0.00     0.00    -0.00   0.021  129
   164.15    41.20   192.89    -0.00     0.00     0.00   0.020  130
   165.13    43.16   193.91    -0.00     0.00     0.00   0.021  131
   165.13    42.18   192.89    -0.00     0.00     0.00   0.020  132
   166.11    41.20   193.91    -0.00     0.00     0.00   0.021  133
   165.13    43.16   193.91    -0.00     0.00     0.00   0.020  134
   165.13    41.20   191.87    -0.00     0.00     0.00   0.020  135
   164.15    43.16   192.89    -0.00     0.00     0.00   0.021  136
   165.13    42.18   192.89    -0.00     0.00     0.00   0.020  137
   165.13    42.18   191.87    -0.00     0.00     0.00   0.021  138
   165.13    43.16   194.93    -0.00     0.00     0.00   0.020  139
   165.13    41.20   193.91    -0.00     0.00     0.00   0.021  140
   165.13    41.20   193.91    -0.00     0.00     0.00   0.020  141
   165.13    43.16   194.93    -0.00     0.00     0.00   0.021  142
   165.13    42.18   192.89    -0.00     0.00     0.00   0.020  143
   165.13    41.20   193.91    -0.00     0.00     0.00   0.021  144
   165.13    42.18   192.89    -0.00     0.00     0.00   0.020  145
   166.11    41.20   193.91    -0.00     0.00     0.00   0.021  146
   165.13    42.18   194.93    -0.00     0.00    -0.00   0.020  147
   165.13    42.18   193.91    -0.00     0.00     0.00   0.021  148
   165.13    42.18   192.89    -0.00     0.00     0.00   0.020  149
   165.13    42.18   193.91    -0.00     0.00     0.00   0.021  150
   164.15    41.20   192.89    -0.00     0.00     0.00   0.020  151
   165.13    42.18   192.89    -0.00     0.00    -0.00   0.021  152
   165.13    41.20   190.85    -0.00     0.00     0.00   0.020  153
   165.13    42.18   193.91    -0.00     0.00     0.00   0.021  154
   166.11    42.18   192.89    -0.00     0.00     0.00   0.020  155
   166.11    42.18   193.91    -0.00     0.00     0.00   0.021  156
   165.13    41.20   192.89    -0.00     0.00    -0.00   0.020  157
   165.13    41.20   194.93    -0.00     0.00    -0.00   0.021  158
   164.15    42.18   192.89    -0.00     0.00     0.00   0.020  159
   166.11    42.18   193.91    -0.00     0.00     0.00   0.020  160
   166.11    42.18   194.93    -0.00     0.00     0.00   0.021  161
   164.15    41.20   193.91    -0.00     0.00    -0.00   0.020  162
   166.11    43.16   193.91    -0.00     0.00     0.00   0.021  163
   165.13    42.18   192.89    -0.00     0.00     0.00   0.020  164
   167.08    43.16   195.94    -0.00     0.00     0.00   0.021  165
   165.13    42.18   194.93    -0.00     0.00     0.00   0.020  166
   164.15    42.18   194.93    -0.00     0.00     0.00   0.021  167
   165.13    42.18   193.91    -0.00     0.00    -0.00   0.020  168
   164.15    42.18   192.89    -0.00     0.00     0.00   0.021  169
   165.13    43.16   194.93    -0.00     0.00     0.00   0.020  170
   165.13    43.16   193.91    -0.00     0.00    -0.00   0.021  171
   164.15    41.20   193.91    -0.00     0.00    -0.00   0.020  172
   166.11    43.16   193.91    -0.00     0.00    -0.00   0.021  173
   165.13    41.20   192.89    -0.00     0.00     0.00   0.020  174
   165.13    42.18   192.89    -0.00     0.00     0.00   0.021  175
   165.13    42.18   193.91    -0.00     0.00     0.00   0.020  176
   164.15    43.16   194.93    -0.00     0.00    -0.00   0.021  177
   165.13    42.18   193.91    -0.01     0.00    -0.00   0.020  178
   164.15    41.20   192.89    -0.01     0.00     0.00   0.021  179
   164.15    42.18   192.89    -0.00     0.00     0.00   0.020  180
   166.11    42.18   192.89    -0.00     0.00    -0.00   0.021  181
   165.13    43.16   193.91    -0.00     0.00    -0.00   0.020  182
   164.15    43.16   192.89    -0.00     0.00     0.00   0.021  183
   165.13    42.18   193.91    -0.00     0.00    -0.00   0.020  184
   165.13    41.20   192.89    -0.00     0.00     0.00   0.020  185
   165.13    43.16   194.93    -0.00     0.00     0.00   0.021  186
   165.13    42.18   192.89    -0.00     0.00     0.00   0.020  187
   164.15    42.18   193.91    -0.00     0.00    -0.00   0.021  188
   165.13    42.18   193.91    -0.00     0.00    -0.00   0.020  189
   164.15    42.18   194.93    -0.00     0.00    -0.00   0.021  190
   164.15    42.18   193.91    -0.00     0.00     0.00   0.020  191
   166.11    41.20   193.91    -0.00     0.00     0.00   0.021  192
   165.13    41.20   195.94    -0.00     0.00     0.00   0.020  193
   165.13    42.18   193.91    -0.00     0.00     0.00   0.021  194
   164.15    42.18   194.93    -0.00     0.00     0.00   0.020  195
   165.13    42.18   193.91    -0.00     0.00     0.00   0.021  196
   165.13    42.18   192.89    -0.00     0.00     0.00   0.020  197
   165.13    42.18   192.89    -0.00     0.00     0.00   0.021  198
   164.15    42.18   193.91    -0.00     0.00     0.00   0.020  199
   165.13    41.20   192.89    -0.00     0.00     0.00   0.021  200
   165.13    42.18   193.91    -0.00     0.00     0.00   0.020  201
   164.15    40.21   192.89    -0.00     0.00     0.00   0.021  202
   165.13    43.16   193.91    -0.00     0.00    -0.00   0.020  203
   166.11    43.16   194.93    -0.00     0.00    -0.00   0.021  204
   165.13    43.16   193.91    -0.00     0.00    -0.00   0.020  205
   165.13    42.18   194.93    -0.00     0.00    -0.00   0.021  206
   164.15    42.18   193.91    -0.00    -0.00     0.00   0.020  207
   164.15    42.18   193.91    -0.00     0.00    -0.00   0.021  208
   166.11    42.18   194.93    -0.00     0.00     0.00   0.020  209
   164.15    42.18   193.91    -0.00     0.00    -0.00   0.020  210
   164.15    42.18   194.93    -0.00     0.00    -0.00   0.021  211
   165.13    42.18   194.93    -0.00     0.00     0.00   0.020  212
   165.13    42.18   193.91    -0.00     0.00    -0.00   0.021  213
   165.13    42.18   194.93    -0.00     0.00    -0.00   0.020  214
   165.13    43.16   193.91    -0.00     0.00    -0.00   0.021  215
   165.13    41.20   193.91    -0.00     0.00    -0.00   0.020  216
   164.15    42.18   193.91    -0.00     0.00     0.00   0.021  217
   165.13    42.18   191.87    -0.00     0.00     0.00   0.020  218
   166.11    41.20   192.89    -0.00     0.00     0.00   0.021  219
   165.13    42.18   193.91    -0.00     0.00    -0.00   0.020  220
   164.15    40.21   192.89    -0.00     0.00     0.00   0.021  221
   166.11    41.20   193.91    -0.01     0.00     0.00   0.020  222
   164.15    41.20   192.89    -0.00     0.00     0.00   0.021  223
   165.13    42.18   192.89    -0.00     0.00     0.00   0.020  224
   164.15    42.18   194.93    -0.00     0.00     0.00   0.021  225
   165.13    41.20   193.91    -0.00     0.00    -0.00   0.020  226
   166.11    41.20   192.89    -0.00     0.00     0.00   0.021  227
   165.13    43.16   192.89    -0.00     0.00     0.00   0.020  228
   164.15    42.18   193.91    -0.00     0.00     0.00   0.021  229
   164.15    44.14   193.91    -0.00     0.00    -0.00   0.020  230
   165.13    41.20   194.93    -0.00     0.00    -0.00   0.021  231
   166.11    42.18   195.94    -0.00     0.00    -0.00   0.020  232
   164.15    43.16   193.91    -0.00     0.00     0.00   0.021  233
   164.15    42.18   193.91    -0.00     0.00     0.00   0.020  234
   166.11    43.16   194.93    -0.00     0.00     0.00   0.020  235
   165.13    42.18   193.91    -0.00     0.00     0.00   0.021  236
   165.13    42.18   193.91    -0.00     0.00     0.00   0.020  237
   165.13    42.18   194.93    -0.00     0.00     0.00   0.021  238
   164.15    42.18   194.93    -0.00    -0.00    -0.00   0.020  239
   166.11    42.18   193.91    -0.00     0.00     0.00   0.021  240
   165.13    42.18   193.91    -0.00     0.00     0.00   0.020  241
   165.13    42.18   193.91    -0.00     0.00    -0.00   0.021  242
   164.15    41.20   193.91    -0.00     0.00     0.00   0.020  243
   165.13    41.20   193.91    -0.00     0.00     0.00   0.021  244
   165.13    42.18   194.93    -0.00     0.00     0.00   0.020  245
   165.13    42.18   192.89    -0.00     0.00    -0.00   0.021  246
   165.13    42.18   193.91    -0.00     0.00     0.00   0.020  247
   165.13    42.18   193.91    -0.00     0.00    -0.00   0.021  248
   165.13    41.20   193.91    -0.00     0.00     0.00   0.020  249
   166.11    42.18   192.89    -0.00     0.00    -0.00   0.021  250
   164.15    41.20   193.91    -0.00     0.00     0.00   0.020  251
   165.13    42.18   194.93    -0.00     0.00     0.00   0.021  252
   165.13    41.20   192.89    -0.00     0.00     0.00   0.020  253
   165.13    41.20   193.91    -0.00     0.00     0.00   0.021  254
   165.13    43.16   193.91    -0.00     0.00     0.00   0.020  255
   164.15    42.18   192.89    -0.00     0.00     0.00   0.021    0
   166.11    40.21   192.89    -0.00     0.00     0.00   0.020    1
   164.15    42.18   192.89    -0.00     0.00     0.00   0.021    2
   165.13    42.18   192.89    -0.00     0.00     0.00   0.020    3
   165.13    42.18   193.91    -0.00     0.00     0.00   0.020    4
   165.13    42.18   194.93    -0.00     0.00     0.00   0.021    5
   164.15    42.18   191.87    -0.00     0.00     0.00   0.020    6
   164.15    42.18   193.91    -0.00     0.00     0.00   0.021    7
   165.13    42.18   193.91    -0.00     0.00     0.00   0.020    8
   166.11    43.16   193.91    -0.00     0.00     0.00   0.021    9
   165.13    43.16   193.91    -0.00     0.00    -0.00   0.020   10
   165.13    41.20   194.93    -0.00     0.00     0.00   0.021   11
   164.15    42.18   194.93    -0.01     0.00    -0.00   0.020   12
   164.15    42.18   193.91    -0.01     0.00     0.00   0.021   13
   166.11    42.18   193.91    -0.00     0.00    -0.00   0.020   14
   165.13    43.16   194.93    -0.00     0.00     0.00   0.021   15
   163.18    42.18   192.89    -0.00     0.00    -0.00   0.020   16
   165.13    42.18   192.89    -0.00     0.00     0.00   0.021   17
   165.13    42.18   193.91    -0.00     0.00     0.00   0.020   18
   165.13    42.18   193.91    -0.00     0.00    -0.00   0.021   19
   165.13    42.18   193.91    -0.00     0.00     0.00   0.020   20
   164.15    42.18   192.89    -0.00     0.00     0.00   0.021   21
   165.13    42.18   193.91    -0.00     0.00     0.00   0.020   22
   162.20    42.18   192.89    -0.00     0.00     0.00   0.021   23
   164.15    42.18   194.93    -0.00     0.00    -0.00   0.020   24
   164.15    43.16   193.91    -0.00     0.00     0.00   0.021   25
   165.13    42.18   192.89    -0.00     0.00     0.00   0.020   26
   166.11    41.20   194.93    -0.00     0.00    -0.00   0.021   27
   164.15    42.18   193.91    -0.00     0.00     0.00   0.020   28
   167.08    41.20   192.89    -0.00     0.00    -0.00   0.020   29
   165.13    42.18   194.93    -0.00     0.00    -0.00   0.021   30
   165.13    42.18   193.91    -0.00     0.00    -0.00   0.020   31
   164.15    42.18   194.93    -0.00     0.00     0.00   0.021   32
   165.13    42.18   193.91    -0.00     0.00    -0.00   0.020   33
   165.13    41.20   191.87    -0.00     0.00    -0.00   0.021   34
   164.15    42.18   192.89    -0.00     0.00     0.00   0.020   35
   166.11    42.18   192.89    -0.00     0.00     0.00   0.021   36
   166.11    41.20   193.91    -0.00     0.00     0.00   0.020   37
   165.13    42.18   193.91    -0.00     0.00    -0.00   0.021   38
   164.15    42.18   193.91    -0.00     0.00    -0.00   0.020   39
   166.11    41.20   194.93    -0.00     0.00     0.00   0.021   40
   166.11    40.21   192.89    -0.00     0.00     0.00   0.020   41
   164.15    41.20   192.89    -0.00     0.00     0.00   0.021   42
   164.15    42.18   192.89    -0.00     0.00     0.00   0.020   43
   164.15    42.18   192.89    -0.00     0.00     0.00   0.021   44
   165.13    41.20   192.89    -0.00     0.00     0.00   0.020   45
   165.13    42.18   193.91    -0.00     0.00     0.00   0.021   46
   165.13    41.20   192.89    -0.00     0.00    -0.00   0.020   47
   166.11    41.20   194.93    -0.00     0.00     0.00   0.021   48
   166.11    41.20   194.93    -0.00    -0.00     0.00   0.020   49
   165.13    41.20   193.91    -0.00     0.00     0.00   0.021   50
   166.11    43.16   194.93    -0.00     0.00    -0.00   0.020   51
   165.13    42.18   193.91    -0.00     0.00     0.00   0.021   52
   164.15    43.16   195.94    -0.00     0.00     0.00   0.020   53
   165.13    41.20   193.91    -0.00     0.00     0.00   0.020   54
   165.13    40.21   193.91    -0.00     0.00     0.00   0.021   55
   166.11    41.20   193.91    -0.00     0.00    -0.00   0.020   56
   165.13    42.18   193.91    -0.00     0.00     0.00   0.021   57
   165.13    41.20   192.89    -0.00     0.00     0.00   0.020   58
   166.11    41.20   193.91    -0.00     0.00     0.00   0.021   59
   165.13    40.21   192.89    -0.00     0.00     0.00   0.020   60
   164.15    42.18   193.91    -0.00     0.00    -0.00   0.021   61
   165.13    42.18   192.89    -0.00     0.00     0.00   0.020   62
   166.11    41.20   193.91    -0.01     0.00    -0.00   0.021   63
   166.11    42.18   193.91    -0.00     0.00     0.00   0.020   64
   163.18    42.18   193.91    -0.00     0.00     0.00   0.021   65
   165.13    41.20   193.91    -0.00     0.00     0.00   0.020   66
   165.13    42.18   194.93    -0.01     0.00     0.00   0.021   67
   165.13    42.18   192.89    -0.00     0.00    -0.00   0.020   68
   165.13    41.20   194.93    -0.00     0.00    -0.00   0.021   69
   165.13    41.20   193.91    -0.00     0.00     0.00   0.020   70
   165.13    41.20   193.91    -0.00     0.00    -0.00   0.021   71
   167.08    42.18   194.93    -0.00     0.00     0.00   0.020   72
   163.18    43.16   193.91    -0.00     0.00     0.00   0.021   73
   165.13    40.21   194.93    -0.00     0.00    -0.00   0.020   74
   165.13    41.20   193.91    -0.00     0.00    -0.00   0.021   75
   163.18    41.20   192.89    -0.00     0.00     0.00   0.020   76
   165.13    42.18   193.91    -0.00     0.00    -0.00   0.021   77
   166.11    41.20   193.91    -0.00     0.00     0.00   0.020   78
   164.15    42.18   193.91    -0.00     0.00    -0.00   0.020   79
   165.13    42.18   191.87    -0.00     0.00     0.00   0.021   80
   165.13    41.20   192.89    -0.00     0.00    -0.00   0.020   81
   165.13    42.18   193.91    -0.00     0.00    -0.00   0.021   82
   165.13    43.16   192.89    -0.00     0.00     0.00   0.020   83
   164.15    42.18   194.93    -0.00     0.00     0.00   0.021   84
   165.13    41.20   192.89    -0.01     0.00     0.00   0.020   85
   165.13    42.18   192.89    -0.00     0.00     0.00   0.021   86
   165.13    41.20   191.87    -0.00     0.00     0.00   0.020   87
   165.13    42.18   194.93    -0.00     0.00    -0.00   0.021   88
   165.13    42.18   194.93    -0.00     0.00    -0.00   0.020   89
   166.11    40.21   193.91    -0.00     0.00     0.00   0.021   90
   165.13    41.20   193.91    -0.00     0.00    -0.00   0.020   91
   164.15    42.18   193.91    -0.00     0.00    -0.00   0.021   92
   165.13    41.20   193.91    -0.00     0.00     0.00   0.020   93
   166.11    42.18   193.91    -0.00     0.00     0.00   0.021   94
   164.15    41.20   193.91    -0.00     0.00    -0.00   0.020   95
   166.11    43.16   192.89    -0.00     0.00    -0.00   0.021   96
   165.13    42.18   193.91    -0.00     0.00     0.00   0.020   97
   165.13    42.18   193.91    -0.00     0.00     0.00   0.021   98
   164.15    42.18   194.93    -0.01     0.00     0.00   0.020   99
   165.13    42.18   193.91    -0.00     0.00     0.00   0.021  100
   165.13    42.18   194.93    -0.00     0.00    -0.00   0.020  101
   165.13    43.16   194.93    -0.00     0.00     0.00   0.021  102
   165.13    43.16   193.91    -0.00     0.00     0.00   0.020  103
   165.13    41.20   193.91    -0.00     0.00     0.00   0.020  104
   164.15    42.18   193.91    -0.00     0.00     0.00   0.021  105
   165.13    42.18   193.91    -0.00     0.00     0.00   0.020  106
   166.11    42.18   193.91    -0.00     0.00     0.00   0.021  107
   165.13    42.18   194.93    -0.00     0.00     0.00   0.020  108
   166.11    42.18   193.91    -0.00     0.00     0.00   0.021  109
   166.11    41.20   193.91    -0.00     0.00     0.00   0.020  110
   166.11    42.18   193.91    -0.00     0.00     0.00   0.021  111
   165.13    41.20   193.91    -0.00     0.00     0.00   0.020  112
   164.15    41.20   193.91    -0.00    -0.00     0.00   0.021  113
   165.13    43.16   194.93    -0.00    -0.00    -0.00   0.020  114
   165.13    42.18   193.91    -0.00     0.00     0.00   0.021  115
   165.13    41.20   192.89    -0.00     0.00    -0.00   0.020  116
   165.13    41.20   194.93    -0.00     0.00     0.00   0.021  117
   164.15    42.18   193.91    -0.00     0.00     0.00   0.020  118
   165.13    41.20   194.93    -0.00     0.00     0.00   0.021  119
   164.15    43.16   193.91    -0.00     0.00     0.00   0.020  120
   164.15    41.20   193.91    -0.00     0.00     0.00   0.021  121
   165.13    43.16   193.91    -0.00     0.00    -0.00   0.020  122
   165.13    42.18   193.91    -0.00     0.00     0.00   0.021  123
   165.13    40.21   193.91    -0.00     0.00     0.00   0.020  124
   165.13    42.18   192.89    -0.00     0.00     0.00   0.021  125
   164.15    41.20   193.91    -0.00     0.00     0.00   0.020  126
   165.13    42.18   193.91    -0.00     0.00     0.00   0.021  127
   164.15    41.20   192.89    -0.00     0.00     0.00   0.020  128
   164.15    41.20   193.91    -0.00     0.00     0.00   0.020  129
   165.13    42.18   193.91    -0.00     0.00     0.00   0.021  130
   164.15    42.18   193.91    -0.00     0.00    -0.00   0.020  131
   164.15    41.20   193.91    -0.00     0.00     0.00   0.021  132
   165.13    41.20   193.91    -0.00     0.00     0.00   0.020  133
   165.13    41.20   193.91    -0.00     0.00     0.00   0.021  134
   165.13    43.16   194.93    -0.00     0.00     0.00   0.020  135
   165.13    41.20   193.91    -0.00     0.00     0.00   0.021  136
   165.13    41.20   194.93    -0.00     0.00    -0.00   0.020  137
   165.13    42.18   192.89    -0.00     0.00     0.00   0.021  138
   164.15    40.21   192.89    -0.00     0.00    -0.00   0.020  139
   165.13    42.18   194.93    -0.01     0.00     0.00   0.021  140
   166.11    42.18   194.93    -0.00     0.00     0.00   0.020  141
   165.13    41.20   194.93    -0.00     0.00     0.00   0.021  142
   166.11    43.16   193.91    -0.00     0.00     0.00   0.020  143
   165.13    40.21   192.89    -0.00     0.00     0.00   0.021  144
   165.13    42.18   194.93    -0.00     0.00     0.00   0.020  145
   166.11    42.18   192.89    -0.00     0.00     0.00   0.021  146
   165.13    41.20   193.91    -0.00     0.00     0.00   0.020  147
   165.13    41.20   192.89    -0.00     0.00     0.00   0.021  148
   164.15    41.20   192.89    -0.00     0.00    -0.00   0.020  149
   165.13    42.18   193.91    -0.00     0.00     0.00   0.021  150
   164.15    42.18   192.89    -0.00     0.00     0.00   0.020  151
   165.13    42.18   193.91    -0.00     0.00     0.00   0.021  152
   165.13    42.18   194.93    -0.00     0.00     0.00   0.020  153
   164.15    42.18   193.91    -0.00     0.00     0.00   0.020  154
   165.13    41.20   192.89    -0.00     0.00     0.00   0.021  155
   166.11    42.18   193.91    -0.00     0.00     0.00   0.020  156
   165.13    40.21   192.89    -0.00     0.00    -0.00   0.021  157
   165.13    42.18   192.89    -0.00     0.00    -0.00   0.020  158
   163.18    44.14   192.89    -0.00     0.00     0.00   0.021  159
   164.15    42.18   193.91    -0.01     0.00    -0.00   0.020  160
   166.11    42.18   195.94    -0.00     0.00     0.00   0.021  161
   163.18    42.18   193.91    -0.00     0.00     0.00   0.020  162
   164.15    42.18   192.89    -0.00     0.00     0.00   0.021  163
   164.15    42.18   192.89    -0.00     0.00     0.00   0.020  164
   165.13    42.18   193.91    -0.00     0.00     0.00   0.021  165
   165.13    42.18   193.91    -0.00     0.00    -0.00   0.020  166
   164.15    41.20   193.91    -0.00     0.00     0.00   0.021  167
   163.18    43.16   193.91    -0.00     0.00    -0.00   0.020  168
   164.15    42.18   193.91    -0.00     0.00    -0.00   0.021  169
   165.13    42.18   193.91    -0.00     0.00     0.00   0.020  170
   165.13    42.18   193.91    -0.00     0.00     0.00   0.021  171
   164.15    42.18   193.91    -0.00     0.00     0.00   0.020  172
   165.13    41.20   194.93    -0.00     0.00     0.00   0.021  173
   165.13    41.20   194.93    -0.00     0.00     0.00   0.020  174
   165.13    41.20   194.93    -0.00     0.00     0.00   0.021  175
   165.13    42.18   193.91    -0.00     0.00     0.00   0.020  176
   165.13    40.21   192.89    -0.00     0.00    -0.00   0.021  177
   165.13    42.18   192.89    -0.00     0.00     0.00   0.020  178
   164.15    41.20   191.87    -0.00     0.00    -0.00   0.020  179
   165.13    41.20   193.91    -0.00     0.00     0.00   0.021  180
   166.11    42.18   193.91    -0.00     0.00     0.00   0.020  181
   164.15    42.18   192.89    -0.00     0.00     0.00   0.021  182
   165.13    41.20   193.91    -0.00     0.00     0.00   0.020  183
   166.11    41.20   193.91    -0.00     0.00     0.00   0.021  184
   164.15    42.18   193.91    -0.01     0.00     0.00   0.020  185
   166.11    42.18   195.94    -0.00     0.00     0.00   0.021  186
   164.15    42.18   193.91    -0.00     0.00     0.00   0.020  187
   165.13    41.20   193.91    -0.00     0.00     0.00   0.021  188
   166.11    42.18   192.89    -0.00    -0.00     0.00   0.020  189
   165.13    42.18   192.89    -0.00     0.00    -0.00   0.021  190
   165.13    42.18   192.89    -0.00     0.00    -0.00   0.020  191
   164.15    41.20   193.91    -0.00     0.00     0.00   0.021  192
   164.15    42.18   195.94    -0.00     0.00     0.00   0.020  193
   165.13    42.18   194.93    -0.00    -0.00     0.00   0.021  194
   164.15    41.20   193.91    -0.00     0.00    -0.00   0.020  195
   165.13    41.20   193.91    -0.00     0.00     0.00   0.021  196
   165.13    41.20   192.89    -0.00     0.00    -0.00   0.020  197
   165.13    41.20   193.91    -0.00     0.00     0.00   0.021  198
   165.13    43.16   193.91    -0.00     0.00     0.00   0.020  199
   164.15    41.20   192.89    -0.00     0.00    -0.00   0.021  200
   166.11    42.18   193.91    -0.00     0.00     0.00   0.020  201
   163.18    42.18   192.89    -0.00     0.00    -0.00   0.021  202
   165.13    41.20   193.91    -0.00     0.00    -0.00   0.020  203
   164.15    42.18   194.93    -0.00     0.00     0.00   0.020  204
   165.13    42.18   193.91    -0.00     0.00     0.00   0.021  205
   165.13    42.18   194.93    -0.00     0.00    -0.00   0.020  206
   164.15    41.20   192.89    -0.00     0.00    -0.00   0.021  207
   166.11    41.20   193.91    -0.00     0.00    -0.00   0.020  208
   165.13    43.16   192.89    -0.00     0.00     0.00   0.021  209
   164.15    42.18   192.89    -0.00     0.00     0.00   0.020  210
   165.13    41.20   193.91    -0.01     0.00    -0.00   0.021  211
   165.13    41.20   193.91    -0.00     0.00    -0.00   0.020  212
   164.15    42.18   194.93    -0.00     0.00     0.00   0.021  213
   165.13    42.18   194.93    -0.00     0.00     0.00   0.020  214
   164.15    42.18   191.87    -0.00     0.00     0.00   0.021  215
   165.13    41.20   193.91    -0.00     0.00     0.00   0.020  216
   164.15    42.18   193.91    -0.00     0.00     0.00   0.021  217
   164.15    43.16   192.89    -0.00     0.00     0.00   0.020  218
   165.13    42.18   192.89    -0.00     0.00     0.00   0.021  219
   164.15    42.18   193.91    -0.00     0.00     0.00   0.020  220
   166.11    43.16   193.91    -0.00     0.00     0.00   0.021  221
   165.13    42.18   192.89    -0.00     0.00     0.00   0.020  222
   165.13    41.20   193.91    -0.00     0.00     0.00   0.021  223
   165.13    41.20   193.91    -0.00     0.00     0.00   0.020  224
   164.15    41.20   193.91    -0.00     0.00     0.00   0.021  225
   165.13    40.21   194.93    -0.01     0.00     0.00   0.020  226
   164.15    42.18   194.93    -0.00     0.00     0.00   0.021  227
   164.15    42.18   194.93    -0.00     0.00     0.00   0.020  228
   165.13    41.20   193.91    -0.00     0.00     0.00   0.020  229
   164.15    41.20   193.91    -0.00     0.00    -0.00   0.021  230
   163.18    42.18   194.93    -0.00     0.00     0.00   0.020  231
   163.18    42.18   194.93    -0.00     0.00    -0.00   0.021  232
   165.13    42.18   194.93    -0.00     0.00     0.00   0.020  233
   166.11    42.18   193.91    -0.00     0.00    -0.00   0.021  234
   164.15    41.20   193.91    -0.00     0.00     0.00   0.020  235
   165.13    41.20   193.91    -0.00     0.00     0.00   0.021  236
   164.15    41.20   191.87    -0.00     0.00     0.00   0.020  237
   165.13    42.18   192.89    -0.00     0.00     0.00   0.021  238
   166.11    41.20   194.93    -0.00     0.00     0.00   0.020  239
   164.15    42.18   192.89    -0.00     0.00    -0.00   0.021  240
   164.15    41.20   192.89    -0.00     0.00     0.00   0.020  241
   164.15    41.20   194.93    -0.00     0.00    -0.00   0.021  242
   164.15    42.18   193.91    -0.00     0.00     0.00   0.020  243
   165.13    43.16   194.93    -0.00     0.00     0.00   0.021  244
   164.15    41.20   193.91    -0.00     0.00     0.00   0.020  245
   165.13    42.18   194.93    -0.00     0.00    -0.00   0.021  246
   165.13    42.18   193.91    -0.00     0.00     0.00   0.020  247
   165.13    40.21   193.91    -0.00     0.00     0.00   0.021  248
   165.13    42.18   192.89    -0.00     0.00    -0.00   0.020  249
   163.18    41.20   192.89    -0.00     0.00     0.00   0.021  250
   165.13    41.20   193.91    -0.00     0.00     0.00   0.020  251
   164.15    42.18   193.91    -0.00     0.00     0.00   0.021  252
   165.13    41.20   193.91    -0.00     0.00    -0.00   0.020  253
   165.13    42.18   193.91    -0.00     0.00    -0.00   0.020  254
   163.18    41.20   193.91    -0.00     0.00     0.00   0.021  255
   167.08    42.18   195.94    -0.00     0.00     0.00   0.020    0
   165.13    41.20   192.89    -0.00     0.00     0.00   0.021    1
   164.15    40.21   193.91    -0.00    -0.00     0.00   0.020    2
   165.13    41.20   194.93    -0.00     0.00     0.00   0.021    3
   164.15    41.20   192.89    -0.00     0.00    -0.00   0.020    4
   165.13    42.18   193.91    -0.00     0.00     0.00   0.021    5
   165.13    41.20   194.93    -0.00     0.00    -0.00   0.020    6
   165.13    42.18   193.91    -0.00     0.00     0.00   0.021    7
   166.11    42.18   192.89    -0.00     0.00     0.00   0.020    8
   165.13    42.18   192.89    -0.00     0.00    -0.00   0.021    9
   165.13    41.20   192.89    -0.00     0.00     0.00   0.020   10
   164.15    41.20   192.89    -0.00     0.00     0.00   0.021   11
   164.15    42.18   192.89    -0.00     0.00     0.00   0.020   12
   164.15    41.20   195.94    -0.01     0.00    -0.00   0.021   13
   165.13    41.20   193.91    -0.00     0.00     0.00   0.020   14
   163.18    42.18   194.93    -0.00     0.00     0.00   0.021   15
   164.15    41.20   191.87    -0.00     0.00     0.00   0.020   16
   164.15    42.18   193.91    -0.00     0.00    -0.00   0.021   17
   165.13    42.18   194.93    -0.00     0.00     0.00   0.020   18
   165.13    42.18   194.93    -0.00     0.00     0.00   0.021   19
   166.11    41.20   194.93    -0.00     0.00     0.00   0.020   20
   165.13    41.20   193.91    -0.00     0.00     0.00   0.021   21
