   175.88    43.16   181.69     0.01     0.00    -0.01   0.021    0
   175.88    43.16   181.69     0.01     0.00    -0.00   0.020    1
   176.85    41.20   181.69     0.01     0.00    -0.00   0.021    2
   175.88    42.18   181.69     0.01     0.00    -0.00   0.020    3
   176.85    43.16   181.69     0.01     0.00    -0.00   0.021    4
   175.88    43.16   181.69     0.01     0.00    -0.00   0.020    5
   174.90    43.16   180.68     0.01     0.00    -0.00   0.021    6
   174.90    42.18   180.68     0.01     0.00    -0.00   0.020    7
   176.85    42.18   182.71     0.01     0.00    -0.00   0.021    8
   175.88    43.16   180.68     0.01     0.00    -0.00   0.020    9
   175.88    42.18   180.68     0.01     0.00    -0.00   0.021   10
   175.88    42.18   180.68     0.01     0.00    -0.00   0.020   11
   174.90    44.14   180.68     0.00     0.00    -0.00   0.021   12
   176.85    44.14   180.68     0.01     0.00    -0.00   0.020   13
   175.88    42.18   180.68     0.01     0.00    -0.00   0.021   14
   176.85    43.16   181.69     0.01     0.00    -0.00   0.020   15
   175.88    43.16   182.71     0.01     0.00    -0.00   0.020   16
   174.90    43.16   181.69     0.01     0.00    -0.00   0.021   17
   173.92    44.14   181.69     0.01     0.00    -0.00   0.020   18
   175.88    42.18   180.68     0.01     0.00    -0.01   0.021   19
   175.88    43.16   181.69     0.01     0.00    -0.00   0.020   20
   174.90    43.16   180.68     0.01     0.00    -0.00   0.021   21
   175.88    42.18   180.68     0.01     0.00    -0.00   0.020   22
   175.88    44.14   180.68     0.01     0.00    -0.00   0.021   23
   176.85    42.18   179.66     0.01     0.00    -0.00   0.020   24
   175.88    43.16   179.66     0.01     0.00    -0.00   0.021   25
   174.90    43.16   180.68     0.01     0.00    -0.00   0.020   26
   175.88    44.14   180.68     0.01     0.00    -0.00   0.021   27
   174.90    42.18   180.68     0.01     0.00    -0.00   0.020   28
   174.90    42.18   181.69     0.01     0.00    -0.00   0.021   29
   174.90    42.18   180.68     0.01     0.00    -0.00   0.020   30
   175.88    42.18   181.69     0.01     0.00    -0.00   0.021   31
   174.90    42.18   180.68     0.01     0.00    -0.00   0.020   32
   174.90    41.20   181.69     0.01     0.00    -0.00   0.021   33
   174.90    43.16   180.68     0.01     0.00    -0.00   0.020   34
   175.88    42.18   180.68     0.01     0.00    -0.00   0.021   35
   174.90    43.16   181.69     0.01     0.00    -0.00   0.020   36
   174.90    43.16   179.66     0.01     0.00    -0.00   0.021   37
   176.85    42.18   181.69     0.01     0.00    -0.00   0.020   38
   174.90    42.18   180.68     0.01     0.00    -0.00   0.021   39
   174.90    43.16   180.68     0.01     0.00    -0.00   0.020   40
   175.88    41.20   180.68     0.01     0.00    -0.00   0.020   41
   176.85    42.18   181.69     0.01     0.00    -0.00   0.021   42
   175.88    43.16   179.66     0.01     0.00    -0.00   0.020   43
   175.88    43.16   179.66     0.01     0.00    -0.00   0.021   44
   175.88    43.16   181.69     0.01     0.00    -0.00   0.020   45
   175.88    42.18   180.68     0.01     0.00    -0.00   0.021   46
   175.88    42.18   181.69     0.01     0.00    -0.00   0.020   47
   174.90    43.16   181.69     0.01     0.00    -0.00   0.021   48
   174.90    42.18   180.68     0.01     0.00    -0.00   0.020   49
   175.88    42.18   180.68     0.01     0.00    -0.01   0.021   50
   174.90    43.16   179.66     0.01     0.00    -0.00   0.020   51
   176.85    43.16   181.69     0.01     0.00    -0.00   0.021   52
   175.88    42.18   181.69     0.01     0.00    -0.00   0.020   53
   175.88    43.16   181.69     0.01     0.00    -0.00   0.021   54
   174.90    42.18   180.68     0.01     0.01    -0.00   0.020   55
   175.88    43.16   181.69     0.00     0.00    -0.00   0.021   56
   173.92    43.16   181.69     0.01     0.00    -0.00   0.020   57
   174.90    42.18   181.69     0.01     0.00    -0.00   0.021   58
   175.88    42.18   180.68     0.01     0.00    -0.00   0.020   59
   175.88    43.16   180.68     0.01     0.00    -0.00   0.021   60
   175.88    43.16   181.69     0.01     0.00    -0.00   0.020   61
   174.90    43.16   181.69     0.01     0.00    -0.00   0.021   62
   175.88    42.18   180.68     0.01     0.00    -0.00   0.020   63
   174.90    42.18   180.68     0.01     0.00    -0.00   0.021   64
   174.90    43.16   180.68     0.01     0.00    -0.00   0.020   65
   174.90    44.14   182.71     0.01     0.00    -0.00   0.020   66
   174.90    43.16   180.68     0.01     0.00    -0.00   0.021   67
   175.88    44.14   181.69     0.01     0.00    -0.00   0.020   68
   175.88    43.16   180.68     0.01     0.00    -0.00   0.021   69
   174.90    42.18   180.68     0.00     0.00    -0.00   0.020   70
   176.85    42.18   181.69     0.01     0.00    -0.00   0.021   71
   175.88    42.18   182.71     0.01     0.00    -0.00   0.020   72
   174.90    42.18   181.69     0.01     0.00    -0.00   0.021   73
   174.90    42.18   181.69     0.01     0.00    -0.00   0.020   74
   175.88    43.16   180.68     0.01     0.00    -0.00   0.021   75
   174.90    44.14   182.71     0.01     0.00    -0.00   0.020   76
   174.90    43.16   181.69     0.01     0.00    -0.00   0.021   77
   174.90    44.14   181.69     0.01     0.00    -0.00   0.020   78
   175.88    43.16   179.66     0.01     0.00    -0.00   0.021   79
   174.90    43.16   180.68     0.01     0.00    -0.00   0.020   80
   175.88    43.16   180.68     0.01     0.00    -0.00   0.021   81
   174.90    43.16   181.69     0.01     0.00    -0.00   0.020   82
   174.90    42.18   180.68     0.01     0.00    -0.00   0.021   83
   173.92    43.16   180.68     0.01     0.00    -0.00   0.020   84
   175.88    42.18   180.68     0.01     0.00    -0.00   0.021   85
   174.90    44.14   180.68     0.01     0.00    -0.00   0.020   86
   175.88    43.16   180.68     0.01     0.00    -0.00   0.021   87
   176.85    42.18   181.69     0.01     0.00    -0.00   0.020   88
   175.88    43.16   182.71     0.01     0.00    -0.00   0.021   89
   175.88    43.16   180.68     0.01     0.00    -0.00   0.020   90
   174.90    43.16   180.68     0.01     0.00    -0.00   0.020   91
   174.90    44.14   181.69     0.01     0.00    -0.00   0.021   92
   175.88    43.16   180.68     0.01     0.00    -0.00   0.020   93
   174.90    42.18   181.69     0.01     0.00    -0.00   0.021   94
   174.90    43.16   179.66     0.01     0.00    -0.00   0.020   95
   174.90    43.16   181.69     0.01     0.00    -0.00   0.021   96
   175.88    43.16   181.69     0.01     0.00    -0.00   0.020   97
   175.88    42.18   179.66     0.01     0.00    -0.00   0.021   98
   174.90    42.18   180.68     0.01     0.00    -0.00   0.020   99
   175.88    42.18   181.69     0.01     0.00    -0.00   0.021  100
   175.88    42.18   180.68     0.01     0.00    -0.00   0.020  101
   174.90    42.18   180.68     0.01     0.00    -0.00   0.021  102
   175.88    42.18   180.68     0.01     0.00    -0.00   0.020  103
   174.90    43.16   181.69     0.01     0.00    -0.00   0.021  104
   174.90    43.16   179.66     0.01     0.00    -0.00   0.020  105
   175.88    43.16   179.66     0.01     0.00    -0.00   0.021  106
   174.90    43.16   179.66     0.01     0.00    -0.00   0.020  107
   175.88    43.16   179.66     0.01     0.00    -0.00   0.021  108
   175.88    43.16   182.71     0.01     0.00    -0.00   0.020  109
   174.90    42.18   181.69     0.01     0.00    -0.00   0.021  110
   174.90    44.14   181.69     0.01     0.00    -0.00   0.020  111
   175.88    43.16   180.68     0.01     0.00    -0.00   0.021  112
   176.85    43.16   179.66     0.01     0.00    -0.00   0.020  113
   174.90    43.16   181.69     0.01     0.00    -0.00   0.021  114
   175.88    43.16   180.68     0.01     0.00    -0.00   0.020  115
   174.90    43.16   181.69     0.01     0.00    -0.00   0.020  116
   174.90    44.14   181.69     0.01     0.00    -0.00   0.021  117
   174.90    44.14   181.69     0.01     0.00    -0.00   0.020  118
   175.88    43.16   180.68     0.01     0.00    -0.00   0.021  119
   175.88    42.18   182.71     0.01     0.00    -0.00   0.020  120
   175.88    42.18   180.68     0.01     0.00    -0.00   0.021  121
   175.88    42.18   180.68     0.01     0.00    -0.00   0.020  122
   174.90    42.18   180.68     0.01     0.00    -0.00   0.021  123
   174.90    42.18   180.68     0.01     0.00    -0.00   0.020  124
   175.88    43.16   180.68     0.01     0.00    -0.00   0.021  125
   175.88    42.18   181.69     0.01     0.00    -0.00   0.020  126
   175.88    43.16   179.66     0.01     0.00    -0.00   0.021  127
   174.90    43.16   180.68     0.01     0.00    -0.00   0.020  128
   175.88    43.16   179.66     0.01     0.00    -0.00   0.021  129
   175.88    43.16   180.68     0.01     0.00    -0.00   0.020  130
   174.90    42.18   180.68     0.01     0.00    -0.00   0.021  131
   175.88    43.16   180.68     0.01     0.00    -0.00   0.020  132
   174.90    44.14   180.68     0.01     0.00    -0.00   0.021  133
   174.90    43.16   180.68     0.01     0.00    -0.00   0.020  134
   173.92    43.16   181.69     0.01     0.00    -0.00   0.021  135
   174.90    43.16   180.68     0.01     0.00    -0.00   0.020  136
   174.90    43.16   180.68     0.01     0.00    -0.00   0.021  137
   175.88    43.16   181.69     0.01     0.00    -0.00   0.020  138
   174.90    43.16   180.68     0.01     0.00    -0.00   0.021  139
   176.85    43.16   179.66     0.01     0.00    -0.00   0.020  140
   175.88    43.16   180.68     0.00     0.00    -0.00   0.020  141
   174.90    43.16   181.69     0.01     0.00    -0.00   0.021  142
   176.85    43.16   180.68     0.01     0.00    -0.00   0.020  143
   174.90    43.16   180.68     0.01     0.00    -0.00   0.021  144
   175.88    43.16   181.69     0.01     0.00    -0.00   0.020  145
   175.88    43.16   181.69     0.01     0.00    -0.00   0.021  146
   176.85    43.16   181.69     0.01     0.00    -0.00   0.020  147
   175.88    43.16   180.68     0.01     0.00    -0.00   0.021  148
   175.88    42.18   180.68     0.01     0.00    -0.00   0.020  149
   176.85    43.16   180.68     0.01     0.00    -0.00   0.021  150
   175.88    42.18   181.69     0.01     0.00    -0.00   0.020  151
   175.88    42.18   180.68     0.01     0.00    -0.00   0.021  152
   175.88    42.18   181.69     0.01     0.00    -0.00   0.020  153
   175.88    43.16   181.69     0.01     0.00    -0.00   0.021  154
   174.90    44.14   179.66     0.01     0.00    -0.00   0.020  155
   175.88    43.16   181.69     0.01     0.00    -0.00   0.021  156
   175.88    42.18   180.68     0.01     0.00    -0.00   0.020  157
   175.88    42.18   180.68     0.01     0.00    -0.00   0.021  158
   174.90    43.16   180.68     0.01     0.00    -0.00   0.020  159
   175.88    42.18   179.66     0.01     0.00    -0.00   0.021  160
   175.88    43.16   181.69     0.01     0.00    -0.00   0.020  161
   174.90    43.16   180.68     0.01     0.00    -0.00   0.021  162
   174.90    44.14   181.69     0.01     0.00    -0.00   0.020  163
   174.90    44.14   180.68     0.01     0.00    -0.00   0.021  164
   174.90    42.18   181.69     0.01     0.00    -0.00   0.020  165
   175.88    43.16   180.68     0.01     0.00    -0.00   0.020  166
   174.90    42.18   180.68     0.01     0.00    -0.00   0.021  167
   175.88    43.16   181.69     0.00     0.00    -0.00   0.020  168
   175.88    42.18   181.69     0.01     0.00    -0.00   0.021  169
   176.85    42.18   181.69     0.01     0.00    -0.00   0.020  170
   175.88    43.16   180.68     0.01     0.00    -0.00   0.021  171
   174.90    42.18   180.68     0.01     0.00    -0.00   0.020  172
   176.85    42.18   180.68     0.01     0.00    -0.00   0.021  173
   174.90    42.18   179.66     0.01     0.00    -0.00   0.020  174
   175.88    42.18   182.71     0.01     0.00    -0.00   0.021  175
   175.88    42.18   179.66     0.01     0.00    -0.00   0.020  176
   175.88    44.14   181.69     0.01     0.00    -0.00   0.021  177
   175.88    43.16   181.69     0.01     0.00    -0.00   0.020  178
   174.90    44.14   181.69     0.01     0.00    -0.00   0.021  179
   175.88    43.16   181.69     0.01     0.00    -0.00   0.020  180
   175.88    43.16   179.66     0.01     0.00    -0.00   0.021  181
   175.88    43.16   179.66     0.01     0.00    -0.00   0.020  182
   175.88    44.14   181.69     0.01     0.00    -0.00   0.021  183
   176.85    43.16   180.68     0.00     0.00    -0.00   0.020  184
   175.88    43.16   180.68     0.00     0.01    -0.00   0.021  185
   174.90    42.18   180.68     0.00     0.00    -0.00   0.020  186
   174.90    43.16   179.66     0.01     0.00    -0.00   0.021  187
   175.88    43.16   179.66     0.01     0.00    -0.00   0.020  188
   174.90    43.16   182.71     0.01     0.00    -0.00   0.021  189
   174.90    43.16   180.68     0.01     0.00    -0.00   0.020  190
   175.88    44.14   179.66     0.01     0.00    -0.00   0.020  191
   176.85    43.16   180.68     0.01     0.00    -0.00   0.021  192
   175.88    43.16   179.66     0.01     0.00    -0.00   0.020  193
   174.90    43.16   180.68     0.01     0.00    -0.00   0.021  194
   175.88    43.16   178.64     0.01     0.00    -0.00   0.020  195
   175.88    42.18   179.66     0.01     0.00    -0.00   0.021  196
   175.88    43.16   180.68     0.01     0.00    -0.01   0.020  197
   174.90    44.14   179.66     0.01     0.00    -0.00   0.021  198
   175.88    42.18   182.71     0.01     0.00    -0.00   0.020  199
   174.90    43.16   179.66     0.01     0.00    -0.00   0.021  200
   175.88    43.16   179.66     0.01     0.00    -0.00   0.020  201
   175.88    44.14   179.66     0.01     0.00    -0.00   0.021  202
   174.90    43.16   181.69     0.01     0.00    -0.00   0.020  203
   175.88    43.16   180.68     0.01     0.00    -0.00   0.021  204
   174.90    44.14   180.68     0.01     0.00    -0.00   0.020  205
   175.88    44.14   181.69     0.01     0.00    -0.00   0.021  206
   174.90    43.16   180.68     0.01     0.00    -0.00   0.020  207
   174.90    43.16   179.66     0.01     0.00    -0.00   0.021  208
   175.88    43.16   180.68     0.01     0.00    -0.00   0.020  209
   175.88    42.18   180.68     0.01     0.00    -0.00   0.021  210
   174.90    42.18   180.68     0.01     0.00    -0.00   0.020  211
   175.88    42.18   180.68     0.01     0.00    -0.00   0.021  212
   174.90    42.18   180.68     0.01     0.00    -0.00   0.020  213
   174.90    42.18   180.68     0.01     0.00    -0.00   0.021  214
   175.88    41.20   179.66     0.01     0.00    -0.00   0.020  215
   176.85    42.18   180.68     0.01     0.00    -0.00   0.020  216
   175.88    44.14   180.68     0.01     0.00    -0.00   0.021  217
   175.88    43.16   181.69     0.01     0.00    -0.00   0.020  218
   175.88    44.14   179.66     0.01     0.00    -0.00   0.021  219
   175.88    42.18   180.68     0.01     0.00    -0.00   0.020  220
   176.85    43.16   181.69     0.01     0.00    -0.00   0.021  221
   174.90    43.16   180.68     0.01     0.00    -0.00   0.020  222
   175.88    43.16   180.68     0.01     0.00    -0.00   0.021  223
   174.90    42.18   180.68     0.01     0.00    -0.01   0.020  224
   174.90    42.18   179.66     0.01     0.00    -0.00   0.021  225
   175.88    43.16   182.71     0.01     0.00    -0.00   0.020  226
   175.88    43.16   180.68     0.01     0.00    -0.00   0.021  227
   175.88    43.16   180.68     0.01     0.00    -0.00   0.020  228
   176.85    43.16   180.68     0.00     0.00    -0.00   0.021  229
   177.83    42.18   179.66     0.01     0.00    -0.00   0.020  230
   176.85    43.16   179.66     0.01     0.00    -0.00   0.021  231
   176.85    43.16   181.69     0.01     0.00    -0.00   0.020  232
   174.90    43.16   181.69     0.01     0.00    -0.00   0.021  233
   174.90    43.16   180.68     0.01     0.00    -0.00   0.020  234
   175.88    43.16   180.68     0.01     0.00    -0.00   0.021  235
   175.88    44.14   180.68     0.01     0.00    -0.00   0.020  236
   175.88    43.16   180.68     0.01     0.00    -0.00   0.021  237
   174.90    43.16   181.69     0.01     0.00    -0.00   0.020  238
   175.88    42.18   180.68     0.01     0.00    -0.00   0.021  239
   176.85    43.16   180.68     0.01     0.00    -0.00   0.020  240
   174.90    43.16   179.66     0.01     0.00    -0.00   0.020  241
   174.90    42.18   180.68     0.01     0.00    -0.00   0.021  242
   175.88    42.18   181.69     0.01     0.00    -0.00   0.020  243
   174.90    43.16   181.69     0.01     0.00    -0.00   0.021  244
   175.88    43.16   181.69     0.01     0.00    -0.00   0.020  245
   175.88    44.14   179.66     0.01     0.00    -0.00   0.021  246
   174.90    43.16   181.69     0.01     0.00    -0.00   0.020  247
   175.88    43.16   180.68     0.01     0.00    -0.00   0.021  248
   176.85    42.18   181.69     0.01     0.00    -0.00   0.020  249
   174.90    43.16   180.68     0.01     0.00    -0.00   0.021  250
   175.88    43.16   181.69     0.01     0.00    -0.00   0.020  251
   175.88    41.20   179.66     0.01     0.00    -0.00   0.021  252
   175.88    43.16   180.68     0.01     0.00    -0.00   0.020  253
   175.88    44.14   180.68     0.00     0.00    -0.00   0.021  254
   174.90    43.16   181.69     0.01     0.00    -0.00   0.020  255
   176.85    42.18   180.68     0.01     0.00    -0.00   0.021    0
   175.88    44.14   180.68     0.01     0.00    -0.00   0.020    1
   174.90    42.18   179.66     0.01     0.00    -0.00   0.021    2
   176.85    44.14   180.68     0.01     0.00    -0.00   0.020    3
   174.90    41.20   180.68     0.01     0.00    -0.00   0.021    4
   175.88    44.14   180.68     0.01     0.00    -0.00   0.020    5
   176.85    42.18   179.66     0.01     0.00    -0.00   0.021    6
   175.88    42.18   180.68     0.01     0.00    -0.00   0.020    7
   173.92    44.14   182.71     0.01     0.00    -0.00   0.021    8
   176.85    43.16   181.69     0.01     0.00    -0.00   0.020    9
   176.85    42.18   180.68     0.01     0.00    -0.00   0.020   10
   176.85    43.16   180.68     0.01     0.00    -0.00   0.021   11
   175.88    42.18   179.66     0.01     0.00    -0.00   0.020   12
   175.88    42.18   180.68     0.01     0.01    -0.00   0.021   13
   174.90    42.18   180.68     0.01     0.00    -0.00   0.020   14
   176.85    43.16   180.68     0.01     0.00    -0.00   0.021   15
   175.88    44.14   180.68     0.01     0.00    -0.00   0.020   16
   174.90    43.16   181.69     0.01     0.00    -0.00   0.021   17
   175.88    42.18   180.68     0.01     0.00    -0.00   0.020   18
   175.88    43.16   180.68     0.01     0.00    -0.00   0.021   19
   175.88    43.16   180.68     0.01     0.00    -0.00   0.020   20
   175.88    43.16   180.68     0.01     0.00    -0.00   0.021   21
   174.90    42.18   180.68     0.01     0.00    -0.00   0.020   22
   175.88    43.16   181.69     0.01     0.00    -0.00   0.021   23
   175.88    44.14   180.68     0.01     0.00    -0.00   0.020   24
   174.90    43.16   181.69     0.01     0.00    -0.00   0.021   25
   174.90    42.18   180.68     0.01     0.00    -0.00   0.020   26
   175.88    43.16   181.69     0.01     0.00    -0.00   0.021   27
   174.90    43.16   181.69     0.01     0.00    -0.00   0.020   28
   176.85    43.16   180.68     0.01     0.00    -0.00   0.021   29
   175.88    42.18   180.68     0.01     0.00    -0.00   0.020   30
   176.85    43.16   180.68     0.01     0.00    -0.00   0.021   31
   175.88    43.16   181.69     0.01     0.00    -0.00   0.020   32
   175.88    44.14   181.69     0.01     0.00    -0.00   0.021   33
   176.85    43.16   181.69     0.01     0.00    -0.00   0.020   34
   175.88    43.16   180.68     0.01     0.00    -0.00   0.020   35
   175.88    43.16   179.66     0.01     0.00    -0.00   0.021   36
   175.88    43.16   181.69     0.01     0.00    -0.00   0.020   37
   175.88    43.16   180.68     0.01     0.00    -0.00   0.021   38
   174.90    41.20   180.68     0.01     0.00    -0.00   0.020   39
   175.88    43.16   181.69     0.01     0.00    -0.00   0.021   40
   177.83    43.16   180.68     0.01     0.00    -0.00   0.020   41
   175.88    43.16   180.68     0.00     0.00    -0.00   0.021   42
   174.90    44.14   180.68     0.01     0.00    -0.00   0.020   43
   174.90    43.16   180.68     0.01     0.00    -0.00   0.021   44
   175.88    42.18   179.66     0.01     0.00    -0.00   0.020   45
   175.88    43.16   180.68     0.01     0.00    -0.00   0.021   46
   175.88    44.14   179.66     0.01     0.00    -0.00   0.020   47
   175.88    44.14   180.68     0.01     0.00    -0.00   0.021   48
   175.88    43.16   180.68     0.01     0.00    -0.00   0.020   49
   175.88    42.18   180.68     0.01     0.00    -0.00   0.021   50
   174.90    43.16   179.66     0.01     0.00    -0.00   0.020   51
   176.85    43.16   180.68     0.01     0.00    -0.00   0.021   52
   175.88    42.18   180.68     0.01     0.00    -0.00   0.020   53
   175.88    44.14   180.68     0.01     0.00    -0.00   0.021   54
   174.90    43.16   179.66     0.01     0.00    -0.00   0.020   55
   175.88    42.18   179.66     0.01     0.00    -0.00   0.021   56
   174.90    45.12   180.68     0.01     0.00    -0.00   0.020   57
   174.90    45.12   181.69     0.01     0.00    -0.00   0.021   58
   174.90    43.16   181.69     0.01     0.00    -0.00   0.020   59
   175.88    43.16   180.68     0.01     0.00    -0.00   0.020   60
   175.88    43.16   180.68     0.01     0.00    -0.00   0.021   61
   175.88    43.16   180.68     0.01     0.00    -0.00   0.020   62
   175.88    44.14   180.68     0.01     0.00    -0.00   0.021   63
   174.90    43.16   180.68     0.01     0.00    -0.00   0.020   64
   175.88    43.16   180.68     0.01     0.00    -0.00   0.021   65
   174.90    43.16   181.69     0.01     0.00    -0.00   0.020   66
   175.88    42.18   180.68     0.01     0.00    -0.00   0.021   67
   175.88    43.16   181.69     0.01     0.00    -0.00   0.020   68
   175.88    43.16   179.66     0.01     0.00    -0.00   0.021   69
   174.90    43.16   181.69     0.01     0.00    -0.00   0.020   70
   174.90    43.16   179.66     0.01     0.00    -0.00   0.021   71
   174.90    43.16   179.66     0.01     0.00    -0.00   0.020   72
   175.88    44.14   180.68     0.01     0.00    -0.00   0.021   73
   174.90    42.18   180.68     0.01     0.00    -0.00   0.020   74
   175.88    43.16   180.68     0.01     0.00    -0.00   0.021   75
   173.92    43.16   179.66     0.01     0.00    -0.00   0.020   76
   175.88    43.16   180.68     0.01     0.00    -0.00   0.021   77
   174.90    45.12   179.66     0.01     0.00    -0.00   0.020   78
   176.85    43.16   180.68     0.01     0.00    -0.00   0.021   79
   175.88    43.16   181.69     0.01     0.00    -0.00   0.020   80
   174.90    43.16   179.66     0.01     0.00    -0.00   0.021   81
   175.88    42.18   179.66     0.00     0.00    -0.00   0.020   82
   174.90    44.14   181.69     0.01     0.00    -0.00   0.021   83
   175.88    43.16   180.68     0.01     0.00    -0.00   0.020   84
   175.88    42.18   180.68     0.01     0.00    -0.00   0.020   85
   176.85    42.18   181.69     0.01     0.00    -0.00   0.021   86
   174.90    42.18   179.66     0.01     0.00    -0.00   0.020   87
   175.88    42.18   180.68     0.01     0.00    -0.00   0.021   88
   175.88    42.18   179.66     0.01     0.00    -0.00   0.020   89
   174.90    44.14   179.66     0.01     0.00    -0.00   0.021   90
   174.90    43.16   179.66     0.01     0.00    -0.00   0.020   91
   176.85    43.16   181.69     0.01     0.00    -0.00   0.021   92
   175.88    43.16   179.66     0.01     0.00    -0.00   0.020   93
   175.88    42.18   179.66     0.01     0.00    -0.00   0.021   94
   174.90    42.18   180.68     0.01     0.00    -0.00   0.020   95
   174.90    43.16   181.69     0.01     0.00    -0.00   0.021   96
   176.85    43.16   180.68     0.01     0.00    -0.00   0.020   97
   175.88    43.16   180.68     0.01     0.00    -0.00   0.021   98
   175.88    43.16   181.69     0.01     0.00    -0.00   0.020   99
   175.88    41.20   179.66     0.01     0.00    -0.00   0.021  100
   176.85    43.16   181.69     0.01     0.00    -0.00   0.020  101
   176.85    43.16   181.69     0.01     0.00    -0.00   0.021  102
   174.90    44.14   180.68     0.01     0.00    -0.00   0.020  103
   175.88    42.18   180.68     0.01     0.00    -0.00   0.021  104
   174.90    43.16   178.64     0.01     0.00    -0.00   0.020  105
   175.88    43.16   179.66     0.01     0.00    -0.00   0.021  106
   175.88    43.16   181.69     0.01     0.00    -0.00   0.020  107
   175.88    45.12   179.66     0.01     0.00    -0.00   0.021  108
   175.88    43.16   180.68     0.01     0.00    -0.00   0.020  109
   175.88    42.18   180.68     0.01     0.00    -0.00   0.020  110
   176.85    43.16   181.69     0.01     0.00    -0.00   0.021  111
   174.90    43.16   180.68     0.01     0.00    -0.00   0.020  112
   175.88    43.16   181.69     0.01     0.00    -0.00   0.021  113
   175.88    43.16   180.68     0.01     0.00    -0.00   0.020  114
   175.88    43.16   180.68     0.01     0.00    -0.00   0.021  115
   175.88    44.14   180.68     0.01     0.00    -0.00   0.020  116
   175.88    45.12   180.68     0.01     0.00    -0.00   0.021  117
   175.88    43.16   180.68     0.01     0.00    -0.00   0.020  118
   175.88    42.18   180.68     0.01     0.00    -0.00   0.021  119
   174.90    43.16   180.68     0.01     0.00    -0.00   0.020  120
   176.85    42.18   181.69     0.01     0.00    -0.00   0.021  121
   174.90    43.16   179.66     0.01     0.00    -0.00   0.020  122
   174.90    42.18   180.68     0.01     0.00    -0.00   0.021  123
   175.88    42.18   179.66     0.01     0.00    -0.00   0.020  124
   175.88    43.16   179.66     0.01     0.00    -0.00   0.021  125
   176.85    43.16   180.68     0.01     0.00    -0.00   0.020  126
   174.90    44.14   180.68     0.01     0.00    -0.00   0.021  127
   176.85    42.18   179.66     0.01     0.00    -0.00   0.020  128
   174.90    42.18   180.68     0.01     0.00    -0.00   0.021  129
   175.88    43.16   180.68     0.01     0.00    -0.00   0.020  130
   175.88    43.16   180.68     0.01     0.00    -0.00   0.021  131
   174.90    43.16   179.66     0.01     0.00    -0.00   0.020  132
   177.83    42.18   178.64     0.01     0.00    -0.00   0.021  133
   174.90    42.18   181.69     0.01     0.00    -0.00   0.020  134
   175.88    44.14   179.66     0.01     0.00    -0.00   0.020  135
   175.88    43.16   179.66     0.01     0.00    -0.00   0.021  136
   175.88    42.18   180.68     0.01     0.00    -0.00   0.020  137
   175.88    43.16   179.66     0.01     0.00    -0.00   0.021  138
   175.88    44.14   180.68     0.01     0.00    -0.00   0.020  139
   174.90    44.14   180.68     0.01     0.00    -0.00   0.021  140
   176.85    42.18   179.66     0.01     0.00    -0.00   0.020  141
   174.90    44.14   180.68     0.01     0.00    -0.00   0.021  142
   175.88    42.18   180.68     0.01     0.00    -0.00   0.020  143
   175.88    42.18   180.68     0.01     0.00    -0.00   0.021  144
   176.85    43.16   180.68     0.00     0.01    -0.00   0.020  145
   177.83    42.18   180.68     0.01     0.01    -0.00   0.021  146
   174.90    43.16   181.69     0.01     0.01    -0.00   0.020  147
   174.90    43.16   180.68     0.01     0.00    -0.00   0.021  148
   175.88    43.16   180.68     0.01     0.00    -0.00   0.020  149
   175.88    42.18   180.68     0.01     0.00    -0.00   0.021  150
   175.88    43.16   180.68     0.01     0.00    -0.00   0.020  151
   175.88    44.14   179.66     0.01     0.00    -0.00   0.021  152
   175.88    43.16   179.66     0.01     0.00    -0.00   0.020  153
   176.85    42.18   179.66     0.01     0.00    -0.00   0.021  154
   175.88    42.18   179.66     0.01     0.00    -0.00   0.020  155
   175.88    43.16   180.68     0.01     0.00    -0.00   0.021  156
   174.90    43.16   179.66     0.01     0.00    -0.00   0.020  157
   174.90    41.20   180.68     0.01     0.00    -0.00   0.021  158
   173.92    44.14   181.69     0.01     0.00    -0.00   0.020  159
   174.90    42.18   180.68     0.01     0.00    -0.00   0.020  160
   175.88    43.16   180.68     0.01     0.00    -0.00   0.021  161
   175.88    43.16   179.66     0.01     0.00    -0.00   0.020  162
   175.88    43.16   179.66     0.01     0.00    -0.00   0.021  163
   175.88    43.16   179.66     0.00     0.00    -0.00   0.020  164
   174.90    43.16   179.66     0.01     0.00    -0.00   0.021  165
   174.90    42.18   179.66     0.01     0.00    -0.00   0.020  166
   174.90    41.20   180.68     0.01     0.00    -0.00   0.021  167
   175.88    44.14   180.68     0.01     0.00    -0.00   0.020  168
   175.88    43.16   180.68     0.00     0.00    -0.00   0.021  169
   175.88    42.18   179.66     0.01     0.00    -0.00   0.020  170
   175.88    43.16   181.69     0.01     0.00    -0.00   0.021  171
   174.90    43.16   181.69     0.01     0.00    -0.00   0.020  172
   175.88    42.18   180.68     0.01     0.00    -0.00   0.021  173
   175.88    42.18   181.69     0.01     0.00    -0.00   0.020  174
   176.85    42.18   182.71     0.01     0.00    -0.00   0.021  175
   175.88    43.16   180.68     0.01     0.00    -0.00   0.020  176
   175.88    43.16   181.69     0.01     0.00    -0.00   0.021  177
   175.88    43.16   179.66     0.01     0.00    -0.00   0.020  178
   174.90    42.18   180.68     0.01     0.00    -0.00   0.021  179
   175.88    43.16   180.68     0.01     0.00    -0.00   0.020  180
   175.88    44.14   181.69     0.01     0.00    -0.00   0.021  181
   176.85    43.16   180.68     0.01     0.00    -0.00   0.020  182
   174.90    43.16   179.66     0.01     0.00    -0.00   0.021  183
   176.85    43.16   180.68     0.01     0.00    -0.00   0.020  184
   175.88    43.16   180.68     0.01     0.00    -0.00   0.020  185
   176.85    43.16   179.66     0.01     0.00    -0.00   0.021  186
   176.85    43.16   179.66     0.01     0.00    -0.01   0.020  187
   175.88    43.16   180.68     0.01     0.00    -0.00   0.021  188
   175.88    43.16   180.68     0.01     0.01    -0.00   0.020  189
   175.88    43.16   182.71     0.01     0.01    -0.00   0.021  190
   174.90    43.16   180.68     0.01     0.00    -0.00   0.020  191
   175.88    42.18   180.68     0.01     0.00    -0.00   0.021  192
   174.90    42.18   180.68     0.01     0.00    -0.00   0.020  193
   176.85    43.16   181.69     0.01     0.00    -0.00   0.021  194
   175.88    43.16   181.69     0.01     0.00    -0.00   0.020  195
   175.88    43.16   181.69     0.01     0.00    -0.00   0.021  196
   174.90    42.18   180.68     0.01     0.00    -0.00   0.020  197
   174.90    43.16   179.66     0.01     0.00    -0.00   0.021  198
   175.88    43.16   180.68     0.01     0.00    -0.00   0.020  199
   174.90    43.16   180.68     0.01     0.00    -0.00   0.021  200
   174.90    43.16   181.69     0.01     0.00    -0.00   0.020  201
   176.85    42.18   180.68     0.01     0.00    -0.00   0.021  202
   175.88    43.16   180.68     0.01     0.00    -0.00   0.020  203
   175.88    43.16   181.69     0.01     0.00    -0.00   0.021  204
   176.85    42.18   182.71     0.01     0.00    -0.00   0.020  205
   175.88    43.16   179.66     0.00     0.00    -0.00   0.021  206
   175.88    44.14   180.68     0.01     0.00    -0.00   0.020  207
   175.88    42.18   182.71     0.01     0.00    -0.00   0.021  208
   176.85    43.16   181.69     0.01     0.00    -0.00   0.020  209
   175.88    43.16   181.69     0.01     0.00    -0.00   0.020  210
   175.88    43.16   180.68     0.01     0.00    -0.00   0.021  211
   174.90    43.16   179.66     0.01     0.00    -0.00   0.020  212
   176.85    44.14   179.66     0.01     0.00    -0.00   0.021  213
   176.85    43.16   180.68     0.01     0.00    -0.00   0.020  214
   175.88    42.18   180.68     0.01     0.00    -0.00   0.021  215
   174.90    42.18   180.68     0.01     0.00    -0.00   0.020  216
   175.88    43.16   180.68     0.01     0.00    -0.00   0.021  217
   176.85    43.16   180.68     0.01     0.00    -0.00   0.020  218
   174.90    43.16   180.68     0.01     0.00    -0.00   0.021  219
   174.90    43.16   181.69     0.01     0.00    -0.00   0.020  220
   175.88    43.16   180.68     0.01     0.00    -0.00   0.021  221
   175.88    44.14   181.69     0.01     0.00    -0.00   0.020  222
   174.90    43.16   179.66     0.01     0.00    -0.00   0.021  223
   174.90    42.18   179.66     0.01     0.00    -0.00   0.020  224
   174.90    43.16   181.69     0.01     0.00    -0.00   0.021  225
   174.90    44.14   180.68     0.01     0.00    -0.00   0.020  226
   175.88    41.20   181.69     0.01     0.00    -0.00   0.021  227
   175.88    43.16   180.68     0.01     0.00    -0.00   0.020  228
   173.92    42.18   181.69     0.01     0.00    -0.00   0.021  229
   174.90    43.16   180.68     0.01     0.00    -0.00   0.020  230
   175.88    43.16   181.69     0.01     0.00    -0.00   0.021  231
   174.90    44.14   181.69     0.01     0.00    -0.00   0.020  232
   175.88    42.18   180.68     0.01     0.00    -0.00   0.021  233
   175.88    43.16   181.69     0.01     0.00    -0.00   0.020  234
   174.90    43.16   181.69     0.01     0.00    -0.00   0.020  235
   175.88    43.16   180.68     0.01     0.00    -0.00   0.021  236
   175.88    43.16   179.66     0.00     0.00    -0.00   0.020  237
   175.88    45.12   179.66     0.01     0.00    -0.00   0.021  238
   175.88    43.16   180.68     0.01     0.00    -0.00   0.020  239
   174.90    44.14   181.69     0.01     0.00    -0.00   0.021  240
   174.90    43.16   180.68     0.01     0.00    -0.00   0.020  241
   174.90    43.16   181.69     0.01     0.00    -0.00   0.021  242
   174.90    43.16   181.69     0.01     0.00    -0.00   0.020  243
   175.88    43.16   181.69     0.01     0.00    -0.00   0.021  244
   175.88    43.16   180.68     0.01     0.00    -0.00   0.020  245
   175.88    43.16   180.68     0.01     0.00    -0.00   0.021  246
   174.90    43.16   179.66     0.01     0.00    -0.00   0.020  247
   174.90    44.14   181.69     0.01     0.00    -0.00   0.021  248
   175.88    43.16   180.68     0.01     0.00    -0.00   0.020  249
   174.90    43.16   179.66     0.01     0.00    -0.00   0.021  250
   174.90    43.16   179.66     0.01     0.00    -0.00   0.020  251
   174.90    43.16   180.68     0.00     0.00    -0.00   0.021  252
   176.85    43.16   180.68     0.01     0.00    -0.00   0.020  253
   176.85    43.16   180.68     0.01     0.00    -0.00   0.021  254
   174.90    42.18   181.69     0.01     0.00    -0.00   0.020  255
   175.88    42.18   179.66     0.01     0.00    -0.00   0.021    0
   174.90    43.16   180.68     0.01     0.00    -0.00   0.020    1
   175.88    44.14   180.68     0.01     0.00    -0.00   0.021    2
   173.92    42.18   180.68     0.01     0.00    -0.00   0.020    3
   174.90    42.18   179.66     0.01     0.00    -0.00   0.020    4
   174.90    43.16   180.68     0.01     0.00    -0.00   0.021    5
   174.90    42.18   181.69     0.01     0.00    -0.00   0.020    6
   174.90    44.14   182.71     0.01     0.00    -0.00   0.021    7
   173.92    44.14   179.66     0.01     0.00    -0.00   0.020    8
   175.88    42.18   181.69     0.01     0.00    -0.00   0.021    9
   175.88    43.16   180.68     0.01     0.00    -0.00   0.020   10
   174.90    44.14   180.68     0.01     0.00    -0.00   0.021   11
   174.90    43.16   179.66     0.01     0.00    -0.00   0.020   12
   174.90    43.16   180.68     0.01     0.00    -0.00   0.021   13
   174.90    44.14   180.68     0.01     0.00    -0.00   0.020   14
   175.88    43.16   180.68     0.01     0.00    -0.00   0.021   15
   175.88    43.16   181.69     0.01     0.00    -0.00   0.020   16
   174.90    42.18   181.69     0.01     0.00    -0.00   0.021   17
   173.92    42.18   179.66     0.01     0.00    -0.00   0.020   18
   175.88    44.14   179.66     0.01     0.00    -0.00   0.021   19
   175.88    42.18   181.69     0.01     0.00    -0.00   0.020   20
   174.90    43.16   181.69     0.01     0.00    -0.00   0.021   21
   175.88    42.18   181.69     0.01     0.00    -0.00   0.020   22
   175.88    42.18   179.66     0.01     0.00    -0.00   0.021   23
   175.88    42.18   180.68     0.01     0.00    -0.00   0.020   24
   174.90    43.16   180.68     0.01     0.00    -0.00   0.021   25
   175.88    44.14   179.66     0.01     0.00    -0.00   0.020   26
   174.90    43.16   181.69     0.01     0.00    -0.00   0.021   27
   175.88    44.14   181.69     0.01     0.00    -0.00   0.020   28
   174.90    44.14   180.68     0.01     0.00    -0.00   0.020   29
   173.92    43.16   180.68     0.01     0.00    -0.00   0.021   30
   175.88    43.16   180.68     0.01     0.00    -0.00   0.020   31
   175.88    43.16   180.68     0.01     0.00    -0.00   0.021   32
   175.88    44.14   181.69     0.01     0.00    -0.00   0.020   33
   173.92    43.16   181.69     0.01     0.00    -0.00   0.021   34
   174.90    43.16   180.68     0.01     0.00    -0.00   0.020   35
   175.88    43.16   180.68     0.00     0.00    -0.00   0.021   36
   174.90    43.16   180.68     0.01     0.00    -0.00   0.020   37
   176.85    43.16   181.69     0.01     0.00    -0.00   0.021   38
   174.90    42.18   179.66     0.01     0.00    -0.00   0.020   39
   174.90    43.16   179.66     0.01     0.00    -0.00   0.021   40
   175.88    42.18   180.68     0.01     0.00    -0.00   0.020   41
   173.92    43.16   180.68     0.01     0.00    -0.00   0.021   42
   174.90    42.18   180.68     0.01     0.00    -0.00   0.020   43
   174.90    43.16   181.69     0.01     0.00    -0.00   0.021   44
   176.85    44.14   180.68     0.01     0.00    -0.00   0.020   45
   175.88    42.18   180.68     0.01     0.00    -0.00   0.021   46
   174.90    43.16   178.64     0.01     0.00    -0.00   0.020   47
   174.90    43.16   181.69     0.01     0.00    -0.00   0.021   48
   174.90    42.18   180.68     0.01     0.00    -0.00   0.020   49
   174.90    43.16   179.66     0.01     0.00    -0.01   0.021   50
   175.88    43.16   179.66     0.01     0.00    -0.00   0.020   51
   175.88    43.16   180.68     0.01     0.00    -0.00   0.021   52
   174.90    42.18   180.68     0.01     0.00    -0.00   0.020   53
   174.90    42.18   179.66     0.01     0.00    -0.00   0.020   54
   175.88    42.18   179.66     0.01     0.00    -0.00   0.021   55
   174.90    44.14   180.68     0.01     0.00    -0.00   0.020   56
   175.88    43.16   181.69     0.01     0.00    -0.00   0.021   57
   174.90    43.16   181.69     0.01     0.00    -0.00   0.020   58
   174.90    43.16   180.68     0.01     0.00    -0.00   0.021   59
   174.90    43.16   180.68     0.01     0.00    -0.00   0.020   60
   174.90    43.16   181.69     0.01     0.00    -0.00   0.021   61
   175.88    42.18   180.68     0.01     0.00    -0.00   0.020   62
   174.90    44.14   180.68     0.01     0.00    -0.00   0.021   63
   173.92    44.14   179.66     0.01     0.00    -0.00   0.020   64
   174.90    43.16   180.68     0.01     0.00    -0.00   0.021   65
   176.85    42.18   180.68     0.01     0.00    -0.00   0.020   66
   176.85    43.16   180.68     0.01     0.00    -0.00   0.021   67
   175.88    44.14   182.71     0.00     0.00    -0.00   0.020   68
   174.90    41.20   180.68     0.01     0.00    -0.00   0.021   69
   175.88    42.18   180.68     0.01     0.00    -0.00   0.020   70
   175.88    43.16   180.68     0.01     0.00    -0.00   0.021   71
   175.88    43.16   180.68     0.01     0.00    -0.00   0.020   72
   176.85    42.18   179.66     0.01     0.00    -0.00   0.021   73
   173.92    42.18   178.64     0.01     0.00    -0.00   0.020   74
   175.88    42.18   180.68     0.01     0.00    -0.00   0.021   75
   175.88    41.20   179.66     0.01     0.00    -0.00   0.020   76
   175.88    42.18   180.68     0.01     0.00    -0.00   0.021   77
   174.90    43.16   180.68     0.01     0.00    -0.00   0.020   78
   174.90    43.16   180.68     0.01     0.00    -0.00   0.020   79
   173.92    43.16   181.69     0.01     0.00    -0.00   0.021   80
   174.90    44.14   181.69     0.01     0.00    -0.00   0.020   81
   175.88    43.16   181.69     0.01     0.00    -0.00   0.021   82
   174.90    42.18   181.69     0.01     0.00    -0.00   0.020   83
   175.88    42.18   178.64     0.00     0.00    -0.00   0.021   84
   175.88    42.18   179.66     0.01     0.00    -0.00   0.020   85
   175.88    42.18   180.68     0.01     0.00    -0.00   0.021   86
   175.88    43.16   181.69     0.01     0.00    -0.00   0.020   87
   175.88    43.16   179.66     0.01     0.00    -0.00   0.021   88
   176.85    43.16   180.68     0.01     0.00    -0.00   0.020   89
   175.88    43.16   180.68     0.01     0.00    -0.00   0.021   90
   174.90    43.16   182.71     0.01     0.00    -0.00   0.020   91
   175.88    44.14   181.69     0.01     0.00    -0.00   0.021   92
   174.90    43.16   180.68     0.01     0.00    -0.00   0.020   93
   174.90    43.16   180.68     0.01     0.00    -0.00   0.021   94
   174.90    43.16   180.68     0.01     0.00    -0.00   0.020   95
   175.88    42.18   181.69     0.01     0.00    -0.00   0.021   96
   175.88    42.18   179.66     0.01     0.00    -0.00   0.020   97
   175.88    42.18   180.68     0.01     0.00    -0.00   0.021   98
   175.88    42.18   180.68     0.01     0.00    -0.00   0.020   99
   175.88    44.14   181.69     0.01     0.00    -0.00   0.021  100
   175.88    41.20   180.68     0.01     0.00    -0.00   0.020  101
   175.88    41.20   179.66     0.01     0.00    -0.00   0.021  102
   174.90    43.16   179.66     0.01     0.00    -0.00   0.020  103
   175.88    43.16   180.68     0.01     0.00    -0.00   0.020  104
   174.90    42.18   181.69     0.01     0.00    -0.00   0.021  105
   175.88    42.18   180.68     0.01     0.00    -0.00   0.020  106
   174.90    43.16   179.66     0.01     0.00    -0.00   0.021  107
   173.92    43.16   179.66     0.01     0.00    -0.00   0.020  108
