   161.22    45.12   197.98     0.00     0.00    -0.00   0.021    0
   161.22    43.16   194.93    -0.00     0.00    -0.00   0.020    1
   161.22    44.14   196.96    -0.00     0.00     0.00   0.021    2
   160.24    43.16   196.96    -0.00     0.00    -0.00   0.020    3
   162.20    44.14   195.94    -0.00     0.00    -0.00   0.021    4
   162.20    44.14   195.94     0.00     0.00    -0.00   0.020    5
   160.24    44.14   195.94     0.00     0.00     0.00   0.021    6
   161.22    44.14   197.98    -0.00     0.00    -0.00   0.020    7
   160.24    42.18   195.94    -0.00     0.00     0.00   0.021    8
   160.24    44.14   195.94     0.00     0.00     0.00   0.020    9
   159.27    43.16   193.91     0.00     0.00    -0.00   0.021   10
   161.22    42.18   195.94     0.00     0.00    -0.00   0.020   11
   160.24    43.16   194.93    -0.00     0.00    -0.00   0.021   12
   161.22    42.18   195.94     0.00     0.00    -0.00   0.020   13
   161.22    43.16   194.93     0.00     0.00    -0.00   0.021   14
   163.18    43.16   196.96     0.00     0.00    -0.00   0.020   15
   161.22    42.18   195.94    -0.00     0.00    -0.00   0.020   16
   161.22    45.12   196.96     0.00     0.00     0.00   0.021   17
   160.24    43.16   195.94     0.00     0.00     0.00   0.020   18
   161.22    43.16   196.96    -0.00     0.00     0.00   0.021   19
   161.22    44.14   195.94    -0.00     0.00     0.00   0.020   20
   160.24    42.18   196.96     0.00     0.00     0.00   0.021   21
   160.24    43.16   194.93     0.00     0.00     0.00   0.020   22
   161.22    42.18   194.93     0.00     0.00    -0.00   0.021   23
   161.22    45.12   196.96     0.00     0.00     0.00   0.020   24
   160.24    42.18   195.94     0.00     0.00    -0.00   0.021   25
   160.24    45.12   196.96     0.00     0.00     0.00   0.020   26
   161.22    42.18   195.94    -0.00     0.00     0.00   0.021   27
   161.22    43.16   196.96     0.00     0.00    -0.00   0.020   28
   161.22    41.20   194.93     0.00     0.00    -0.00   0.021   29
   161.22    43.16   196.96     0.00     0.00    -0.00   0.020   30
   159.27    43.16   194.93    -0.00     0.00     0.00   0.021   31
   161.22    44.14   196.96    -0.00     0.00     0.00   0.020   32
   160.24    43.16   194.93    -0.00     0.00     0.00   0.021   33
   163.18    43.16   196.96    -0.00     0.00    -0.00   0.020   34
   160.24    42.18   195.94    -0.00     0.00    -0.00   0.021   35
   162.20    43.16   197.98    -0.00     0.00    -0.00   0.020   36
   160.24    43.16   196.96    -0.00     0.00     0.00   0.021   37
   160.24    42.18   195.94    -0.00     0.00     0.00   0.020   38
   161.22    44.14   195.94    -0.00     0.01     0.00   0.021   39
   158.29    42.18   194.93    -0.00     0.00     0.00   0.020   40
   160.24    42.18   195.94    -0.00     0.00     0.00   0.020   41
   160.24    43.16   195.94    -0.00     0.00     0.00   0.021   42
   161.22    43.16   196.96    -0.00     0.00     0.00   0.020   43
   160.24    43.16   195.94    -0.00     0.00     0.00   0.021   44
   161.22    44.14   196.96     0.00     0.00     0.00   0.020   45
   160.24    43.16   195.94     0.00     0.00    -0.00   0.021   46
   162.20    44.14   196.96     0.00     0.00    -0.00   0.020   47
   160.24    43.16   196.96     0.00     0.00     0.00   0.021   48
   160.24    43.16   195.94    -0.00     0.00    -0.00   0.020   49
   161.22    42.18   195.94    -0.00     0.00     0.00   0.021   50
   160.24    43.16   195.94     0.00     0.00     0.00   0.020   51
   159.27    42.18   193.91    -0.00     0.00     0.00   0.021   52
   160.24    42.18   195.94    -0.00     0.00     0.00   0.020   53
   159.27    43.16   195.94    -0.00     0.00    -0.00   0.021   54
   160.24    42.18   194.93    -0.00     0.00    -0.00   0.020   55
   160.24    43.16   196.96    -0.00     0.00     0.00   0.021   56
   161.22    42.18   196.96     0.00     0.00     0.00   0.020   57
   162.20    43.16   197.98    -0.00     0.00    -0.00   0.021   58
   158.29    43.16   195.94     0.00     0.00     0.00   0.020   59
   161.22    43.16   195.94     0.00     0.00     0.00   0.021   60
   159.27    42.18   193.91     0.00     0.00    -0.00   0.020   61
   161.22    43.16   196.96     0.00     0.00     0.00   0.021   62
   160.24    42.18   195.94     0.00     0.00     0.00   0.020   63
   162.20    44.14   197.98     0.00     0.00    -0.00   0.021   64
   160.24    42.18   195.94     0.00     0.00    -0.00   0.020   65
   160.24    43.16   197.98     0.00     0.00    -0.00   0.020   66
   160.24    43.16   195.94     0.00     0.00    -0.00   0.021   67
   161.22    43.16   196.96     0.00     0.00    -0.00   0.020   68
   161.22    44.14   197.98     0.00     0.00    -0.00   0.021   69
   160.24    42.18   196.96     0.00     0.00    -0.00   0.020   70
   160.24    43.16   196.96     0.00     0.00    -0.00   0.021   71
   161.22    41.20   195.94     0.00     0.00    -0.00   0.020   72
   160.24    43.16   197.98     0.00     0.00    -0.00   0.021   73
   160.24    42.18   195.94     0.00     0.00    -0.00   0.020   74
   161.22    43.16   197.98     0.00     0.00    -0.00   0.021   75
   160.24    43.16   197.98     0.00     0.00    -0.00   0.020   76
   160.24    44.14   196.96     0.00     0.00    -0.00   0.021   77
   160.24    42.18   194.93     0.00     0.00    -0.00   0.020   78
   160.24    44.14   196.96     0.00     0.00    -0.00   0.021   79
   160.24    42.18   196.96     0.00     0.00    -0.00   0.020   80
   160.24    43.16   196.96     0.00     0.00    -0.00   0.021   81
   160.24    41.20   195.94     0.00     0.00    -0.00   0.020   82
   162.20    43.16   196.96     0.00     0.00     0.00   0.021   83
   161.22    43.16   196.96     0.00     0.00    -0.00   0.020   84
   162.20    43.16   197.98     0.00     0.00    -0.00   0.021   85
   160.24    44.14   196.96     0.00     0.00    -0.00   0.020   86
   160.24    41.20   197.98     0.00     0.00    -0.00   0.021   87
   160.24    44.14   197.98     0.00     0.00     0.00   0.020   88
   161.22    43.16   195.94     0.00     0.00    -0.00   0.021   89
   161.22    42.18   194.93     0.00     0.00    -0.00   0.020   90
   159.27    43.16   195.94     0.00     0.00     0.00   0.020   91
   159.27    44.14   196.96     0.00     0.00     0.00   0.021   92
   160.24    42.18   195.94     0.00     0.00     0.00   0.020   93
   161.22    44.14   195.94     0.00     0.00     0.00   0.021   94
   161.22    43.16   195.94     0.00     0.00     0.00   0.020   95
   162.20    41.20   195.94    -0.00     0.00     0.00   0.021   96
   160.24    42.18   193.91    -0.00     0.00     0.00   0.020   97
   161.22    42.18   195.94    -0.00     0.00     0.00   0.021   98
   159.27    43.16   193.91    -0.00     0.00     0.00   0.020   99
   160.24    42.18   195.94    -0.00     0.00     0.00   0.021  100
   158.29    42.18   194.93     0.00     0.00     0.00   0.020  101
   160.24    43.16   195.94    -0.00     0.00     0.00   0.021  102
   161.22    42.18   195.94    -0.00     0.00     0.00   0.020  103
   161.22    43.16   196.96    -0.00     0.00     0.00   0.021  104
   159.27    42.18   195.94    -0.00     0.00     0.00   0.020  105
   160.24    43.16   196.96    -0.00     0.00     0.00   0.021  106
   161.22    43.16   195.94    -0.00     0.00     0.00   0.020  107
   160.24    42.18   197.98    -0.00     0.00     0.00   0.021  108
   160.24    43.16   197.98    -0.00     0.00     0.00   0.020  109
   160.24    42.18   195.94    -0.00     0.00     0.00   0.021  110
   162.20    43.16   197.98    -0.00     0.00     0.00   0.020  111
   160.24    43.16   195.94    -0.00     0.00     0.00   0.021  112
   161.22    43.16   196.96    -0.00     0.00     0.00   0.020  113
   161.22    42.18   196.96     0.00     0.00     0.00   0.021  114
   161.22    43.16   196.96     0.00     0.00    -0.00   0.020  115
   159.27    43.16   195.94     0.00     0.00    -0.00   0.020  116
   160.24    42.18   196.96    -0.00     0.00    -0.00   0.021  117
   160.24    42.18   194.93    -0.00     0.00    -0.00   0.020  118
   160.24    42.18   196.96    -0.00     0.00     0.00   0.021  119
   159.27    42.18   194.93     0.00     0.00     0.00   0.020  120
   160.24    42.18   195.94     0.00     0.00    -0.00   0.021  121
   160.24    41.20   194.93    -0.00     0.00     0.00   0.020  122
   160.24    41.20   194.93    -0.00     0.00     0.00   0.021  123
   160.24    42.18   195.94     0.00     0.00    -0.00   0.020  124
   161.22    42.18   197.98     0.00     0.00    -0.00   0.021  125
   160.24    44.14   194.93     0.00     0.00    -0.00   0.020  126
   159.27    41.20   195.94     0.00     0.00    -0.00   0.021  127
   161.22    43.16   196.96     0.00     0.00    -0.00   0.020  128
   160.24    42.18   194.93     0.00     0.00    -0.00   0.021  129
   161.22    43.16   197.98     0.00     0.00    -0.00   0.020  130
   161.22    42.18   196.96     0.00     0.00    -0.00   0.021  131
   161.22    44.14   196.96     0.00     0.00    -0.00   0.020  132
   160.24    42.18   196.96     0.00     0.00    -0.00   0.021  133
   162.20    43.16   195.94     0.00     0.00     0.00   0.020  134
   160.24    42.18   196.96     0.00     0.00    -0.00   0.021  135
   160.24    42.18   196.96     0.00     0.00    -0.00   0.020  136
   160.24    44.14   195.94     0.00     0.00    -0.00   0.021  137
   161.22    42.18   195.94     0.00     0.00    -0.00   0.020  138
   160.24    42.18   196.96     0.00     0.00    -0.00   0.021  139
   160.24    41.20   195.94     0.00     0.00     0.00   0.020  140
   160.24    41.20   193.91     0.00     0.00    -0.00   0.020  141
   160.24    43.16   195.94     0.00     0.00    -0.00   0.021  142
   161.22    42.18   195.94     0.00     0.00    -0.00   0.020  143
   160.24    43.16   195.94     0.00     0.00    -0.00   0.021  144
   161.22    42.18   195.94     0.00     0.00    -0.00   0.020  145
   160.24    43.16   195.94     0.00     0.00    -0.00   0.021  146
   161.22    43.16   195.94     0.00     0.00     0.00   0.020  147
   159.27    42.18   195.94     0.00     0.00    -0.00   0.021  148
   161.22    43.16   195.94     0.00     0.00    -0.00   0.020  149
   160.24    43.16   195.94     0.00     0.00    -0.00   0.021  150
   160.24    42.18   196.96     0.00     0.00    -0.00   0.020  151
   160.24    42.18   195.94     0.00     0.00    -0.00   0.021  152
   161.22    44.14   196.96     0.00     0.00    -0.00   0.020  153
   160.24    42.18   195.94     0.00     0.00    -0.00   0.021  154
   160.24    42.18   199.00     0.00     0.00     0.00   0.020  155
   160.24    42.18   195.94     0.00     0.00     0.00   0.021  156
   161.22    42.18   196.96     0.00     0.00     0.00   0.020  157
   160.24    43.16   196.96     0.00     0.00    -0.00   0.021  158
   160.24    41.20   195.94     0.00     0.00    -0.00   0.020  159
   162.20    42.18   196.96     0.00     0.00    -0.00   0.021  160
   161.22    42.18   196.96     0.00     0.00     0.00   0.020  161
   161.22    43.16   199.00    -0.00     0.00    -0.00   0.021  162
   161.22    42.18   195.94    -0.00     0.00     0.00   0.020  163
   161.22    43.16   197.98    -0.00     0.00    -0.00   0.021  164
   161.22    43.16   195.94    -0.00     0.00     0.00   0.020  165
   161.22    41.20   195.94     0.00     0.00    -0.00   0.020  166
   159.27    42.18   195.94     0.00     0.00    -0.00   0.021  167
   160.24    41.20   195.94     0.00     0.00     0.00   0.020  168
   160.24    43.16   196.96    -0.00     0.00    -0.00   0.021  169
   160.24    43.16   196.96    -0.00     0.00     0.00   0.020  170
   161.22    43.16   196.96    -0.00     0.00    -0.00   0.021  171
   160.24    43.16   195.94     0.00     0.00     0.00   0.020  172
   160.24    43.16   196.96    -0.00     0.00     0.00   0.021  173
   159.27    42.18   194.93     0.00     0.00    -0.00   0.020  174
   160.24    44.14   195.94     0.00     0.00    -0.00   0.021  175
   159.27    42.18   194.93     0.00     0.00     0.00   0.020  176
   160.24    42.18   196.96     0.00     0.00    -0.00   0.021  177
   160.24    41.20   195.94     0.00     0.00    -0.00   0.020  178
   160.24    42.18   196.96     0.00     0.00    -0.00   0.021  179
   160.24    43.16   195.94     0.00     0.00    -0.00   0.020  180
   162.20    43.16   197.98     0.00     0.00    -0.00   0.021  181
   160.24    43.16   196.96     0.00     0.00    -0.00   0.020  182
   159.27    41.20   196.96     0.00     0.00    -0.00   0.021  183
   160.24    43.16   197.98     0.00     0.00    -0.00   0.020  184
   160.24    41.20   195.94     0.00     0.00    -0.00   0.021  185
   159.27    43.16   196.96     0.00     0.00    -0.00   0.020  186
   160.24    43.16   195.94     0.00     0.00    -0.00   0.021  187
   160.24    43.16   196.96     0.00     0.00    -0.00   0.020  188
   160.24    41.20   196.96     0.00     0.00    -0.00   0.021  189
   161.22    43.16   197.98     0.00     0.00    -0.00   0.020  190
   160.24    43.16   195.94     0.00     0.00    -0.00   0.020  191
   162.20    43.16   195.94     0.00     0.00    -0.00   0.021  192
   160.24    43.16   194.93     0.01     0.00    -0.00   0.020  193
   160.24    42.18   195.94     0.01     0.00    -0.00   0.021  194
   159.27    43.16   194.93     0.00     0.00    -0.00   0.020  195
   161.22    43.16   195.94     0.00     0.00    -0.00   0.021  196
   159.27    41.20   195.94     0.00     0.00    -0.00   0.020  197
   160.24    41.20   195.94     0.00     0.00    -0.00   0.021  198
   160.24    42.18   196.96     0.00     0.00    -0.00   0.020  199
   160.24    43.16   195.94     0.00     0.00    -0.00   0.021  200
   159.27    44.14   195.94     0.00     0.00     0.00   0.020  201
   159.27    43.16   195.94     0.00     0.00    -0.00   0.021  202
   161.22    43.16   195.94     0.00     0.00    -0.00   0.020  203
   159.27    42.18   194.93     0.00     0.00    -0.00   0.021  204
   160.24    44.14   196.96     0.00     0.00    -0.00   0.020  205
   160.24    42.18   194.93     0.00     0.00    -0.00   0.021  206
   160.24    43.16   196.96     0.00     0.00    -0.00   0.020  207
   160.24    42.18   194.93     0.00     0.00    -0.00   0.021  208
   161.22    43.16   197.98     0.00     0.00    -0.00   0.020  209
   160.24    41.20   194.93     0.00     0.00    -0.00   0.021  210
   161.22    43.16   196.96     0.00     0.00    -0.00   0.020  211
   160.24    43.16   195.94     0.00     0.00    -0.00   0.021  212
   159.27    43.16   196.96     0.00     0.00     0.00   0.020  213
   160.24    43.16   195.94     0.00     0.00    -0.00   0.021  214
   160.24    43.16   194.93     0.00     0.00     0.00   0.020  215
   159.27    42.18   194.93     0.00     0.00    -0.00   0.020  216
   160.24    42.18   196.96     0.00     0.00     0.00   0.021  217
   160.24    43.16   195.94     0.00     0.00     0.00   0.020  218
   160.24    43.16   196.96     0.00     0.00     0.00   0.021  219
   161.22    43.16   195.94     0.00     0.00     0.00   0.020  220
   160.24    44.14   196.96     0.00     0.00     0.00   0.021  221
   161.22    43.16   196.96     0.00     0.00     0.00   0.020  222
   158.29    42.18   196.96    -0.00     0.00     0.00   0.021  223
   160.24    43.16   196.96    -0.00     0.00     0.00   0.020  224
   159.27    42.18   194.93    -0.00     0.00    -0.00   0.021  225
   160.24    42.18   196.96    -0.00     0.00     0.00   0.020  226
   160.24    44.14   194.93    -0.00     0.00    -0.00   0.021  227
   161.22    44.14   196.96     0.00     0.00     0.00   0.020  228
   159.27    42.18   196.96    -0.00     0.00     0.00   0.021  229
   162.20    43.16   196.96    -0.00     0.00     0.00   0.020  230
   161.22    42.18   195.94    -0.00     0.00     0.00   0.021  231
   161.22    42.18   196.96    -0.00     0.00     0.00   0.020  232
   160.24    42.18   196.96    -0.00     0.00     0.00   0.021  233
   159.27    42.18   196.96    -0.00     0.00     0.00   0.020  234
   160.24    42.18   196.96    -0.00     0.00     0.00   0.021  235
   160.24    41.20   195.94    -0.00     0.00     0.00   0.020  236
   160.24    42.18   195.94    -0.00     0.00     0.00   0.021  237
   159.27    42.18   196.96    -0.00     0.00     0.00   0.020  238
   160.24    43.16   196.96    -0.00     0.00     0.00   0.021  239
   160.24    43.16   196.96     0.00     0.00     0.00   0.020  240
   161.22    44.14   196.96    -0.00     0.00     0.00   0.020  241
   159.27    42.18   195.94    -0.00     0.00     0.00   0.021  242
   160.24    42.18   196.96    -0.00     0.00     0.00   0.020  243
   158.29    42.18   194.93     0.00     0.00     0.00   0.021  244
   161.22    42.18   195.94     0.00     0.00    -0.00   0.020  245
   160.24    42.18   195.94     0.00     0.00     0.00   0.021  246
   160.24    42.18   196.96     0.00     0.00     0.00   0.020  247
   160.24    42.18   195.94     0.00     0.00     0.00   0.021  248
   161.22    42.18   197.98     0.00     0.00    -0.00   0.020  249
   160.24    42.18   195.94    -0.00     0.00     0.00   0.021  250
   159.27    42.18   195.94     0.00     0.00     0.00   0.020  251
   159.27    43.16   196.96    -0.00     0.00    -0.00   0.021  252
   159.27    42.18   195.94     0.00     0.00    -0.00   0.020  253
   160.24    41.20   196.96     0.00     0.00    -0.00   0.021  254
   159.27    41.20   195.94     0.00     0.00    -0.00   0.020  255
   160.24    44.14   199.00     0.00     0.00     0.00   0.021    0
   159.27    43.16   196.96     0.00     0.00     0.00   0.020    1
   161.22    42.18   195.94     0.00     0.00     0.00   0.021    2
   161.22    41.20   195.94     0.00     0.00    -0.00   0.020    3
   160.24    40.21   195.94    -0.00    -0.00    -0.00   0.021    4
   160.24    43.16   197.98     0.00     0.00    -0.00   0.020    5
   160.24    42.18   195.94     0.00     0.00    -0.00   0.021    6
   162.20    43.16   196.96     0.00     0.00    -0.00   0.020    7
   160.24    42.18   195.94     0.00     0.00    -0.00   0.021    8
   161.22    44.14   197.98     0.00     0.00    -0.00   0.020    9
   161.22    43.16   195.94     0.00     0.00    -0.00   0.020   10
   161.22    42.18   195.94     0.00     0.00    -0.00   0.021   11
   161.22    42.18   196.96     0.00     0.00    -0.00   0.020   12
   160.24    42.18   196.96     0.00     0.00    -0.00   0.021   13
   161.22    41.20   195.94     0.00     0.00    -0.00   0.020   14
   160.24    42.18   195.94     0.00     0.00    -0.00   0.021   15
   160.24    43.16   196.96     0.00     0.00    -0.00   0.020   16
   159.27    43.16   195.94     0.00     0.00    -0.00   0.021   17
   161.22    43.16   195.94     0.00     0.00    -0.00   0.020   18
   161.22    43.16   197.98     0.00     0.00    -0.00   0.021   19
   160.24    44.14   196.96     0.00     0.00    -0.00   0.020   20
   160.24    42.18   195.94     0.00     0.00    -0.00   0.021   21
   160.24    42.18   195.94    -0.00     0.00    -0.00   0.020   22
   160.24    41.20   195.94     0.00     0.00    -0.00   0.021   23
   160.24    43.16   194.93     0.00     0.00    -0.00   0.020   24
   159.27    42.18   194.93     0.00     0.00     0.00   0.021   25
   160.24    43.16   195.94     0.00     0.00    -0.00   0.020   26
   159.27    43.16   195.94     0.00     0.00    -0.00   0.021   27
   161.22    42.18   196.96     0.00     0.00     0.00   0.020   28
   161.22    42.18   196.96     0.00     0.00    -0.00   0.021   29
   159.27    41.20   194.93     0.00     0.00    -0.00   0.020   30
   160.24    42.18   195.94     0.00     0.00     0.00   0.021   31
   159.27    42.18   194.93     0.00     0.00    -0.00   0.020   32
   161.22    43.16   196.96     0.00     0.00    -0.00   0.021   33
   160.24    42.18   195.94     0.00     0.00     0.00   0.020   34
   162.20    43.16   197.98     0.00     0.00     0.00   0.020   35
   161.22    42.18   195.94     0.00     0.00     0.00   0.021   36
   161.22    42.18   195.94    -0.00     0.00     0.00   0.020   37
   160.24    42.18   194.93    -0.00     0.00     0.00   0.021   38
   161.22    42.18   195.94     0.00     0.00     0.00   0.020   39
   159.27    43.16   197.98    -0.00     0.00     0.00   0.021   40
   159.27    41.20   194.93    -0.00     0.00     0.00   0.020   41
   160.24    42.18   195.94     0.00     0.00     0.00   0.021   42
   159.27    41.20   195.94     0.00     0.00     0.00   0.020   43
   160.24    41.20   194.93     0.00     0.00    -0.00   0.021   44
   159.27    42.18   195.94     0.00     0.00    -0.00   0.020   45
   160.24    42.18   196.96     0.00     0.00     0.00   0.021   46
   160.24    42.18   196.96     0.00     0.00    -0.00   0.020   47
   160.24    43.16   196.96    -0.00     0.00    -0.00   0.021   48
   159.27    42.18   195.94     0.00     0.00    -0.00   0.020   49
   159.27    43.16   197.98     0.00     0.00     0.00   0.021   50
   160.24    41.20   195.94    -0.00     0.00    -0.00   0.020   51
   161.22    43.16   196.96    -0.00     0.00     0.00   0.021   52
   159.27    41.20   196.96     0.00     0.00    -0.00   0.020   53
   162.20    43.16   196.96     0.00     0.00     0.00   0.021   54
   160.24    42.18   195.94     0.00     0.00     0.00   0.020   55
   161.22    43.16   197.98     0.00     0.00    -0.00   0.021   56
   160.24    42.18   195.94     0.00     0.00     0.00   0.020   57
   161.22    43.16   195.94     0.00     0.00    -0.00   0.021   58
   159.27    43.16   194.93     0.00     0.00    -0.00   0.020   59
   161.22    42.18   197.98     0.00     0.00    -0.00   0.020   60
   159.27    42.18   195.94     0.00     0.00    -0.00   0.021   61
   161.22    42.18   195.94     0.00     0.00     0.00   0.020   62
   159.27    42.18   196.96     0.00     0.00    -0.00   0.021   63
   160.24    43.16   196.96     0.00     0.00    -0.00   0.020   64
   159.27    42.18   195.94     0.00     0.00    -0.00   0.021   65
   160.24    43.16   195.94     0.00     0.00    -0.00   0.020   66
   159.27    42.18   194.93     0.00     0.00    -0.00   0.021   67
   159.27    43.16   196.96     0.00     0.00     0.00   0.020   68
   160.24    41.20   194.93     0.00     0.00     0.00   0.021   69
   161.22    44.14   196.96     0.00     0.00    -0.00   0.020   70
   161.22    44.14   196.96     0.00     0.00    -0.00   0.021   71
   160.24    42.18   196.96     0.00     0.00     0.00   0.020   72
   161.22    44.14   194.93    -0.00     0.00     0.00   0.021   73
   160.24    42.18   195.94     0.00     0.00     0.00   0.020   74
   160.24    43.16   196.96     0.00     0.00     0.00   0.021   75
   160.24    43.16   197.98     0.00     0.00     0.00   0.020   76
   161.22    43.16   197.98     0.00     0.00     0.00   0.021   77
   160.24    42.18   197.98     0.00     0.00    -0.00   0.020   78
   160.24    41.20   196.96     0.00     0.00    -0.00   0.021   79
   158.29    42.18   195.94     0.00     0.00     0.00   0.020   80
   159.27    43.16   196.96     0.00     0.00    -0.00   0.021   81
   159.27    42.18   195.94     0.00     0.00     0.00   0.020   82
   162.20    41.20   195.94    -0.00     0.00    -0.00   0.021   83
   161.22    41.20   195.94     0.00     0.00     0.00   0.020   84
   161.22    43.16   196.96    -0.00     0.00     0.00   0.020   85
   161.22    41.20   195.94    -0.00     0.00     0.00   0.021   86
   161.22    42.18   196.96     0.00     0.00     0.00   0.020   87
   159.27    42.18   196.96     0.00     0.00     0.00   0.021   88
   160.24    43.16   197.98     0.00     0.00    -0.00   0.020   89
   159.27    44.14   196.96     0.00     0.00     0.00   0.021   90
   160.24    43.16   195.94     0.00     0.00     0.00   0.020   91
   158.29    42.18   194.93     0.00     0.00    -0.00   0.021   92
   159.27    42.18   199.00     0.00     0.00     0.00   0.020   93
   159.27    42.18   195.94     0.00     0.00     0.00   0.021   94
   158.29    43.16   196.96     0.00     0.00     0.00   0.020   95
   161.22    43.16   195.94     0.00     0.00     0.00   0.021   96
   161.22    45.12   197.98     0.00     0.00     0.00   0.020   97
   160.24    43.16   197.98     0.00     0.00     0.00   0.021   98
   160.24    41.20   196.96    -0.00     0.00    -0.00   0.020   99
   160.24    44.14   196.96     0.00     0.00     0.00   0.021  100
   160.24    41.20   196.96    -0.00     0.00    -0.00   0.020  101
   162.20    44.14   195.94    -0.00     0.00    -0.00   0.021  102
   159.27    43.16   194.93     0.00     0.00     0.00   0.020  103
   160.24    42.18   195.94     0.00     0.00     0.00   0.021  104
   160.24    41.20   195.94    -0.00     0.00    -0.00   0.020  105
   160.24    42.18   196.96     0.00     0.00    -0.00   0.021  106
   160.24    43.16   195.94     0.00     0.00    -0.00   0.020  107
   160.24    42.18   196.96    -0.00     0.00     0.00   0.021  108
   160.24    43.16   196.96     0.00     0.00     0.00   0.020  109
   161.22    43.16   197.98     0.00     0.00     0.00   0.020  110
   160.24    41.20   196.96     0.00     0.00     0.00   0.021  111
   162.20    43.16   196.96     0.00     0.00     0.00   0.020  112
   159.27    41.20   195.94     0.00     0.00    -0.00   0.021  113
   160.24    43.16   195.94     0.00     0.00     0.00   0.020  114
   160.24    40.21   195.94     0.00     0.00    -0.00   0.021  115
   160.24    42.18   196.96     0.00     0.00     0.00   0.020  116
   161.22    42.18   195.94     0.00     0.00    -0.00   0.021  117
   161.22    43.16   196.96     0.00     0.00    -0.00   0.020  118
   159.27    42.18   195.94     0.00     0.00     0.00   0.021  119
   161.22    43.16   196.96     0.00     0.00    -0.00   0.020  120
   160.24    41.20   195.94     0.00     0.00     0.00   0.021  121
   162.20    42.18   196.96     0.00     0.00    -0.00   0.020  122
   160.24    41.20   196.96     0.00     0.00    -0.00   0.021  123
   160.24    41.20   197.98     0.00     0.00    -0.00   0.020  124
   161.22    42.18   196.96     0.00     0.00     0.00   0.021  125
   161.22    41.20   195.94     0.00     0.00     0.00   0.020  126
   160.24    42.18   195.94     0.00     0.00     0.00   0.021  127
   160.24    43.16   197.98     0.00     0.00    -0.00   0.020  128
   159.27    43.16   196.96     0.00     0.00     0.00   0.021  129
   161.22    41.20   196.96     0.00     0.00    -0.00   0.020  130
   161.22    43.16   196.96     0.00     0.00    -0.00   0.021  131
   162.20    43.16   199.00     0.00     0.00    -0.00   0.020  132
   160.24    42.18   196.96     0.00     0.00    -0.00   0.021  133
   160.24    42.18   197.98     0.00     0.00     0.00   0.020  134
   161.22    42.18   196.96     0.00    -0.00    -0.00   0.020  135
   158.29    41.20   195.94     0.00     0.00    -0.00   0.021  136
   161.22    42.18   197.98     0.00     0.00     0.00   0.020  137
   160.24    42.18   196.96     0.00     0.00    -0.00   0.021  138
   160.24    42.18   196.96     0.00     0.00     0.00   0.020  139
   160.24    42.18   195.94     0.00     0.00    -0.00   0.021  140
   160.24    43.16   196.96     0.00     0.00    -0.00   0.020  141
   160.24    42.18   196.96     0.00     0.00    -0.00   0.021  142
   161.22    43.16   197.98     0.00     0.00     0.00   0.020  143
   160.24    41.20   196.96     0.00     0.00    -0.00   0.021  144
   160.24    42.18   196.96     0.00     0.00     0.00   0.020  145
   159.27    42.18   194.93     0.00     0.00    -0.00   0.021  146
   160.24    41.20   197.98     0.00     0.00    -0.00   0.020  147
   159.27    42.18   194.93     0.00     0.00     0.00   0.021  148
   161.22    43.16   194.93     0.00     0.00     0.00   0.020  149
   159.27    41.20   196.96     0.00     0.00     0.00   0.021  150
   160.24    42.18   195.94     0.00     0.00    -0.00   0.020  151
   161.22    41.20   195.94     0.00     0.00    -0.00   0.021  152
   160.24    42.18   199.00     0.00     0.00    -0.00   0.020  153
   159.27    43.16   195.94     0.00    -0.00    -0.00   0.021  154
   160.24    43.16   196.96     0.00     0.00    -0.00   0.020  155
   160.24    43.16   195.94     0.00     0.00    -0.00   0.021  156
   160.24    42.18   195.94     0.00     0.00    -0.00   0.020  157
   160.24    42.18   196.96     0.00     0.00    -0.00   0.021  158
   161.22    42.18   194.93     0.00    -0.00    -0.00   0.020  159
   161.22    42.18   196.96     0.00     0.00    -0.00   0.020  160
   160.24    41.20   195.94     0.01    -0.00    -0.00   0.021  161
   160.24    43.16   196.96     0.00     0.00    -0.00   0.020  162
   160.24    42.18   196.96     0.00     0.00    -0.00   0.021  163
   161.22    42.18   197.98     0.00     0.00     0.00   0.020  164
   160.24    42.18   196.96     0.00     0.00    -0.00   0.021  165
   160.24    42.18   197.98     0.00     0.00    -0.00   0.020  166
   160.24    42.18   196.96     0.00     0.00    -0.00   0.021  167
   161.22    42.18   197.98     0.00     0.00    -0.00   0.020  168
   161.22    43.16   194.93     0.00     0.00     0.00   0.021  169
   160.24    42.18   195.94     0.00     0.00    -0.00   0.020  170
   161.22    43.16   196.96     0.00     0.00     0.00   0.021  171
   161.22    42.18   197.98     0.00     0.00    -0.00   0.020  172
   160.24    42.18   196.96    -0.00     0.00    -0.00   0.021  173
   159.27    41.20   196.96     0.00     0.00    -0.00   0.020  174
   161.22    41.20   196.96     0.00     0.00    -0.00   0.021  175
   159.27    41.20   194.93     0.00     0.00    -0.00   0.020  176
   161.22    42.18   195.94     0.00     0.00    -0.00   0.021  177
   159.27    42.18   196.96     0.00     0.00    -0.00   0.020  178
   160.24    43.16   196.96    -0.00     0.00     0.00   0.021  179
   161.22    41.20   197.98     0.00     0.00     0.00   0.020  180
   160.24    41.20   197.98     0.00     0.00    -0.00   0.021  181
   159.27    43.16   196.96     0.00     0.00    -0.00   0.020  182
   159.27    41.20   194.93     0.00     0.00    -0.00   0.021  183
   160.24    42.18   195.94     0.00     0.00    -0.00   0.020  184
   160.24    42.18   194.93    -0.00     0.00     0.00   0.020  185
   161.22    42.18   195.94    -0.00     0.00    -0.00   0.021  186
   160.24    42.18   195.94    -0.00     0.00    -0.00   0.020  187
   162.20    42.18   197.98    -0.00     0.00    -0.00   0.021  188
   160.24    43.16   195.94    -0.00     0.00    -0.00   0.020  189
   161.22    42.18   197.98    -0.00     0.00     0.00   0.021  190
   160.24    43.16   196.96     0.00     0.00     0.00   0.020  191
   160.24    42.18   195.94    -0.00     0.00     0.00   0.021  192
   161.22    43.16   196.96     0.00     0.00     0.00   0.020  193
   159.27    42.18   195.94     0.00     0.00     0.00   0.021  194
   160.24    43.16   196.96     0.00     0.00    -0.00   0.020  195
   161.22    41.20   195.94     0.00     0.00     0.00   0.021  196
   162.20    43.16   195.94     0.00     0.00     0.00   0.020  197
   161.22    44.14   196.96     0.00     0.00     0.00   0.021  198
   161.22    42.18   196.96     0.00     0.00     0.00   0.020  199
   160.24    42.18   194.93     0.00     0.00    -0.00   0.021  200
   162.20    41.20   195.94     0.00     0.00     0.00   0.020  201
   159.27    41.20   195.94    -0.00     0.00    -0.00   0.021  202
   160.24    42.18   195.94     0.00     0.00    -0.00   0.020  203
   159.27    42.18   195.94     0.00     0.00    -0.00   0.021  204
   160.24    42.18   196.96     0.00     0.00     0.00   0.020  205
   160.24    41.20   196.96     0.00     0.00    -0.00   0.021  206
   160.24    43.16   196.96    -0.00     0.00    -0.00   0.020  207
   160.24    41.20   195.94     0.00     0.00    -0.00   0.021  208
   160.24    42.18   196.96    -0.00     0.00     0.00   0.020  209
   160.24    42.18   196.96     0.00     0.00     0.00   0.020  210
   159.27    42.18   196.96     0.00     0.00    -0.00   0.021  211
   161.22    42.18   196.96     0.00     0.00    -0.00   0.020  212
   160.24    42.18   195.94    -0.00     0.00     0.00   0.021  213
   161.22    42.18   199.00    -0.00     0.00     0.00   0.020  214
   159.27    42.18   195.94     0.00     0.00    -0.00   0.021  215
   162.20    42.18   196.96     0.00     0.00    -0.00   0.020  216
   160.24    42.18   195.94     0.00     0.00    -0.00   0.021  217
   161.22    43.16   196.96     0.00     0.00    -0.00   0.020  218
   160.24    41.20   197.98     0.00     0.00    -0.00   0.021  219
   161.22    43.16   196.96     0.00     0.00    -0.00   0.020  220
   159.27    43.16   196.96     0.00     0.00    -0.00   0.021  221
   161.22    42.18   195.94    -0.00     0.00    -0.00   0.020  222
   160.24    40.21   195.94    -0.00     0.00     0.00   0.021  223
   160.24    42.18   196.96     0.00     0.00    -0.00   0.020  224
   160.24    41.20   194.93     0.00     0.00    -0.00   0.021  225
   161.22    41.20   196.96     0.00     0.00     0.00   0.020  226
   160.24    42.18   195.94     0.00     0.00    -0.00   0.021  227
   162.20    43.16   197.98     0.00     0.00    -0.00   0.020  228
   159.27    43.16   195.94     0.00     0.00    -0.00   0.021  229
   161.22    42.18   195.94     0.00     0.00     0.00   0.020  230
   160.24    43.16   195.94     0.00     0.00     0.00   0.021  231
   159.27    40.21   197.98     0.00     0.00    -0.00   0.020  232
   162.20    42.18   196.96     0.00     0.00    -0.00   0.021  233
   160.24    42.18   195.94     0.00     0.00    -0.00   0.020  234
   159.27    42.18   195.94     0.00     0.00    -0.00   0.020  235
   159.27    42.18   195.94     0.00     0.00     0.00   0.021  236
   160.24    42.18   195.94     0.00     0.00     0.00   0.020  237
   160.24    42.18   194.93     0.00     0.00    -0.00   0.021  238
   160.24    43.16   196.96     0.00     0.00     0.00   0.020  239
   160.24    42.18   196.96     0.00     0.00    -0.00   0.021  240
   161.22    43.16   196.96     0.00     0.00    -0.00   0.020  241
   159.27    42.18   195.94     0.00     0.00     0.00   0.021  242
   161.22    42.18   197.98     0.00     0.00     0.00   0.020  243
   159.27    41.20   194.93     0.00     0.00     0.00   0.021  244
   161.22    42.18   195.94     0.00     0.00    -0.00   0.020  245
   159.27    41.20   196.96     0.00     0.00    -0.00   0.021  246
   160.24    42.18   196.96     0.00     0.00    -0.00   0.020  247
   160.24    42.18   194.93     0.00     0.00    -0.00   0.021  248
   161.22    42.18   196.96     0.00     0.00    -0.00   0.020  249
   161.22    42.18   196.96     0.00     0.00    -0.00   0.021  250
   159.27    42.18   196.96     0.00     0.00    -0.00   0.020  251
   160.24    42.18   196.96     0.00     0.00    -0.00   0.021  252
   159.27    41.20   195.94     0.00     0.00     0.00   0.020  253
   162.20    42.18   195.94     0.00     0.00    -0.00   0.021  254
   159.27    43.16   195.94     0.00     0.00     0.00   0.020  255
   161.22    43.16   196.96     0.00     0.00     0.00   0.021    0
   161.22    41.20   195.94     0.00     0.00     0.00   0.020    1
   161.22    43.16   196.96     0.00     0.00     0.00   0.021    2
   160.24    42.18   194.93    -0.00     0.00     0.00   0.020    3
   159.27    43.16   195.94     0.00     0.00     0.00   0.020    4
   160.24    42.18   196.96     0.00     0.00     0.00   0.021    5
   160.24    43.16   196.96    -0.00     0.00    -0.00   0.020    6
   160.24    42.18   196.96    -0.00     0.00    -0.00   0.021    7
   161.22    42.18   195.94     0.00     0.00    -0.00   0.020    8
   160.24    41.20   194.93     0.00     0.00    -0.00   0.021    9
   161.22    43.16   194.93     0.00     0.00    -0.00   0.020   10
   160.24    42.18   194.93     0.00     0.00    -0.00   0.021   11
   160.24    42.18   196.96     0.00     0.00    -0.00   0.020   12
   160.24    42.18   195.94     0.00     0.00    -0.00   0.021   13
   162.20    43.16   197.98     0.00     0.00    -0.00   0.020   14
   160.24    42.18   196.96     0.00     0.00    -0.00   0.021   15
   160.24    43.16   196.96     0.00     0.00     0.00   0.020   16
   159.27    43.16   195.94     0.00     0.00    -0.00   0.021   17
   160.24    43.16   195.94    -0.00     0.00     0.00   0.020   18
   159.27    43.16   196.96     0.00     0.00     0.00   0.021   19
   161.22    40.21   196.96    -0.00     0.00     0.00   0.020   20
   160.24    42.18   196.96     0.00     0.00     0.00   0.021   21
   159.27    42.18   196.96     0.00     0.00     0.00   0.020   22
   160.24    41.20   194.93     0.00     0.00    -0.00   0.021   23
   161.22    41.20   196.96     0.00     0.00     0.00   0.020   24
   160.24    42.18   195.94     0.00     0.00    -0.00   0.021   25
   160.24    42.18   195.94     0.00     0.00    -0.00   0.020   26
   161.22    42.18   196.96     0.00     0.00     0.00   0.021   27
   161.22    42.18   196.96     0.00     0.00    -0.00   0.020   28
   161.22    43.16   195.94    -0.00     0.00    -0.00   0.020   29
   159.27    42.18   194.93     0.00     0.00     0.00   0.021   30
   161.22    43.16   196.96     0.00     0.00    -0.00   0.020   31
   159.27    42.18   197.98     0.00     0.00     0.00   0.021   32
   161.22    41.20   195.94     0.00     0.00     0.00   0.020   33
   159.27    41.20   194.93     0.00     0.00    -0.00   0.021   34
   161.22    43.16   199.00     0.00     0.00    -0.00   0.020   35
   160.24    43.16   195.94     0.00     0.00    -0.00   0.021   36
   160.24    43.16   196.96     0.00     0.00    -0.00   0.020   37
   160.24    42.18   195.94     0.00     0.00     0.00   0.021   38
   161.22    42.18   195.94     0.00     0.00     0.00   0.020   39
   160.24    42.18   196.96     0.00     0.00    -0.00   0.021   40
   160.24    42.18   195.94     0.00     0.00    -0.00   0.020   41
   160.24    42.18   196.96     0.00     0.00    -0.00   0.021   42
   159.27    42.18   195.94     0.00     0.00    -0.00   0.020   43
   159.27    41.20   196.96     0.00     0.00     0.00   0.021   44
   159.27    43.16   195.94     0.00     0.00     0.00   0.020   45
   161.22    43.16   196.96     0.00     0.00    -0.00   0.021   46
   161.22    43.16   196.96     0.00     0.00    -0.00   0.020   47
   160.24    43.16   195.94     0.00     0.00     0.00   0.021   48
   159.27    41.20   197.98    -0.00     0.00     0.00   0.020   49
   161.22    42.18   195.94     0.00     0.00    -0.00   0.021   50
   159.27    42.18   193.91     0.00     0.00    -0.00   0.020   51
   160.24    43.16   195.94     0.00     0.00    -0.00   0.021   52
   160.24    42.18   195.94     0.00     0.00     0.00   0.020   53
   161.22    43.16   195.94     0.00     0.00    -0.00   0.020   54
   161.22    42.18   195.94     0.00     0.00     0.00   0.021   55
   162.20    43.16   197.98     0.00     0.00     0.00   0.020   56
   161.22    42.18   195.94     0.00     0.00    -0.00   0.021   57
   161.22    42.18   197.98     0.00     0.00    -0.00   0.020   58
   160.24    42.18   195.94     0.00     0.00     0.00   0.021   59
   159.27    42.18   196.96     0.00     0.00     0.00   0.020   60
   160.24    43.16   194.93     0.00     0.00     0.00   0.021   61
   159.27    42.18   195.94     0.00     0.00    -0.00   0.020   62
   160.24    41.20   195.94     0.00     0.00    -0.00   0.021   63
   159.27    42.18   195.94     0.00     0.00     0.00   0.020   64
   159.27    42.18   194.93     0.00     0.00    -0.00   0.021   65
   161.22    41.20   195.94     0.00     0.00     0.00   0.020   66
   159.27    41.20   195.94     0.00     0.00    -0.00   0.021   67
   160.24    42.18   194.93     0.00     0.00     0.00   0.020   68
   160.24    43.16   197.98     0.00     0.00    -0.00   0.021   69
   159.27    41.20   194.93    -0.00     0.00     0.00   0.020   70
   162.20    42.18   197.98     0.00     0.00     0.00   0.021   71
   159.27    42.18   195.94     0.00     0.00     0.00   0.020   72
   161.22    42.18   195.94     0.00     0.00     0.00   0.021   73
   161.22    42.18   194.93    -0.00     0.00     0.00   0.020   74
   161.22    43.16   196.96     0.00     0.00    -0.00   0.021   75
   159.27    41.20   195.94     0.00     0.00     0.00   0.020   76
   160.24    43.16   197.98     0.00     0.00     0.00   0.021   77
   160.24    41.20   196.96     0.00    -0.00     0.00   0.020   78
   159.27    42.18   196.96     0.00     0.00     0.00   0.020   79
   161.22    43.16   196.96     0.00     0.00     0.00   0.021   80
   160.24    43.16   195.94     0.00     0.00     0.00   0.020   81
   161.22    43.16   197.98     0.00     0.00     0.00   0.021   82
   159.27    42.18   196.96    -0.00     0.00     0.00   0.020   83
   160.24    42.18   194.93     0.00     0.00     0.00   0.021   84
   160.24    41.20   196.96     0.00     0.00     0.00   0.020   85
   161.22    43.16   196.96     0.00     0.00     0.00   0.021   86
   161.22    42.18   194.93     0.00     0.00    -0.00   0.020   87
   160.24    43.16   197.98     0.00     0.00     0.00   0.021   88
   161.22    42.18   196.96     0.00     0.00     0.00   0.020   89
   161.22    42.18   196.96    -0.00     0.00    -0.00   0.021   90
   160.24    41.20   195.94     0.00     0.00    -0.00   0.020   91
   162.20    42.18   195.94     0.00     0.00     0.00   0.021   92
   160.24    42.18   193.91     0.00     0.00     0.00   0.020   93
   160.24    42.18   195.94     0.00     0.00     0.00   0.021   94
   159.27    43.16   195.94     0.00     0.00     0.00   0.020   95
   162.20    43.16   199.00     0.00     0.00     0.00   0.021   96
   161.22    43.16   195.94     0.00     0.00    -0.00   0.020   97
   161.22    42.18   196.96     0.00     0.00    -0.00   0.021   98
   160.24    42.18   196.96     0.00     0.00    -0.00   0.020   99
   160.24    41.20   196.96     0.00     0.00    -0.00   0.021  100
   160.24    42.18   196.96     0.00     0.00     0.00   0.020  101
   159.27    40.21   194.93     0.00     0.00    -0.00   0.021  102
   159.27    43.16   194.93     0.00     0.00    -0.00   0.020  103
   159.27    42.18   195.94     0.00     0.00     0.00   0.020  104
   159.27    42.18   195.94     0.00     0.00     0.00   0.021  105
   161.22    41.20   194.93     0.00     0.00    -0.00   0.020  106
   160.24    43.16   196.96     0.00     0.00    -0.00   0.021  107
   160.24    43.16   196.96     0.00     0.00    -0.00   0.020  108
   162.20    42.18   196.96     0.00     0.00    -0.00   0.021  109
   159.27    42.18   196.96     0.00     0.00    -0.00   0.020  110
   160.24    42.18   197.98     0.00     0.00    -0.00   0.021  111
   159.27    43.16   194.93     0.00     0.00    -0.00   0.020  112
   160.24    43.16   195.94     0.00     0.00    -0.00   0.021  113
   159.27    42.18   195.94     0.00     0.00    -0.00   0.020  114
   160.24    43.16   194.93     0.00     0.00     0.00   0.021  115
   161.22    42.18   195.94     0.00     0.00     0.00   0.020  116
   162.20    41.20   199.00     0.00     0.00    -0.00   0.021  117
   160.24    43.16   195.94     0.00     0.00     0.00   0.020  118
   159.27    42.18   196.96     0.00     0.00     0.00   0.021  119
   160.24    44.14   196.96    -0.00     0.00    -0.00   0.020  120
   160.24    42.18   195.94    -0.00     0.00    -0.00   0.021  121
   161.22    43.16   196.96     0.00     0.00    -0.00   0.020  122
   160.24    41.20   194.93     0.00     0.00     0.00   0.021  123
   161.22    43.16   196.96    -0.00     0.00     0.00   0.020  124
   160.24    42.18   194.93     0.00     0.00    -0.00   0.021  125
   161.22    42.18   195.94    -0.00     0.00     0.00   0.020  126
   160.24    42.18   195.94    -0.00     0.00    -0.00   0.021  127
   161.22    42.18   197.98    -0.00     0.00     0.00   0.020  128
   160.24    41.20   195.94    -0.00     0.00     0.00   0.020  129
   161.22    43.16   197.98    -0.00     0.00     0.00   0.021  130
   160.24    41.20   195.94     0.00     0.00    -0.00   0.020  131
   161.22    42.18   196.96     0.00     0.00    -0.00   0.021  132
   159.27    40.21   194.93     0.00     0.00    -0.00   0.020  133
   159.27    40.21   194.93     0.00     0.00    -0.00   0.021  134
   160.24    42.18   195.94    -0.00     0.00    -0.00   0.020  135
   159.27    41.20   195.94    -0.00     0.00    -0.00   0.021  136
   159.27    43.16   196.96    -0.00     0.00    -0.00   0.020  137
   161.22    43.16   195.94     0.00     0.00     0.00   0.021  138
   161.22    43.16   199.00    -0.00     0.00     0.00   0.020  139
   160.24    42.18   197.98    -0.00     0.00     0.00   0.021  140
   161.22    41.20   196.96     0.00     0.00     0.00   0.020  141
   161.22    42.18   196.96     0.00     0.00    -0.00   0.021  142
   159.27    42.18   195.94     0.00     0.00    -0.00   0.020  143
   161.22    41.20   197.98     0.00     0.00    -0.00   0.021  144
   160.24    41.20   195.94     0.00     0.00    -0.00   0.020  145
   161.22    42.18   196.96     0.00     0.00    -0.00   0.021  146
   160.24    41.20   195.94     0.00     0.00    -0.00   0.020  147
   162.20    42.18   195.94     0.00     0.00     0.00   0.021  148
   161.22    41.20   194.93    -0.00     0.00    -0.00   0.020  149
   161.22    43.16   196.96    -0.00     0.00     0.00   0.021  150
   160.24    42.18   197.98     0.00     0.00    -0.00   0.020  151
   161.22    42.18   195.94     0.00     0.00    -0.00   0.021  152
   159.27    43.16   195.94     0.00     0.00     0.00   0.020  153
   162.20    41.20   196.96     0.00     0.00    -0.00   0.020  154
   158.29    41.20   196.96     0.00     0.00    -0.00   0.021  155
   159.27    42.18   195.94     0.00     0.00    -0.00   0.020  156
   159.27    42.18   195.94     0.00     0.00    -0.00   0.021  157
   161.22    42.18   196.96    -0.00     0.00    -0.00   0.020  158
   160.24    42.18   195.94     0.00     0.00    -0.00   0.021  159
   161.22    42.18   197.98     0.00     0.00     0.00   0.020  160
   161.22    43.16   197.98     0.00     0.00    -0.00   0.021  161
   159.27    42.18   196.96     0.00     0.00     0.00   0.020  162
   161.22    43.16   196.96     0.00     0.00    -0.00   0.021  163
   158.29    42.18   196.96     0.00     0.00    -0.00   0.020  164
   160.24    41.20   196.96     0.00     0.00     0.00   0.021  165
   160.24    42.18   196.96     0.00     0.00    -0.00   0.020  166
   161.22    44.14   197.98     0.00     0.00     0.00   0.021  167
   159.27    41.20   196.96     0.00     0.00    -0.00   0.020  168
   161.22    43.16   197.98     0.00     0.00    -0.00   0.021  169
   160.24    41.20   195.94     0.00     0.00    -0.00   0.020  170
   161.22    43.16   196.96     0.00     0.00    -0.00   0.021  171
   160.24    42.18   197.98     0.00     0.00    -0.00   0.020  172
   161.22    43.16   197.98     0.00     0.00    -0.00   0.021  173
   158.29    41.20   195.94     0.00     0.00     0.00   0.020  174
   161.22    41.20   196.96     0.00     0.00     0.00   0.021  175
   159.27    41.20   195.94     0.00     0.00     0.00   0.020  176
   161.22    42.18   195.94     0.00     0.00     0.00   0.021  177
   158.29    43.16   195.94     0.00     0.00    -0.00   0.020  178
   161.22    42.18   196.96     0.00     0.00    -0.00   0.020  179
   161.22    42.18   196.96    -0.00     0.00     0.00   0.021  180
   160.24    42.18   196.96    -0.00     0.00     0.00   0.020  181
   160.24    42.18   196.96    -0.00     0.00     0.00   0.021  182
   159.27    41.20   194.93    -0.00     0.00     0.00   0.020  183
   160.24    43.16   197.98    -0.00     0.00     0.00   0.021  184
   160.24    42.18   195.94     0.00     0.00    -0.00   0.020  185
   160.24    41.20   194.93     0.00     0.00    -0.00   0.021  186
   160.24    41.20   195.94    -0.00     0.00     0.00   0.020  187
   160.24    43.16   196.96    -0.00     0.00     0.00   0.021  188
   160.24    41.20   194.93     0.00     0.00     0.00   0.020  189
   160.24    43.16   196.96     0.00     0.00    -0.00   0.021  190
   160.24    41.20   196.96     0.00     0.00    -0.00   0.020  191
   162.20    43.16   196.96     0.00     0.00    -0.00   0.021  192
   160.24    42.18   195.94     0.00     0.00    -0.00   0.020  193
   161.22    44.14   197.98     0.00     0.00    -0.00   0.021  194
   159.27    42.18   195.94     0.00     0.00     0.00   0.020  195
   160.24    42.18   195.94     0.00     0.00    -0.00   0.021  196
   158.29    41.20   195.94     0.00     0.00    -0.00   0.020  197
   161.22    42.18   196.96     0.00     0.00     0.00   0.021  198
   160.24    41.20   195.94     0.00     0.00     0.00   0.020  199
   159.27    43.16   195.94     0.00     0.00     0.00   0.021  200
   160.24    42.18   195.94     0.00     0.00     0.00   0.020  201
   160.24    43.16   199.00    -0.00     0.00    -0.00   0.021  202
   161.22    42.18   196.96     0.00     0.00    -0.00   0.020  203
   159.27    41.20   195.94     0.00     0.00     0.00   0.020  204
   160.24    43.16   195.94    -0.00     0.00     0.00   0.021  205
   160.24    41.20   195.94     0.00     0.00    -0.00   0.020  206
   161.22    42.18   197.98     0.00     0.00    -0.00   0.021  207
   159.27    42.18   194.93     0.00     0.00     0.00   0.020  208
   162.20    43.16   197.98     0.00     0.00     0.00   0.021  209
   159.27    42.18   196.96     0.00     0.00    -0.00   0.020  210
   160.24    42.18   196.96     0.00     0.00     0.00   0.021  211
   160.24    42.18   196.96     0.00     0.00    -0.00   0.020  212
   161.22    42.18   196.96     0.00     0.00    -0.00   0.021  213
   160.24    41.20   196.96     0.00     0.00    -0.00   0.020  214
   160.24    42.18   197.98     0.00     0.00    -0.00   0.021  215
   160.24    41.20   194.93     0.00     0.00    -0.00   0.020  216
   162.20    41.20   196.96     0.00     0.00    -0.00   0.021  217
   160.24    41.20   194.93     0.00     0.00    -0.00   0.020  218
   160.24    42.18   195.94    -0.00     0.00    -0.00   0.021  219
   160.24    42.18   195.94     0.00     0.00     0.00   0.020  220
   162.20    42.18   197.98     0.00     0.00    -0.00   0.021  221
   161.22    42.18   195.94     0.00     0.00     0.00   0.020  222
   161.22    42.18   197.98     0.00     0.00    -0.00   0.021  223
   160.24    42.18   195.94     0.00     0.00    -0.00   0.020  224
   161.22    41.20   197.98     0.00     0.00     0.00   0.021  225
   160.24    43.16   195.94    -0.00     0.00     0.00   0.020  226
   159.27    42.18   196.96    -0.00     0.00    -0.00   0.021  227
   159.27    41.20   195.94    -0.00     0.00     0.00   0.020  228
   160.24    41.20   195.94    -0.00     0.00     0.00   0.020  229
   159.27    41.20   195.94     0.00     0.00     0.00   0.021  230
   160.24    43.16   196.96     0.00     0.00     0.00   0.020  231
   159.27    42.18   196.96     0.00     0.00     0.00   0.021  232
   160.24    42.18   197.98     0.00     0.00    -0.00   0.020  233
   160.24    42.18   195.94     0.00     0.00     0.00   0.021  234
   161.22    42.18   196.96     0.00     0.00     0.00   0.020  235
   161.22    43.16   195.94     0.00     0.00     0.00   0.021  236
   160.24    41.20   196.96     0.00     0.00     0.00   0.020  237
   160.24    42.18   197.98     0.00     0.00    -0.00   0.021  238
   159.27    41.20   196.96    -0.00    -0.00    -0.00   0.020  239
   160.24    43.16   196.96     0.00     0.00     0.00   0.021  240
   160.24    42.18   195.94    -0.00     0.00    -0.00   0.020  241
   161.22    43.16   195.94    -0.00     0.00     0.00   0.021  242
   159.27    41.20   194.93    -0.00     0.00     0.00   0.020  243
   162.20    41.20   197.98     0.00     0.00    -0.00   0.021  244
   161.22    41.20   195.94     0.00     0.00     0.00   0.020  245
   160.24    42.18   195.94    -0.00     0.00     0.00   0.021  246
   160.24    42.18   195.94     0.00     0.00    -0.00   0.020  247
   161.22    41.20   195.94     0.00     0.00     0.00   0.021  248
   160.24    42.18   197.98     0.00     0.00     0.00   0.020  249
   159.27    42.18   196.96     0.00     0.00    -0.00   0.021  250
   161.22    41.20   195.94     0.00     0.00     0.00   0.020  251
   160.24    42.18   196.96    -0.00     0.00    -0.00   0.021  252
   161.22    42.18   197.98     0.00     0.00     0.00   0.020  253
   160.24    41.20   195.94     0.00     0.00     0.00   0.020  254
   161.22    42.18   196.96     0.00     0.00     0.00   0.021  255
   160.24    42.18   196.96     0.00     0.00     0.00   0.020    0
   160.24    42.18   196.96     0.00     0.00    -0.00   0.021    1
   160.24    41.20   195.94     0.00     0.00    -0.00   0.020    2
   160.24    41.20   197.98    -0.00     0.00     0.00   0.021    3
   160.24    42.18   196.96    -0.00     0.00     0.00   0.020    4
   161.22    42.18   194.93     0.00     0.00    -0.00   0.021    5
   160.24    41.20   196.96     0.00     0.00    -0.00   0.020    6
   161.22    41.20   196.96     0.00     0.00    -0.00   0.021    7
   160.24    43.16   195.94     0.00     0.00     0.00   0.020    8
   159.27    40.21   195.94     0.00     0.00     0.00   0.021    9
   160.24    42.18   195.94     0.00     0.00    -0.00   0.020   10
   159.27    41.20   196.96     0.00     0.00    -0.00   0.021   11
   160.24    42.18   196.96     0.00     0.00    -0.00   0.020   12
   159.27    41.20   195.94     0.00     0.00    -0.00   0.021   13
   160.24    42.18   196.96    -0.00     0.00    -0.00   0.020   14
   160.24    42.18   194.93     0.00     0.00    -0.00   0.021   15
   160.24    42.18   195.94    -0.00     0.00    -0.00   0.020   16
   160.24    41.20   194.93    -0.00     0.00    -0.00   0.021   17
   160.24    43.16   196.96    -0.00     0.00    -0.00   0.020   18
   159.27    42.18   195.94     0.00     0.00    -0.00   0.021   19
   161.22    41.20   196.96     0.00     0.00    -0.00   0.020   20
   160.24    42.18   195.94     0.00     0.00    -0.00   0.021   21
   160.24    42.18   194.93     0.00     0.00    -0.00   0.020   22
   159.27    41.20   196.96     0.00     0.00    -0.00   0.020   23
   160.24    42.18   195.94     0.00     0.00    -0.00   0.021   24
   161.22    41.20   195.94     0.00     0.00    -0.00   0.020   25
   159.27    42.18   196.96     0.00     0.00    -0.00   0.021   26
   160.24    40.21   196.96     0.00     0.00    -0.00   0.020   27
   161.22    41.20   197.98     0.00     0.00    -0.00   0.021   28
   160.24    43.16   195.94     0.00     0.00    -0.00   0.020   29
   160.24    41.20   197.98     0.00     0.00    -0.00   0.021   30
   161.22    43.16   196.96     0.00     0.00    -0.00   0.020   31
   160.24    41.20   196.96     0.00     0.00     0.00   0.021   32
   159.27    43.16   195.94     0.00     0.00     0.00   0.020   33
   159.27    43.16   196.96     0.00     0.00    -0.00   0.021   34
   160.24    43.16   199.00     0.00     0.00     0.00   0.020   35
   160.24    42.18   196.96     0.00     0.00     0.00   0.021   36
   162.20    41.20   197.98     0.00     0.00    -0.00   0.020   37
   161.22    41.20   196.96     0.00     0.00    -0.00   0.021   38
   160.24    42.18   196.96     0.00     0.00    -0.00   0.020   39
   160.24    42.18   196.96     0.00     0.00    -0.00   0.021   40
   160.24    42.18   197.98     0.00     0.00     0.00   0.020   41
   159.27    41.20   195.94     0.00     0.00     0.00   0.021   42
   160.24    42.18   196.96     0.00     0.00     0.00   0.020   43
   159.27    41.20   195.94     0.00     0.00     0.00   0.021   44
   160.24    41.20   196.96     0.00     0.00     0.00   0.020   45
   159.27    41.20   195.94     0.00     0.00    -0.00   0.021   46
   161.22    42.18   195.94     0.00     0.00     0.00   0.020   47
   160.24    42.18   196.96    -0.00     0.00     0.00   0.020   48
   162.20    43.16   199.00     0.00     0.00     0.00   0.021   49
   160.24    42.18   196.96     0.00     0.00    -0.00   0.020   50
   162.20    42.18   197.98     0.00     0.00    -0.00   0.021   51
   161.22    42.18   195.94     0.00     0.00    -0.00   0.020   52
   161.22    41.20   197.98     0.00     0.00     0.00   0.021   53
   160.24    42.18   197.98     0.00     0.00     0.00   0.020   54
   160.24    42.18   197.98     0.00     0.00    -0.00   0.021   55
   160.24    42.18   194.93     0.00     0.00    -0.00   0.020   56
   159.27    43.16   195.94     0.00     0.00     0.00   0.021   57
   158.29    40.21   195.94     0.00     0.00     0.00   0.020   58
   159.27    42.18   195.94     0.00     0.00    -0.00   0.021   59
   160.24    42.18   195.94    -0.00     0.00     0.00   0.020   60
   160.24    42.18   195.94     0.00     0.00    -0.00   0.021   61
   159.27    42.18   195.94     0.00     0.00    -0.00   0.020   62
   161.22    41.20   196.96     0.00     0.00    -0.00   0.021   63
   161.22    42.18   195.94     0.00     0.00    -0.00   0.020   64
   160.24    41.20   196.96     0.00     0.00    -0.00   0.021   65
   161.22    43.16   196.96     0.00     0.00     0.00   0.020   66
   160.24    42.18   194.93     0.00     0.00    -0.00   0.021   67
   160.24    43.16   197.98     0.00     0.00    -0.00   0.020   68
   159.27    42.18   195.94     0.00     0.00    -0.00   0.021   69
   160.24    42.18   195.94     0.00     0.00    -0.00   0.020   70
   160.24    42.18   196.96     0.00     0.00    -0.00   0.021   71
   160.24    42.18   196.96     0.00     0.00    -0.00   0.020   72
   159.27    43.16   196.96     0.00     0.00    -0.00   0.020   73
   161.22    42.18   196.96     0.00     0.00    -0.00   0.021   74
   161.22    41.20   196.96    -0.00     0.00    -0.00   0.020   75
   161.22    42.18   196.96    -0.00     0.00    -0.00   0.021   76
   159.27    41.20   195.94     0.00     0.00     0.00   0.020   77
   161.22    42.18   196.96     0.00     0.00     0.00   0.021   78
   161.22    41.20   194.93     0.00     0.00     0.00   0.020   79
   161.22    42.18   197.98    -0.00     0.00     0.00   0.021   80
   159.27    42.18   194.93     0.00     0.00     0.00   0.020   81
   159.27    42.18   196.96     0.00     0.00     0.00   0.021   82
   159.27    41.20   195.94     0.00     0.00     0.00   0.020   83
   160.24    41.20   195.94     0.00     0.00     0.00   0.021   84
   159.27    42.18   194.93    -0.00     0.00     0.00   0.020   85
   160.24    43.16   199.00     0.00     0.00     0.00   0.021   86
   160.24    42.18   197.98     0.00     0.00    -0.00   0.020   87
   161.22    43.16   197.98     0.00     0.00    -0.00   0.021   88
   159.27    42.18   195.94     0.00     0.00    -0.00   0.020   89
   161.22    42.18   196.96     0.00     0.00    -0.00   0.021   90
   159.27    41.20   194.93     0.00     0.00    -0.00   0.020   91
   160.24    42.18   196.96     0.00     0.00     0.00   0.021   92
   159.27    41.20   196.96     0.00     0.00     0.00   0.020   93
   160.24    41.20   196.96     0.00     0.00     0.00   0.021   94
   160.24    41.20   197.98     0.00     0.00     0.00   0.020   95
   161.22    41.20   197.98     0.00     0.00     0.00   0.021   96
   160.24    41.20   196.96     0.00     0.00    -0.00   0.020   97
   160.24    42.18   196.96     0.00     0.00    -0.00   0.020   98
   159.27    42.18   195.94     0.00     0.00    -0.00   0.021   99
   160.24    42.18   196.96     0.00     0.00    -0.00   0.020  100
   159.27    41.20   196.96     0.00     0.00    -0.00   0.021  101
   160.24    42.18   196.96     0.00     0.00    -0.00   0.020  102
   160.24    41.20   197.98     0.00     0.00    -0.00   0.021  103
   160.24    42.18   195.94     0.00     0.00    -0.00   0.020  104
   159.27    42.18   195.94     0.00     0.00    -0.00   0.021  105
   160.24    42.18   195.94     0.00     0.00    -0.00   0.020  106
   159.27    41.20   195.94     0.00     0.00    -0.00   0.021  107
   160.24    41.20   195.94     0.00     0.00     0.00   0.020  108
   159.27    42.18   196.96     0.00     0.00    -0.00   0.021  109
   161.22    43.16   199.00     0.00     0.00     0.00   0.020  110
   160.24    42.18   197.98     0.00     0.00    -0.00   0.021  111
   162.20    43.16   196.96     0.00     0.00     0.00   0.020  112
   160.24    42.18   195.94     0.00     0.00    -0.00   0.021  113
   160.24    41.20   196.96     0.00     0.00     0.00   0.020  114
   160.24    42.18   196.96     0.00     0.00    -0.00   0.021  115
   161.22    41.20   195.94     0.00     0.00    -0.00   0.020  116
   159.27    42.18   196.96     0.00     0.00     0.00   0.021  117
   160.24    42.18   195.94     0.00     0.00     0.00   0.020  118
   161.22    41.20   195.94     0.00     0.00    -0.00   0.021  119
   159.27    41.20   195.94     0.00    -0.00    -0.00   0.020  120
   160.24    42.18   195.94     0.00    -0.00    -0.00   0.021  121
   160.24    41.20   196.96     0.00     0.00     0.00   0.020  122
   160.24    43.16   195.94     0.00     0.00    -0.00   0.020  123
   161.22    42.18   197.98     0.00     0.00    -0.00   0.021  124
   160.24    43.16   195.94     0.00     0.00    -0.00   0.020  125
   160.24    40.21   196.96     0.00     0.00    -0.00   0.021  126
   161.22    42.18   195.94     0.00     0.00    -0.00   0.020  127
   161.22    41.20   195.94     0.00     0.00    -0.00   0.021  128
   160.24    42.18   196.96     0.00     0.00    -0.00   0.020  129
   161.22    40.21   195.94     0.00     0.00     0.00   0.021  130
   160.24    42.18   196.96     0.00     0.00     0.00   0.020  131
   159.27    42.18   196.96     0.00     0.00    -0.00   0.021  132
   162.20    42.18   197.98     0.00     0.00    -0.00   0.020  133
   160.24    42.18   195.94     0.00     0.00     0.00   0.021  134
   162.20    42.18   197.98     0.00     0.00     0.00   0.020  135
   161.22    42.18   196.96     0.00     0.00     0.00   0.021  136
   161.22    42.18   195.94     0.00     0.00    -0.00   0.020  137
   159.27    41.20   197.98     0.00     0.00    -0.00   0.021  138
   160.24    42.18   195.94     0.00     0.00     0.00   0.020  139
   159.27    41.20   194.93     0.00     0.00    -0.00   0.021  140
   160.24    41.20   195.94     0.00     0.00     0.00   0.020  141
   160.24    41.20   194.93     0.00     0.00    -0.00   0.021  142
   160.24    42.18   195.94     0.00     0.00    -0.00   0.020  143
   160.24    41.20   195.94     0.00     0.00    -0.00   0.021  144
   160.24    42.18   196.96     0.00     0.00    -0.00   0.020  145
   159.27    42.18   195.94     0.00     0.00    -0.00   0.021  146
   159.27    42.18   196.96     0.00     0.00    -0.00   0.020  147
   161.22    41.20   196.96    -0.00     0.00    -0.00   0.020  148
   162.20    42.18   197.98     0.00     0.00    -0.00   0.021  149
   161.22    41.20   195.94     0.00     0.00     0.00   0.020  150
   160.24    42.18   196.96     0.00     0.00    -0.00   0.021  151
   160.24    40.21   197.98     0.00     0.00    -0.00   0.020  152
   161.22    43.16   196.96     0.00     0.00    -0.00   0.021  153
   159.27    41.20   195.94     0.00     0.00    -0.00   0.020  154
   160.24    42.18   196.96     0.00     0.00     0.00   0.021  155
   160.24    41.20   196.96     0.00     0.00    -0.00   0.020  156
   160.24    42.18   196.96     0.00     0.00     0.00   0.021  157
   159.27    42.18   194.93     0.00     0.00    -0.00   0.020  158
   162.20    42.18   197.98     0.00     0.00     0.00   0.021  159
   160.24    42.18   196.96     0.00     0.00    -0.00   0.020  160
   161.22    40.21   194.93     0.00     0.00     0.00   0.021  161
   161.22    42.18   195.94     0.00     0.00     0.00   0.020  162
   159.27    42.18   194.93     0.00     0.00     0.00   0.021  163
   160.24    43.16   196.96     0.00    -0.00    -0.00   0.020  164
   159.27    41.20   196.96     0.00     0.00     0.00   0.021  165
   160.24    42.18   196.96     0.00     0.00    -0.00   0.020  166
   160.24    42.18   195.94     0.00     0.00     0.00   0.021  167
   160.24    43.16   195.94     0.00     0.00    -0.00   0.020  168
   159.27    42.18   194.93     0.00     0.00     0.00   0.021  169
   160.24    43.16   195.94     0.00     0.00    -0.00   0.020  170
   161.22    41.20   196.96     0.00     0.00     0.00   0.021  171
   162.20    42.18   197.98     0.00     0.00    -0.00   0.020  172
   159.27    41.20   195.94     0.00     0.00    -0.00   0.020  173
   160.24    42.18   196.96     0.00     0.00     0.00   0.021  174
   160.24    41.20   194.93     0.00     0.00    -0.00   0.020  175
   161.22    42.18   195.94     0.00     0.00    -0.00   0.021  176
   159.27    42.18   195.94     0.00     0.00    -0.00   0.020  177
   160.24    43.16   197.98     0.00     0.00    -0.00   0.021  178
   159.27    42.18   196.96     0.00     0.00     0.00   0.020  179
   161.22    44.14   199.00     0.00     0.00    -0.00   0.021  180
   159.27    42.18   195.94     0.00     0.00    -0.00   0.020  181
   160.24    43.16   196.96     0.00     0.00    -0.00   0.021  182
   160.24    42.18   196.96     0.00     0.00     0.00   0.020  183
   161.22    43.16   197.98     0.00     0.00    -0.00   0.021  184
   160.24    42.18   195.94     0.00     0.00    -0.00   0.020  185
   160.24    42.18   195.94     0.00     0.00    -0.00   0.021  186
   159.27    40.21   194.93     0.00     0.00    -0.00   0.020  187
   160.24    41.20   194.93     0.00     0.00    -0.00   0.021  188
   158.29    42.18   194.93     0.00     0.00    -0.00   0.020  189
   161.22    42.18   194.93     0.00     0.00     0.00   0.021  190
   160.24    42.18   194.93     0.00     0.00     0.00   0.020  191
   160.24    43.16   196.96     0.00     0.00    -0.00   0.021  192
   160.24    43.16   196.96     0.00     0.00     0.00   0.020  193
   160.24    42.18   195.94     0.00     0.00    -0.00   0.021  194
   161.22    41.20   195.94     0.00     0.00    -0.00   0.020  195
   160.24    42.18   195.94     0.00     0.00    -0.00   0.021  196
   160.24    42.18   195.94     0.00     0.00    -0.00   0.020  197
   160.24    42.18   195.94     0.00     0.00    -0.00   0.020  198
   160.24    40.21   196.96     0.00     0.00    -0.00   0.021  199
   160.24    43.16   196.96     0.00     0.00    -0.00   0.020  200
   160.24    42.18   195.94     0.00     0.00    -0.00   0.021  201
   161.22    42.18   197.98     0.00     0.00    -0.00   0.020  202
   161.22    41.20   196.96     0.00     0.00    -0.00   0.021  203
   161.22    42.18   197.98     0.00     0.00     0.00   0.020  204
   160.24    43.16   196.96     0.00     0.00     0.00   0.021  205
   160.24    41.20   196.96     0.00     0.00     0.00   0.020  206
   160.24    43.16   196.96     0.00     0.00     0.00   0.021  207
   160.24    42.18   196.96     0.00     0.00     0.00   0.020  208
   159.27    42.18   194.93     0.00     0.00    -0.00   0.021  209
   161.22    43.16   195.94     0.00     0.00    -0.00   0.020  210
   160.24    42.18   196.96     0.00     0.00     0.00   0.021  211
   161.22    42.18   196.96     0.00     0.00     0.00   0.020  212
   160.24    43.16   196.96     0.00     0.00    -0.00   0.021  213
   162.20    43.16   201.03     0.00     0.00    -0.00   0.020  214
   160.24    42.18   197.98     0.00     0.00    -0.00   0.021  215
   160.24    41.20   196.96     0.00     0.00    -0.00   0.020  216
   160.24    42.18   195.94    -0.00     0.00    -0.00   0.021  217
   159.27    41.20   196.96     0.00     0.00    -0.00   0.020  218
   161.22    42.18   196.96     0.00     0.00    -0.00   0.021  219
   160.24    42.18   194.93     0.00     0.00    -0.00   0.020  220
   160.24    42.18   195.94     0.00     0.00    -0.00   0.021  221
   159.27    43.16   195.94     0.00     0.00     0.00   0.020  222
   160.24    42.18   197.98     0.00     0.00    -0.00   0.020  223
   160.24    42.18   196.96     0.00     0.00    -0.00   0.021  224
   161.22    43.16   196.96     0.00     0.00    -0.00   0.020  225
   160.24    42.18   196.96     0.00     0.00    -0.00   0.021  226
   161.22    42.18   196.96    -0.00     0.00    -0.00   0.020  227
   160.24    42.18   195.94     0.00     0.00    -0.00   0.021  228
   160.24    42.18   196.96     0.00     0.00     0.00   0.020  229
   160.24    41.20   194.93     0.00     0.00    -0.00   0.021  230
   161.22    39.23   195.94     0.00     0.00    -0.00   0.020  231
   159.27    42.18   195.94     0.00     0.00    -0.00   0.021  232
   161.22    42.18   196.96     0.00     0.00     0.00   0.020  233
   160.24    43.16   195.94     0.00     0.00     0.00   0.021  234
   160.24    43.16   196.96     0.00     0.00     0.00   0.020  235
   161.22    42.18   196.96     0.00     0.00    -0.00   0.021  236
   161.22    40.21   195.94     0.00     0.00    -0.00   0.020  237
   160.24    42.18   196.96    -0.00     0.00     0.00   0.021  238
   160.24    42.18   196.96     0.00     0.00    -0.00   0.020  239
   161.22    43.16   195.94     0.00     0.00     0.00   0.021  240
   160.24    41.20   194.93     0.00     0.00    -0.00   0.020  241
   161.22    44.14   199.00     0.00     0.00    -0.00   0.021  242
   160.24    41.20   195.94     0.00     0.00    -0.00   0.020  243
   161.22    42.18   197.98     0.00     0.00    -0.00   0.021  244
   161.22    42.18   196.96     0.00    -0.00    -0.00   0.020  245
   160.24    41.20   197.98     0.00     0.00    -0.00   0.021  246
   161.22    41.20   195.94     0.00     0.00    -0.00   0.020  247
   161.22    42.18   197.98     0.00     0.00    -0.00   0.020  248
   160.24    42.18   195.94     0.00     0.00    -0.00   0.021  249
   161.22    42.18   195.94     0.00     0.00     0.00   0.020  250
   161.22    42.18   195.94     0.00     0.00     0.00   0.021  251
   160.24    41.20   194.93     0.00     0.00     0.00   0.020  252
   160.24    42.18   196.96     0.00     0.00    -0.00   0.021  253
   161.22    42.18   197.98     0.00     0.00     0.00   0.020  254
   161.22    42.18   195.94     0.00     0.00    -0.00   0.021  255
   160.24    41.20   195.94     0.00     0.00    -0.00   0.020    0
   160.24    42.18   196.96    -0.00     0.00    -0.00   0.021    1
   159.27    40.21   194.93     0.00     0.00    -0.00   0.020    2
   161.22    42.18   196.96     0.00     0.00     0.00   0.021    3
   159.27    43.16   196.96     0.00     0.00    -0.00   0.020    4
   161.22    43.16   195.94     0.00     0.00    -0.00   0.021    5
   160.24    42.18   195.94     0.00     0.00    -0.00   0.020    6
   162.20    43.16   197.98    -0.00     0.00     0.00   0.021    7
   160.24    43.16   196.96     0.00     0.00     0.00   0.020    8
   160.24    42.18   197.98     0.00     0.00     0.00   0.021    9
   160.24    42.18   194.93     0.00     0.00    -0.00   0.020   10
   159.27    42.18   195.94     0.00     0.00     0.00   0.021   11
   161.22    43.16   195.94     0.00     0.00    -0.00   0.020   12
   160.24    42.18   195.94     0.00     0.00    -0.00   0.021   13
   160.24    41.20   196.96     0.00     0.00    -0.00   0.020   14
   160.24    42.18   195.94     0.00     0.00    -0.00   0.021   15
   159.27    42.18   196.96     0.00     0.00     0.00   0.020   16
   161.22    43.16   195.94     0.00     0.00    -0.00   0.020   17
   161.22    41.20   194.93     0.00     0.00    -0.00   0.021   18
   162.20    43.16   197.98    -0.00     0.00    -0.00   0.020   19
   160.24    43.16   195.94    -0.00     0.00    -0.00   0.021   20
   159.27    41.20   196.96     0.00     0.00     0.00   0.020   21
   160.24    42.18   195.94     0.00     0.00    -0.00   0.021   22
   160.24    41.20   194.93     0.00     0.00     0.00   0.020   23
   161.22    42.18   196.96     0.00     0.00    -0.00   0.021   24
   161.22    41.20   194.93     0.00     0.00    -0.00   0.020   25
   161.22    42.18   197.98     0.00     0.00    -0.00   0.021   26
   161.22    41.20   195.94     0.00     0.00    -0.00   0.020   27
   161.22    44.14   197.98     0.00     0.00    -0.00   0.021   28
   160.24    42.18   197.98     0.00     0.00     0.00   0.020   29
   160.24    42.18   195.94     0.00     0.00     0.00   0.021   30
   160.24    42.18   194.93     0.00     0.00    -0.00   0.020   31
   160.24    43.16   196.96     0.00     0.00    -0.00   0.021   32
   161.22    43.16   195.94     0.00     0.00    -0.00   0.020   33
   160.24    41.20   195.94     0.00     0.00     0.00   0.021   34
   160.24    41.20   194.93     0.00     0.00    -0.00   0.020   35
   160.24    43.16   195.94     0.00    -0.00    -0.00   0.021   36
   160.24    44.14   195.94     0.00     0.00    -0.00   0.020   37
   161.22    43.16   196.96     0.00     0.00    -0.00   0.021   38
   161.22    44.14   195.94     0.00     0.00     0.00   0.020   39
   161.22    42.18   196.96     0.00     0.00     0.00   0.021   40
   161.22    41.20   196.96     0.00     0.00    -0.00   0.020   41
   158.29    42.18   194.93     0.00     0.00    -0.00   0.020   42
   162.20    42.18   196.96     0.00     0.00    -0.00   0.021   43
   160.24    40.21   194.93    -0.00     0.00    -0.00   0.020   44
   160.24    43.16   196.96     0.00     0.00    -0.00   0.021   45
   159.27    42.18   194.93     0.00     0.00    -0.00   0.020   46
   161.22    44.14   197.98     0.00     0.00    -0.00   0.021   47
   161.22    41.20   195.94     0.00     0.00     0.00   0.020   48
   161.22    42.18   196.96     0.00     0.00    -0.00   0.021   49
   161.22    41.20   196.96     0.00     0.00    -0.00   0.020   50
   159.27    40.21   195.94     0.00     0.00    -0.00   0.021   51
   161.22    42.18   196.96     0.00     0.00     0.00   0.020   52
   160.24    42.18   194.93     0.00     0.00     0.00   0.021   53
   159.27    42.18   196.96     0.00     0.00    -0.00   0.020   54
   159.27    43.16   195.94     0.00     0.00     0.00   0.021   55
   161.22    44.14   196.96     0.00     0.00    -0.00   0.020   56
   161.22    43.16   195.94    -0.00     0.00    -0.00   0.021   57
   162.20    43.16   197.98     0.00     0.00    -0.00   0.020   58
   161.22    41.20   195.94     0.00     0.00     0.00   0.021   59
   160.24    42.18   196.96     0.00     0.00    -0.00   0.020   60
   161.22    41.20   196.96     0.00     0.00     0.00   0.021   61
   160.24    42.18   195.94    -0.00     0.00    -0.00   0.020   62
   161.22    41.20   193.91     0.00     0.00    -0.00   0.021   63
   159.27    42.18   194.93     0.00    -0.00    -0.00   0.020   64
   160.24    41.20   195.94     0.00     0.00    -0.00   0.021   65
   160.24    42.18   196.96     0.00    -0.00    -0.00   0.020   66
   160.24    42.18   194.93     0.00     0.00    -0.00   0.020   67
   160.24    40.21   194.93     0.00     0.00    -0.00   0.021   68
   161.22    42.18   195.94     0.00     0.00    -0.00   0.020   69
   159.27    41.20   196.96     0.00     0.00    -0.00   0.021   70
   161.22    41.20   197.98     0.00     0.00     0.00   0.020   71
   159.27    41.20   195.94     0.00     0.00    -0.00   0.021   72
   159.27    42.18   195.94     0.00     0.00    -0.00   0.020   73
   160.24    41.20   195.94    -0.00     0.00     0.00   0.021   74
   162.20    43.16   196.96    -0.00     0.00    -0.00   0.020   75
   160.24    41.20   194.93     0.00     0.00     0.00   0.021   76
   161.22    42.18   195.94    -0.00     0.00    -0.00   0.020   77
   159.27    40.21   195.94     0.00     0.00    -0.00   0.021   78
   160.24    42.18   196.96     0.00     0.00    -0.00   0.020   79
   160.24    41.20   195.94     0.00     0.00    -0.00   0.021   80
   159.27    42.18   195.94     0.00     0.00    -0.00   0.020   81
   160.24    42.18   196.96     0.00     0.00    -0.00   0.021   82
   160.24    41.20   197.98     0.00     0.00    -0.00   0.020   83
   159.27    41.20   194.93     0.00     0.00     0.00   0.021   84
   160.24    41.20   196.96     0.00     0.00    -0.00   0.020   85
   160.24    42.18   196.96     0.00     0.00     0.00   0.021   86
   161.22    42.18   195.94     0.00     0.00     0.00   0.020   87
   160.24    44.14   195.94     0.00     0.00     0.00   0.021   88
   160.24    42.18   196.96     0.00     0.00     0.00   0.020   89
   160.24    43.16   196.96     0.00     0.00    -0.00   0.021   90
   159.27    41.20   196.96     0.00     0.00    -0.00   0.020   91
   161.22    42.18   196.96     0.00     0.00    -0.00   0.020   92
   160.24    41.20   194.93     0.00     0.00    -0.00   0.021   93
   160.24    43.16   195.94     0.00     0.00    -0.00   0.020   94
   159.27    42.18   194.93     0.00     0.00     0.00   0.021   95
   160.24    42.18   196.96     0.00     0.00    -0.00   0.020   96
   161.22    41.20   193.91     0.00     0.00     0.00   0.021   97
   160.24    42.18   195.94     0.00     0.00     0.00   0.020   98
   160.24    41.20   195.94     0.00     0.00     0.00   0.021   99
   161.22    43.16   195.94     0.00     0.00    -0.00   0.020  100
   160.24    42.18   196.96     0.00     0.00    -0.00   0.021  101
   161.22    43.16   195.94     0.00     0.00     0.00   0.020  102
   159.27    42.18   195.94     0.00     0.00    -0.00   0.021  103
   160.24    43.16   196.96     0.00     0.00    -0.00   0.020  104
   159.27    41.20   193.91     0.00     0.00    -0.00   0.021  105
   161.22    41.20   197.98     0.00     0.00    -0.00   0.020  106
   160.24    42.18   194.93     0.00     0.00    -0.00   0.021  107
   161.22    43.16   194.93     0.00     0.00    -0.00   0.020  108
   160.24    42.18   195.94     0.00     0.00     0.00   0.021  109
   161.22    43.16   199.00     0.00     0.00     0.00   0.020  110
   161.22    42.18   195.94     0.00     0.00     0.00   0.021  111
   162.20    42.18   196.96     0.00     0.00     0.00   0.020  112
   160.24    42.18   196.96     0.00     0.00    -0.00   0.021  113
   160.24    42.18   195.94     0.00     0.00    -0.00   0.020  114
   160.24    41.20   196.96    -0.00     0.00     0.00   0.021  115
   160.24    42.18   195.94    -0.00     0.00     0.00   0.020  116
   161.22    42.18   194.93    -0.00     0.00    -0.00   0.020  117
   160.24    42.18   196.96     0.00     0.00    -0.00   0.021  118
   160.24    42.18   194.93    -0.00     0.00    -0.00   0.020  119
   160.24    41.20   196.96     0.00     0.00     0.00   0.021  120
   159.27    42.18   196.96     0.00     0.00    -0.00   0.020  121
   161.22    43.16   195.94     0.00     0.00     0.00   0.021  122
   161.22    42.18   196.96     0.00     0.00    -0.00   0.020  123
   162.20    42.18   197.98     0.00     0.00    -0.00   0.021  124
   160.24    41.20   195.94     0.00     0.00    -0.00   0.020  125
   159.27    43.16   195.94     0.00     0.00     0.00   0.021  126
   161.22    42.18   196.96     0.00     0.00     0.00   0.020  127
   160.24    41.20   197.98     0.00     0.00    -0.00   0.021  128
   161.22    42.18   195.94     0.00     0.00    -0.00   0.020  129
   160.24    41.20   194.93     0.00     0.00    -0.00   0.021  130
   161.22    41.20   197.98     0.00     0.00     0.00   0.020  131
   160.24    42.18   195.94    -0.00     0.00     0.00   0.021  132
   160.24    42.18   194.93     0.00     0.00    -0.00   0.020  133
   160.24    42.18   195.94     0.00     0.00     0.00   0.021  134
   160.24    41.20   195.94     0.00     0.00    -0.00   0.020  135
   161.22    42.18   196.96     0.00     0.00    -0.00   0.021  136
   160.24    42.18   196.96     0.00     0.00     0.00   0.020  137
   160.24    41.20   196.96     0.00     0.00    -0.00   0.021  138
   161.22    43.16   196.96     0.00     0.00    -0.00   0.020  139
   159.27    42.18   195.94     0.00     0.00    -0.00   0.021  140
   162.20    43.16   196.96     0.00     0.00    -0.00   0.020  141
   160.24    41.20   195.94     0.00     0.00    -0.00   0.020  142
   161.22    42.18   195.94     0.00     0.00    -0.00   0.021  143
   161.22    42.18   194.93     0.00     0.00     0.00   0.020  144
   162.20    43.16   196.96     0.00     0.00     0.00   0.021  145
   160.24    42.18   195.94     0.00     0.00     0.00   0.020  146
   161.22    43.16   197.98     0.00     0.00     0.00   0.021  147
   159.27    42.18   195.94     0.00     0.00     0.00   0.020  148
   161.22    42.18   196.96     0.00     0.00     0.00   0.021  149
   159.27    42.18   196.96     0.00     0.00    -0.00   0.020  150
   160.24    43.16   195.94     0.00     0.00     0.00   0.021  151
   158.29    42.18   194.93     0.00     0.00    -0.00   0.020  152
   161.22    43.16   196.96    -0.00     0.00     0.00   0.021  153
   160.24    41.20   194.93     0.00     0.00    -0.00   0.020  154
   160.24    42.18   196.96     0.00     0.00     0.00   0.021  155
   160.24    41.20   196.96     0.00     0.00    -0.00   0.020  156
   162.20    43.16   196.96     0.00     0.00    -0.00   0.021  157
   160.24    42.18   195.94     0.00     0.00     0.00   0.020  158
   161.22    42.18   196.96     0.00     0.00    -0.00   0.021  159
   160.24    42.18   194.93     0.00     0.00     0.00   0.020  160
   161.22    43.16   197.98     0.00     0.00    -0.00   0.021  161
   160.24    41.20   196.96     0.00     0.00    -0.00   0.020  162
   161.22    42.18   195.94     0.00     0.00     0.00   0.021  163
   160.24    41.20   194.93     0.00     0.00     0.00   0.020  164
   161.22    40.21   195.94     0.00     0.00     0.00   0.021  165
   159.27    40.21   195.94     0.00     0.00    -0.00   0.020  166
   160.24    41.20   195.94     0.00     0.00     0.00   0.020  167
   159.27    42.18   195.94     0.00     0.00     0.00   0.021  168
   159.27    42.18   195.94     0.00    -0.00     0.00   0.020  169
   160.24    42.18   195.94     0.00     0.00    -0.00   0.021  170
   160.24    43.16   196.96     0.00    -0.00    -0.00   0.020  171
   161.22    42.18   196.96     0.00     0.00    -0.00   0.021  172
   159.27    41.20   195.94     0.00     0.00    -0.00   0.020  173
   160.24    42.18   196.96     0.00     0.00    -0.00   0.021  174
   160.24    41.20   195.94    -0.00     0.00    -0.00   0.020  175
   161.22    42.18   196.96    -0.00     0.00    -0.00   0.021  176
   161.22    41.20   195.94     0.00     0.00    -0.00   0.020  177
   160.24    42.18   196.96     0.00     0.00    -0.00   0.021  178
   159.27    42.18   194.93     0.00     0.00    -0.00   0.020  179
   160.24    44.14   196.96     0.00     0.00     0.00   0.021  180
   159.27    42.18   195.94     0.00     0.00    -0.00   0.020  181
   161.22    43.16   196.96     0.00     0.00    -0.00   0.021  182
   161.22    42.18   195.94     0.00     0.00    -0.00   0.020  183
   161.22    41.20   195.94     0.00     0.00     0.00   0.021  184
   160.24    41.20   195.94     0.00    -0.00     0.00   0.020  185
   160.24    41.20   195.94     0.00     0.00     0.00   0.021  186
   158.29    41.20   194.93     0.00    -0.00     0.00   0.020  187
   160.24    41.20   195.94    -0.00    -0.00     0.00   0.021  188
   159.27    40.21   194.93     0.00     0.00    -0.00   0.020  189
   160.24    42.18   195.94     0.00     0.00     0.00   0.021  190
   161.22    42.18   194.93    -0.00     0.00    -0.00   0.020  191
   163.18    44.14   197.98    -0.00     0.00     0.00   0.020  192
   161.22    42.18   195.94    -0.00     0.00     0.00   0.021  193
   161.22    42.18   196.96    -0.00     0.00     0.00   0.020  194
   160.24    42.18   196.96    -0.00     0.00     0.00   0.021  195
   158.29    41.20   194.93    -0.00     0.00     0.00   0.020  196
   161.22    42.18   196.96    -0.00     0.00     0.00   0.021  197
   160.24    41.20   195.94    -0.00     0.00     0.00   0.020  198
   161.22    41.20   195.94    -0.00     0.00     0.00   0.021  199
   159.27    42.18   195.94    -0.00     0.00     0.00   0.020  200
   159.27    43.16   194.93    -0.00    -0.00     0.00   0.021  201
   160.24    42.18   195.94     0.00     0.00     0.00   0.020  202
   161.22    42.18   196.96     0.00    -0.00     0.00   0.021  203
   160.24    41.20   195.94    -0.00     0.00     0.00   0.020  204
   161.22    42.18   197.98    -0.00     0.00     0.00   0.021  205
   159.27    42.18   195.94    -0.00     0.00    -0.00   0.020  206
   161.22    41.20   195.94    -0.00     0.00     0.00   0.021  207
   160.24    42.18   193.91    -0.00     0.00     0.00   0.020  208
   161.22    40.21   195.94     0.00     0.00    -0.00   0.021  209
   160.24    41.20   195.94     0.00    -0.00    -0.00   0.020  210
   160.24    41.20   194.93     0.00    -0.00    -0.00   0.021  211
   161.22    42.18   196.96     0.00    -0.00    -0.00   0.020  212
   160.24    43.16   196.96     0.00     0.00    -0.00   0.021  213
   161.22    41.20   195.94     0.00     0.00    -0.00   0.020  214
   160.24    41.20   194.93     0.00    -0.00    -0.00   0.021  215
   161.22    42.18   195.94     0.00    -0.00    -0.00   0.020  216
   160.24    41.20   195.94     0.00    -0.00    -0.00   0.020  217
   161.22    42.18   195.94     0.00    -0.00    -0.00   0.021  218
   161.22    42.18   195.94     0.01    -0.00    -0.00   0.020  219
   162.20    42.18   196.96     0.01    -0.00    -0.01   0.021  220
   160.24    41.20   195.94     0.01    -0.00    -0.00   0.020  221
   162.20    42.18   196.96     0.01    -0.00    -0.00   0.021  222
   161.22    42.18   195.94     0.01     0.00    -0.00   0.020  223
   161.22    42.18   195.94     0.01     0.00    -0.00   0.021  224
   161.22    42.18   195.94     0.01     0.00    -0.00   0.020  225
   160.24    42.18   196.96     0.00    -0.00    -0.00   0.021  226
   160.24    42.18   194.93     0.00    -0.00     0.00   0.020  227
   160.24    41.20   194.93     0.01    -0.00    -0.00   0.021  228
   161.22    43.16   196.96     0.01    -0.00    -0.00   0.020  229
   161.22    42.18   196.96     0.01    -0.00    -0.00   0.021  230
   161.22    43.16   195.94     0.01    -0.00    -0.00   0.020  231
   161.22    42.18   196.96     0.01    -0.00    -0.00   0.021  232
   161.22    43.16   196.96     0.01    -0.01    -0.00   0.020  233
   160.24    42.18   194.93     0.01    -0.01    -0.00   0.021  234
   161.22    43.16   195.94     0.01    -0.01    -0.00   0.020  235
   159.27    41.20   194.93     0.01    -0.00    -0.00   0.021  236
   161.22    42.18   195.94     0.01    -0.00    -0.00   0.020  237
   161.22    41.20   195.94     0.01    -0.00    -0.00   0.021  238
   161.22    44.14   196.96     0.01    -0.00    -0.00   0.020  239
   161.22    43.16   194.93     0.01    -0.00    -0.00   0.021  240
   161.22    45.12   196.96     0.00    -0.00    -0.00   0.020  241
   161.22    43.16   195.94     0.00     0.00     0.00   0.020  242
   161.22    42.18   194.93    -0.00     0.00     0.00   0.021  243
   162.20    43.16   195.94    -0.00     0.00     0.00   0.020  244
   162.20    41.20   194.93    -0.00     0.00     0.00   0.021  245
   161.22    42.18   195.94    -0.01     0.00     0.00   0.020  246
   161.22    42.18   195.94    -0.01     0.00     0.00   0.021  247
   162.20    44.14   196.96    -0.01     0.00     0.00   0.020  248
   161.22    41.20   195.94    -0.00     0.00     0.00   0.021  249
   161.22    44.14   195.94    -0.00     0.00     0.00   0.020  250
   160.24    43.16   194.93    -0.01     0.00     0.00   0.021  251
   161.22    43.16   195.94    -0.00     0.01    -0.00   0.020  252
   160.24    42.18   195.94    -0.00     0.00     0.00   0.021  253
   161.22    43.16   196.96    -0.00     0.00    -0.00   0.020  254
   161.22    41.20   195.94     0.00     0.00    -0.00   0.021  255
   161.22    42.18   194.93     0.00     0.00    -0.00   0.020    0
   161.22    42.18   194.93     0.00     0.00    -0.00   0.021    1
   160.24    41.20   195.94     0.00     0.00    -0.00   0.020    2
   161.22    42.18   195.94     0.00     0.00    -0.00   0.021    3
   160.24    43.16   194.93     0.00     0.00    -0.00   0.020    4
