   170.99    38.25   185.77     0.01     0.00    -0.00   0.021    0
   169.04    37.27   186.78     0.01     0.00    -0.00   0.020    1
   169.04    37.27   186.78     0.01     0.00    -0.00   0.021    2
   170.99    38.25   186.78     0.01     0.00    -0.00   0.020    3
   169.04    36.29   184.75     0.01     0.00    -0.00   0.021    4
   170.99    37.27   186.78     0.01     0.00    -0.00   0.020    5
   169.04    37.27   184.75     0.01     0.00    -0.00   0.021    6
   170.02    37.27   186.78     0.01     0.00    -0.00   0.020    7
   169.04    38.25   185.77     0.01     0.00    -0.00   0.021    8
   169.04    36.29   185.77     0.01     0.00    -0.00   0.020    9
   169.04    37.27   186.78     0.01     0.00    -0.00   0.021   10
   169.04    36.29   184.75     0.01     0.00    -0.00   0.020   11
   169.04    38.25   184.75     0.01     0.00    -0.00   0.021   12
   169.04    37.27   185.77     0.01     0.00    -0.00   0.020   13
   168.06    37.27   183.73     0.01     0.00    -0.00   0.021   14
   170.02    38.25   185.77     0.01     0.00    -0.00   0.020   15
   168.06    37.27   184.75     0.01     0.00    -0.00   0.020   16
   169.04    37.27   185.77     0.01     0.00    -0.00   0.021   17
   170.02    37.27   185.77     0.01     0.00    -0.00   0.020   18
   169.04    38.25   186.78     0.01     0.00    -0.00   0.021   19
   170.02    38.25   186.78     0.01     0.00    -0.00   0.020   20
   169.04    37.27   185.77     0.01     0.00    -0.00   0.021   21
   169.04    37.27   185.77     0.01     0.00    -0.00   0.020   22
   170.02    38.25   185.77     0.01     0.00     0.00   0.021   23
   170.02    37.27   185.77     0.01     0.00    -0.00   0.020   24
   170.99    39.23   186.78     0.01     0.00    -0.00   0.021   25
   170.02    38.25   185.77     0.01     0.00    -0.00   0.020   26
   169.04    37.27   186.78     0.01     0.00    -0.00   0.021   27
   169.04    37.27   185.77     0.01     0.00    -0.00   0.020   28
   169.04    37.27   185.77     0.01     0.00    -0.00   0.021   29
   170.99    39.23   189.84     0.01     0.00    -0.00   0.020   30
   170.02    37.27   185.77     0.01     0.00    -0.00   0.021   31
   168.06    37.27   185.77     0.01     0.00    -0.00   0.020   32
   169.04    38.25   186.78     0.01     0.00    -0.00   0.021   33
   170.02    37.27   185.77     0.01     0.00    -0.00   0.020   34
   169.04    39.23   186.78     0.01     0.00    -0.00   0.021   35
   170.02    37.27   186.78     0.01     0.00    -0.00   0.020   36
   169.04    36.29   187.80     0.01     0.00    -0.00   0.021   37
   170.02    38.25   186.78     0.01     0.00    -0.00   0.020   38
   170.02    36.29   185.77     0.01     0.00    -0.00   0.021   39
   170.02    38.25   186.78     0.01     0.00    -0.00   0.020   40
   170.99    38.25   186.78     0.01     0.00    -0.00   0.020   41
   170.02    37.27   186.78     0.01     0.00    -0.00   0.021   42
   170.02    36.29   187.80     0.01     0.00    -0.00   0.020   43
   170.02    36.29   185.77     0.01     0.00    -0.00   0.021   44
   170.02    35.31   185.77     0.01     0.00    -0.00   0.020   45
   170.02    37.27   186.78     0.01     0.00    -0.00   0.021   46
   170.02    37.27   184.75     0.01     0.00    -0.00   0.020   47
   170.02    37.27   187.80     0.01     0.00     0.00   0.021   48
   170.02    36.29   185.77     0.01     0.00    -0.00   0.020   49
   170.02    37.27   186.78     0.01     0.00    -0.00   0.021   50
   169.04    38.25   186.78     0.01     0.00    -0.00   0.020   51
   169.04    38.25   185.77     0.01     0.00     0.00   0.021   52
   170.02    40.21   186.78     0.01     0.00    -0.00   0.020   53
   170.02    37.27   186.78     0.01     0.00    -0.00   0.021   54
   170.02    37.27   185.77     0.01     0.00    -0.00   0.020   55
   170.99    38.25   186.78     0.01     0.00    -0.00   0.021   56
   169.04    37.27   186.78     0.01     0.00    -0.00   0.020   57
   171.97    39.23   187.80     0.01     0.00    -0.00   0.021   58
   169.04    37.27   185.77     0.01     0.00    -0.00   0.020   59
   169.04    38.25   186.78     0.01     0.00    -0.00   0.021   60
   170.99    38.25   186.78     0.01     0.00    -0.00   0.020   61
   169.04    37.27   186.78     0.01     0.00    -0.00   0.021   62
   170.99    37.27   186.78     0.01     0.00    -0.00   0.020   63
   170.02    37.27   185.77     0.01     0.00    -0.00   0.021   64
   170.99    37.27   186.78     0.01     0.00    -0.00   0.020   65
   170.02    38.25   186.78     0.01     0.00    -0.00   0.020   66
   168.06    37.27   183.73     0.01     0.00    -0.00   0.021   67
   170.99    37.27   185.77     0.01     0.00    -0.00   0.020   68
   169.04    37.27   185.77     0.01     0.00    -0.00   0.021   69
   169.04    37.27   186.78     0.01     0.00    -0.00   0.020   70
   169.04    38.25   184.75     0.01     0.00     0.00   0.021   71
   170.99    37.27   186.78     0.01     0.00    -0.00   0.020   72
   170.99    37.27   186.78     0.01     0.00    -0.00   0.021   73
   169.04    37.27   185.77     0.01     0.00    -0.00   0.020   74
   170.02    37.27   185.77     0.01     0.00    -0.00   0.021   75
   169.04    37.27   184.75     0.01     0.00    -0.00   0.020   76
   169.04    38.25   185.77     0.01     0.00    -0.00   0.021   77
   170.02    38.25   185.77     0.01     0.00    -0.00   0.020   78
   169.04    36.29   185.77     0.01     0.00    -0.00   0.021   79
   169.04    36.29   185.77     0.01     0.00    -0.00   0.020   80
   170.02    37.27   187.80     0.01     0.00    -0.00   0.021   81
   168.06    36.29   184.75     0.01     0.00    -0.00   0.020   82
   169.04    37.27   186.78     0.01     0.00    -0.00   0.021   83
   169.04    37.27   184.75     0.01     0.00    -0.00   0.020   84
   169.04    37.27   185.77     0.01     0.00     0.00   0.021   85
   169.04    38.25   187.80     0.01     0.00     0.00   0.020   86
   169.04    36.29   186.78     0.01     0.00    -0.00   0.021   87
   170.99    37.27   186.78     0.01     0.00    -0.00   0.020   88
   170.02    36.29   186.78     0.01     0.00    -0.00   0.021   89
   170.02    37.27   186.78     0.01     0.00    -0.00   0.020   90
   169.04    37.27   185.77     0.01     0.00    -0.00   0.020   91
   169.04    37.27   185.77     0.01     0.00    -0.00   0.021   92
   170.99    37.27   187.80     0.01     0.00    -0.00   0.020   93
   169.04    37.27   184.75     0.01     0.00    -0.00   0.021   94
   169.04    38.25   186.78     0.01     0.00    -0.00   0.020   95
   170.02    37.27   185.77     0.01     0.00    -0.00   0.021   96
   170.02    37.27   185.77     0.01     0.00     0.00   0.020   97
   171.97    38.25   187.80     0.01     0.00    -0.00   0.021   98
   170.02    37.27   187.80     0.01     0.00    -0.00   0.020   99
   170.02    38.25   185.77     0.01     0.00    -0.00   0.021  100
   169.04    38.25   186.78     0.01     0.00    -0.00   0.020  101
   169.04    37.27   185.77     0.01     0.00    -0.00   0.021  102
   170.02    39.23   187.80     0.01     0.00    -0.00   0.020  103
   170.99    37.27   186.78     0.01     0.00    -0.00   0.021  104
   169.04    36.29   185.77     0.01     0.00    -0.00   0.020  105
   170.02    38.25   186.78     0.01     0.00    -0.00   0.021  106
   169.04    37.27   185.77     0.01     0.00    -0.00   0.020  107
   170.02    39.23   185.77     0.01     0.00    -0.00   0.021  108
   170.02    37.27   185.77     0.01     0.00    -0.00   0.020  109
   168.06    36.29   185.77     0.01     0.00    -0.00   0.021  110
   169.04    39.23   186.78     0.01     0.00    -0.00   0.020  111
   169.04    37.27   185.77     0.01     0.00    -0.00   0.021  112
   170.02    37.27   186.78     0.01    -0.00    -0.00   0.020  113
   170.02    36.29   186.78     0.01     0.00    -0.00   0.021  114
   169.04    36.29   186.78     0.01     0.00    -0.00   0.020  115
   170.02    37.27   186.78     0.01     0.00    -0.00   0.020  116
   168.06    37.27   184.75     0.01     0.00    -0.00   0.021  117
   169.04    38.25   186.78     0.01     0.00    -0.00   0.020  118
   170.02    38.25   186.78     0.01     0.00    -0.00   0.021  119
   169.04    37.27   186.78     0.01     0.00     0.00   0.020  120
   170.02    37.27   185.77     0.01     0.00    -0.00   0.021  121
   170.02    37.27   186.78     0.01     0.00    -0.00   0.020  122
   169.04    36.29   186.78     0.01     0.00    -0.00   0.021  123
   170.99    38.25   185.77     0.01     0.00    -0.00   0.020  124
   169.04    37.27   185.77     0.01     0.00    -0.00   0.021  125
   171.97    38.25   187.80     0.01     0.00    -0.00   0.020  126
   170.99    37.27   186.78     0.01     0.00    -0.00   0.021  127
   169.04    37.27   185.77     0.01     0.00    -0.00   0.020  128
   170.02    37.27   187.80     0.01     0.00    -0.00   0.021  129
   170.99    37.27   186.78     0.01     0.00    -0.00   0.020  130
   170.99    37.27   186.78     0.01     0.00    -0.00   0.021  131
   170.99    37.27   185.77     0.01     0.00    -0.00   0.020  132
   170.02    36.29   186.78     0.01     0.00    -0.00   0.021  133
   170.99    37.27   187.80     0.01     0.00    -0.00   0.020  134
   168.06    37.27   185.77     0.01     0.00    -0.00   0.021  135
   170.99    38.25   186.78     0.01     0.00    -0.00   0.020  136
   169.04    37.27   186.78     0.01     0.00    -0.00   0.021  137
   169.04    36.29   186.78     0.01     0.00    -0.00   0.020  138
   169.04    39.23   186.78     0.01     0.00    -0.00   0.021  139
   169.04    36.29   185.77     0.01     0.00    -0.00   0.020  140
   170.02    37.27   185.77     0.01     0.00    -0.00   0.020  141
   168.06    37.27   185.77     0.01     0.00    -0.00   0.021  142
   170.02    37.27   186.78     0.01     0.00    -0.00   0.020  143
   170.99    38.25   186.78     0.01     0.00    -0.00   0.021  144
   168.06    35.31   185.77     0.01     0.00    -0.00   0.020  145
   169.04    36.29   186.78     0.01     0.00    -0.00   0.021  146
   169.04    37.27   186.78     0.01     0.00    -0.00   0.020  147
   168.06    38.25   186.78     0.01     0.00    -0.00   0.021  148
   169.04    38.25   187.80     0.01     0.00    -0.00   0.020  149
   170.02    37.27   186.78     0.01     0.00    -0.00   0.021  150
   170.02    37.27   186.78     0.01     0.00     0.00   0.020  151
   169.04    37.27   184.75     0.01     0.00    -0.00   0.021  152
   170.02    37.27   186.78     0.01     0.00    -0.00   0.020  153
   171.97    39.23   186.78     0.01     0.00    -0.00   0.021  154
   170.02    37.27   186.78     0.01     0.00    -0.00   0.020  155
   169.04    36.29   187.80     0.01     0.00    -0.00   0.021  156
   170.02    37.27   185.77     0.01     0.00    -0.00   0.020  157
   170.02    37.27   186.78     0.01     0.00    -0.00   0.021  158
   171.97    38.25   186.78     0.01     0.00    -0.00   0.020  159
   170.02    37.27   186.78     0.01     0.00    -0.00   0.021  160
   170.02    36.29   185.77     0.01     0.00    -0.00   0.020  161
   170.99    37.27   185.77     0.01     0.00    -0.00   0.021  162
   170.02    37.27   185.77     0.01     0.00    -0.00   0.020  163
   170.99    38.25   188.82     0.01     0.00    -0.00   0.021  164
   170.99    38.25   185.77     0.01     0.00     0.00   0.020  165
   170.02    36.29   186.78     0.01     0.00    -0.00   0.020  166
   170.99    37.27   187.80     0.01     0.00     0.00   0.021  167
   169.04    36.29   183.73     0.01     0.00    -0.00   0.020  168
   170.02    36.29   186.78     0.01     0.00    -0.00   0.021  169
   170.02    36.29   185.77     0.01     0.00    -0.00   0.020  170
   170.02    37.27   188.82     0.01     0.00    -0.00   0.021  171
   170.02    37.27   186.78     0.01     0.00    -0.00   0.020  172
   169.04    36.29   186.78     0.01     0.00    -0.00   0.021  173
   170.02    38.25   186.78     0.01     0.00    -0.00   0.020  174
   170.02    38.25   187.80     0.01     0.00     0.00   0.021  175
   169.04    36.29   185.77     0.01     0.00     0.00   0.020  176
   169.04    38.25   187.80     0.01     0.00    -0.00   0.021  177
   170.02    38.25   187.80     0.01     0.00    -0.00   0.020  178
   170.02    37.27   186.78     0.01     0.00    -0.00   0.021  179
   170.02    36.29   185.77     0.01     0.00    -0.00   0.020  180
   170.02    36.29   186.78     0.01     0.00    -0.00   0.021  181
   170.99    38.25   186.78     0.01     0.00    -0.00   0.020  182
   170.99    37.27   186.78     0.01     0.00    -0.00   0.021  183
   170.99    38.25   186.78     0.01     0.00    -0.00   0.020  184
   170.02    38.25   185.77     0.01     0.00    -0.00   0.021  185
   169.04    37.27   185.77     0.01     0.00    -0.00   0.020  186
   170.02    38.25   186.78     0.01     0.00    -0.00   0.021  187
   170.02    38.25   186.78     0.01     0.00    -0.00   0.020  188
   170.02    38.25   187.80     0.01     0.00    -0.00   0.021  189
   170.02    38.25   185.77     0.01     0.00    -0.00   0.020  190
   170.99    36.29   186.78     0.01     0.00    -0.00   0.020  191
   170.02    38.25   188.82     0.01     0.00    -0.00   0.021  192
   169.04    38.25   185.77     0.01     0.00    -0.00   0.020  193
   170.02    38.25   187.80     0.01     0.00    -0.00   0.021  194
   170.02    37.27   187.80     0.01     0.00    -0.00   0.020  195
   170.02    37.27   187.80     0.01     0.00    -0.00   0.021  196
   170.02    37.27   187.80     0.01     0.00    -0.00   0.020  197
   168.06    37.27   186.78     0.01     0.00    -0.00   0.021  198
   170.99    37.27   188.82     0.01     0.00    -0.00   0.020  199
   169.04    37.27   185.77     0.01     0.00    -0.00   0.021  200
   170.02    38.25   189.84     0.01     0.00    -0.00   0.020  201
   170.02    37.27   187.80     0.01     0.00     0.00   0.021  202
   170.99    37.27   186.78     0.01     0.00    -0.00   0.020  203
   170.02    37.27   187.80     0.01     0.00    -0.00   0.021  204
   169.04    36.29   186.78     0.01     0.00    -0.00   0.020  205
   170.02    38.25   187.80     0.01     0.00    -0.00   0.021  206
   170.02    36.29   185.77     0.01     0.00    -0.00   0.020  207
   170.02    38.25   186.78     0.01     0.00    -0.00   0.021  208
   170.02    37.27   186.78     0.01     0.00    -0.00   0.020  209
   168.06    36.29   185.77     0.01     0.00    -0.00   0.021  210
   170.02    38.25   186.78     0.01     0.00    -0.00   0.020  211
   169.04    37.27   185.77     0.01     0.00    -0.00   0.021  212
   170.99    38.25   184.75     0.01     0.00    -0.00   0.020  213
   170.02    36.29   185.77     0.01     0.00    -0.00   0.021  214
   170.02    37.27   185.77     0.01     0.00    -0.00   0.020  215
   170.02    39.23   187.80     0.01     0.00    -0.00   0.020  216
   169.04    37.27   185.77     0.01     0.00    -0.00   0.021  217
   170.99    37.27   185.77     0.01     0.00    -0.00   0.020  218
   170.02    37.27   185.77     0.01     0.00    -0.00   0.021  219
   170.99    36.29   186.78     0.01     0.00    -0.00   0.020  220
   171.97    38.25   187.80     0.01     0.00    -0.00   0.021  221
   169.04    37.27   184.75     0.01     0.00     0.00   0.020  222
   170.02    36.29   186.78     0.01     0.00    -0.00   0.021  223
   170.02    36.29   185.77     0.01     0.00    -0.00   0.020  224
   170.02    38.25   186.78     0.01     0.00    -0.00   0.021  225
   170.99    39.23   187.80     0.01     0.00    -0.00   0.020  226
   169.04    37.27   187.80     0.01     0.00    -0.00   0.021  227
   170.02    38.25   185.77     0.01     0.00    -0.00   0.020  228
   169.04    38.25   186.78     0.01     0.00    -0.00   0.021  229
   169.04    37.27   186.78     0.01     0.00    -0.00   0.020  230
   170.02    37.27   185.77     0.01     0.00    -0.00   0.021  231
   170.02    37.27   186.78     0.01     0.00    -0.00   0.020  232
   170.02    38.25   186.78     0.01     0.00    -0.00   0.021  233
   170.02    37.27   187.80     0.01     0.00    -0.00   0.020  234
   169.04    38.25   187.80     0.01     0.00    -0.00   0.021  235
   170.02    38.25   184.75     0.01     0.00    -0.00   0.020  236
   170.02    36.29   186.78     0.01     0.00    -0.00   0.021  237
   170.99    37.27   188.82     0.01     0.00    -0.00   0.020  238
   169.04    36.29   185.77     0.01     0.00    -0.00   0.021  239
   170.02    37.27   187.80     0.01     0.00    -0.00   0.020  240
   170.02    38.25   186.78     0.01     0.00    -0.00   0.020  241
   170.99    38.25   186.78     0.01     0.00    -0.00   0.021  242
   169.04    38.25   184.75     0.01     0.00    -0.00   0.020  243
   169.04    37.27   185.77     0.01     0.00    -0.00   0.021  244
   170.02    38.25   187.80     0.01     0.00    -0.00   0.020  245
   170.02    37.27   185.77     0.01     0.00    -0.00   0.021  246
   170.02    37.27   186.78     0.01     0.00    -0.00   0.020  247
   170.99    37.27   185.77     0.01     0.00    -0.00   0.021  248
   169.04    38.25   185.77     0.01     0.00     0.00   0.020  249
   170.99    39.23   188.82     0.01     0.00    -0.00   0.021  250
   169.04    37.27   186.78     0.01     0.00    -0.00   0.020  251
   170.02    38.25   188.82     0.01     0.00    -0.00   0.021  252
   170.02    37.27   187.80     0.01     0.00    -0.00   0.020  253
   169.04    36.29   186.78     0.01     0.00    -0.00   0.021  254
   170.02    37.27   185.77     0.01     0.00    -0.00   0.020  255
   169.04    38.25   186.78     0.01     0.00    -0.00   0.021    0
   170.02    39.23   187.80     0.01     0.00    -0.00   0.020    1
   170.02    38.25   185.77     0.01     0.00    -0.00   0.021    2
   169.04    37.27   186.78     0.01     0.00    -0.00   0.020    3
   169.04    36.29   186.78     0.01     0.00    -0.00   0.021    4
   169.04    36.29   186.78     0.01     0.00    -0.00   0.020    5
   170.02    38.25   184.75     0.01     0.00    -0.00   0.021    6
   170.99    37.27   185.77     0.01     0.00    -0.00   0.020    7
   170.02    36.29   188.82     0.01     0.00     0.00   0.021    8
   170.02    37.27   186.78     0.01     0.00    -0.00   0.020    9
   169.04    37.27   186.78     0.01     0.00     0.00   0.020   10
   170.02    36.29   187.80     0.01     0.00    -0.00   0.021   11
   169.04    36.29   185.77     0.01     0.00    -0.00   0.020   12
   170.02    37.27   186.78     0.01     0.00    -0.00   0.021   13
   170.99    37.27   186.78     0.01     0.00    -0.00   0.020   14
   169.04    35.31   185.77     0.01     0.00    -0.00   0.021   15
   170.02    38.25   187.80     0.01     0.00    -0.00   0.020   16
   170.99    36.29   186.78     0.01     0.00    -0.00   0.021   17
   170.99    37.27   186.78     0.01     0.00    -0.00   0.020   18
   170.99    37.27   185.77     0.01     0.00    -0.00   0.021   19
   170.02    37.27   185.77     0.01     0.00    -0.00   0.020   20
   170.02    37.27   187.80     0.01     0.00    -0.00   0.021   21
   169.04    38.25   186.78     0.01     0.00    -0.00   0.020   22
   170.02    37.27   185.77     0.01     0.00    -0.00   0.021   23
   169.04    38.25   189.84     0.01     0.00    -0.00   0.020   24
   170.02    36.29   186.78     0.01     0.00    -0.00   0.021   25
   170.02    38.25   187.80     0.01     0.00    -0.00   0.020   26
   170.99    37.27   186.78     0.01     0.00    -0.00   0.021   27
   168.06    38.25   187.80     0.01     0.00    -0.00   0.020   28
   170.02    39.23   187.80     0.01     0.00    -0.00   0.021   29
   169.04    38.25   185.77     0.01     0.00    -0.00   0.020   30
   170.02    37.27   187.80     0.01     0.00    -0.00   0.021   31
   169.04    37.27   186.78     0.01     0.00    -0.00   0.020   32
   170.02    36.29   186.78     0.01     0.00    -0.00   0.021   33
   170.99    37.27   187.80     0.01     0.00    -0.00   0.020   34
   169.04    38.25   185.77     0.01     0.00    -0.00   0.020   35
   170.02    39.23   188.82     0.01    -0.00    -0.00   0.021   36
   168.06    37.27   189.84     0.01     0.00    -0.00   0.020   37
   169.04    36.29   185.77     0.01     0.00    -0.00   0.021   38
   170.99    37.27   188.82     0.01     0.00    -0.00   0.020   39
   168.06    37.27   185.77     0.01     0.00    -0.00   0.021   40
   168.06    37.27   186.78     0.01     0.00    -0.00   0.020   41
   169.04    36.29   185.77     0.01     0.00    -0.00   0.021   42
   170.02    37.27   187.80     0.01     0.00    -0.00   0.020   43
   170.02    37.27   186.78     0.01     0.00    -0.00   0.021   44
   169.04    36.29   185.77     0.01     0.00    -0.00   0.020   45
   170.99    36.29   187.80     0.01     0.00     0.00   0.021   46
   170.99    37.27   185.77     0.01     0.00    -0.00   0.020   47
   170.02    37.27   187.80     0.01     0.00    -0.00   0.021   48
   170.02    37.27   186.78     0.02     0.00    -0.00   0.020   49
   170.02    36.29   187.80     0.01     0.00    -0.00   0.021   50
   169.04    39.23   187.80     0.01     0.00    -0.00   0.020   51
   169.04    37.27   186.78     0.01     0.00    -0.00   0.021   52
   170.02    37.27   187.80     0.01     0.00    -0.00   0.020   53
   170.02    37.27   185.77     0.01     0.00    -0.00   0.021   54
   169.04    36.29   187.80     0.01     0.00    -0.00   0.020   55
   170.02    37.27   186.78     0.01     0.00    -0.00   0.021   56
   170.02    37.27   187.80     0.01     0.00    -0.00   0.020   57
   170.02    37.27   187.80     0.01     0.00    -0.00   0.021   58
   170.02    36.29   184.75     0.01     0.00    -0.00   0.020   59
   169.04    36.29   188.82     0.01     0.00    -0.00   0.020   60
   170.02    37.27   187.80     0.01     0.00    -0.00   0.021   61
   169.04    37.27   186.78     0.01     0.00    -0.00   0.020   62
   170.99    37.27   186.78     0.01     0.00    -0.00   0.021   63
   169.04    36.29   185.77     0.01     0.00    -0.00   0.020   64
   168.06    36.29   187.80     0.01     0.00    -0.00   0.021   65
   169.04    36.29   186.78     0.01     0.00    -0.00   0.020   66
   170.02    37.27   187.80     0.01     0.00    -0.00   0.021   67
   170.02    37.27   186.78     0.01     0.00    -0.00   0.020   68
   170.99    37.27   186.78     0.01     0.00    -0.00   0.021   69
   170.99    37.27   187.80     0.01     0.00    -0.00   0.020   70
   169.04    36.29   185.77     0.01     0.00    -0.00   0.021   71
   169.04    36.29   186.78     0.01     0.00    -0.00   0.020   72
   170.02    37.27   185.77     0.01     0.00    -0.00   0.021   73
   169.04    37.27   185.77     0.01     0.00    -0.00   0.020   74
   170.99    37.27   186.78     0.01     0.00    -0.00   0.021   75
   170.02    38.25   185.77     0.01     0.00    -0.00   0.020   76
   170.02    37.27   185.77     0.01     0.00    -0.00   0.021   77
   168.06    37.27   185.77     0.01     0.00    -0.00   0.020   78
   169.04    36.29   187.80     0.01     0.00    -0.00   0.021   79
   170.99    39.23   186.78     0.01     0.00    -0.00   0.020   80
   169.04    38.25   188.82     0.01     0.00    -0.00   0.021   81
   170.99    38.25   187.80     0.01     0.00    -0.00   0.020   82
   170.02    38.25   186.78     0.01     0.00    -0.00   0.021   83
   170.02    36.29   185.77     0.01     0.00    -0.00   0.020   84
   170.02    37.27   186.78     0.01     0.00    -0.00   0.020   85
   169.04    37.27   186.78     0.01     0.00    -0.00   0.021   86
   170.99    37.27   187.80     0.01     0.00    -0.00   0.020   87
   170.02    37.27   185.77     0.01     0.00    -0.00   0.021   88
   170.02    36.29   185.77     0.01     0.00    -0.00   0.020   89
   169.04    38.25   186.78     0.01     0.00    -0.00   0.021   90
   169.04    37.27   186.78     0.01     0.00    -0.00   0.020   91
   170.02    38.25   187.80     0.01     0.00    -0.00   0.021   92
   169.04    37.27   186.78     0.01     0.00    -0.00   0.020   93
   170.02    38.25   187.80     0.01     0.00    -0.00   0.021   94
   170.99    37.27   188.82     0.01     0.00    -0.00   0.020   95
   170.02    35.31   184.75     0.01     0.00    -0.00   0.021   96
   170.99    36.29   186.78     0.01     0.00    -0.00   0.020   97
   170.99    37.27   185.77     0.01     0.00    -0.00   0.021   98
   172.95    38.25   188.82     0.01     0.00    -0.00   0.020   99
   171.97    38.25   187.80     0.01     0.00     0.00   0.021  100
   170.02    36.29   186.78     0.01     0.00    -0.00   0.020  101
   170.02    37.27   187.80     0.01     0.00    -0.00   0.021  102
   169.04    36.29   186.78     0.01     0.00    -0.00   0.020  103
   170.99    37.27   186.78     0.01     0.00    -0.00   0.021  104
   170.02    37.27   185.77     0.01     0.00     0.00   0.020  105
   171.97    38.25   188.82     0.01     0.00    -0.00   0.021  106
   170.02    37.27   186.78     0.01     0.00    -0.00   0.020  107
   170.02    37.27   184.75     0.01     0.00    -0.00   0.021  108
   169.04    38.25   187.80     0.01     0.00    -0.00   0.020  109
   170.99    35.31   186.78     0.01     0.00    -0.00   0.020  110
   170.02    37.27   185.77     0.01     0.00    -0.00   0.021  111
   170.02    36.29   186.78     0.01     0.00    -0.00   0.020  112
   170.99    37.27   188.82     0.01     0.00    -0.00   0.021  113
   170.02    38.25   186.78     0.01     0.00    -0.00   0.020  114
   169.04    35.31   186.78     0.01     0.00    -0.00   0.021  115
   170.02    38.25   185.77     0.01     0.00    -0.00   0.020  116
   170.02    37.27   186.78     0.01     0.00    -0.00   0.021  117
   170.02    38.25   186.78     0.01     0.00    -0.00   0.020  118
   170.99    37.27   186.78     0.01     0.00    -0.00   0.021  119
   170.02    36.29   184.75     0.01     0.00    -0.00   0.020  120
   170.02    37.27   186.78     0.01     0.00    -0.00   0.021  121
   169.04    36.29   184.75     0.01    -0.00    -0.00   0.020  122
   169.04    37.27   185.77     0.01     0.00    -0.00   0.021  123
   170.99    37.27   186.78     0.01     0.00    -0.00   0.020  124
   170.99    36.29   185.77     0.01     0.00     0.00   0.021  125
   170.99    36.29   186.78     0.01     0.00    -0.00   0.020  126
   169.04    35.31   185.77     0.01     0.00    -0.00   0.021  127
   169.04    37.27   186.78     0.01     0.00    -0.00   0.020  128
   169.04    37.27   186.78     0.01     0.00    -0.00   0.021  129
   170.99    37.27   186.78     0.01     0.00    -0.00   0.020  130
   170.99    37.27   187.80     0.01     0.00    -0.00   0.021  131
   170.99    37.27   185.77     0.01     0.00    -0.00   0.020  132
   170.02    36.29   186.78     0.01     0.00    -0.00   0.021  133
   170.02    36.29   186.78     0.01     0.00    -0.00   0.020  134
   170.02    37.27   188.82     0.01    -0.00    -0.00   0.020  135
   170.99    37.27   187.80     0.01     0.00    -0.00   0.021  136
   170.02    37.27   185.77     0.01     0.00    -0.00   0.020  137
   170.02    37.27   185.77     0.01     0.00    -0.00   0.021  138
   170.02    37.27   186.78     0.01     0.00    -0.00   0.020  139
   170.99    37.27   185.77     0.01     0.00    -0.00   0.021  140
   169.04    38.25   187.80     0.01     0.00    -0.00   0.020  141
   169.04    36.29   185.77     0.01     0.00    -0.00   0.021  142
   170.02    38.25   187.80     0.01     0.00    -0.00   0.020  143
   169.04    38.25   186.78     0.01     0.00    -0.00   0.021  144
   169.04    36.29   186.78     0.01     0.00    -0.00   0.020  145
   170.02    37.27   186.78     0.01     0.00    -0.00   0.021  146
   170.02    36.29   185.77     0.01    -0.00    -0.00   0.020  147
   170.02    38.25   188.82     0.01     0.00    -0.00   0.021  148
   170.02    37.27   186.78     0.01     0.00    -0.00   0.020  149
   168.06    37.27   187.80     0.01     0.00    -0.00   0.021  150
   170.02    38.25   185.77     0.01     0.00    -0.00   0.020  151
   170.02    36.29   186.78     0.01     0.00    -0.00   0.021  152
   170.99    38.25   186.78     0.01     0.00     0.00   0.020  153
   170.02    37.27   187.80     0.01     0.00    -0.00   0.021  154
   171.97    37.27   187.80     0.01     0.00    -0.00   0.020  155
   170.99    36.29   185.77     0.01     0.00    -0.00   0.021  156
   170.02    36.29   186.78     0.01     0.00    -0.00   0.020  157
   170.02    38.25   186.78     0.01     0.00    -0.00   0.021  158
   169.04    37.27   185.77     0.01     0.00    -0.00   0.020  159
   170.02    38.25   186.78     0.01     0.00    -0.00   0.020  160
   170.02    37.27   186.78     0.01     0.00    -0.00   0.021  161
   170.99    36.29   185.77     0.01     0.00    -0.00   0.020  162
   171.97    37.27   186.78     0.01     0.00    -0.00   0.021  163
   169.04    36.29   183.73     0.01     0.00    -0.00   0.020  164
   169.04    36.29   187.80     0.01     0.00    -0.00   0.021  165
   169.04    37.27   185.77     0.01     0.00    -0.00   0.020  166
   168.06    37.27   186.78     0.01     0.00     0.00   0.021  167
   170.99    39.23   186.78     0.01     0.00    -0.00   0.020  168
   170.02    37.27   186.78     0.01     0.00    -0.00   0.021  169
   169.04    36.29   186.78     0.01     0.00    -0.00   0.020  170
   170.02    37.27   186.78     0.01     0.00    -0.00   0.021  171
   169.04    37.27   185.77     0.01     0.00     0.00   0.020  172
   170.99    37.27   187.80     0.01     0.00    -0.00   0.021  173
   170.02    36.29   185.77     0.01     0.00    -0.00   0.020  174
   169.04    36.29   187.80     0.01     0.00    -0.00   0.021  175
   169.04    37.27   186.78     0.01     0.00    -0.00   0.020  176
   170.02    36.29   185.77     0.01     0.00    -0.00   0.021  177
   170.02    38.25   186.78     0.01     0.00    -0.00   0.020  178
   170.02    38.25   187.80     0.01     0.00    -0.00   0.021  179
   170.02    37.27   186.78     0.01     0.00    -0.00   0.020  180
   170.02    38.25   186.78     0.01     0.00    -0.00   0.021  181
   168.06    37.27   185.77     0.01     0.00    -0.00   0.020  182
   169.04    38.25   186.78     0.01     0.00    -0.00   0.021  183
   170.02    36.29   184.75     0.01     0.00    -0.00   0.020  184
   169.04    37.27   186.78     0.01     0.00    -0.00   0.020  185
   170.02    37.27   188.82     0.01     0.00    -0.00   0.021  186
   169.04    36.29   183.73     0.01     0.00    -0.00   0.020  187
   170.02    38.25   186.78     0.01     0.00    -0.00   0.021  188
   170.99    36.29   185.77     0.01     0.00    -0.00   0.020  189
   170.99    37.27   188.82     0.01     0.00    -0.00   0.021  190
   170.02    38.25   186.78     0.01     0.00    -0.00   0.020  191
   169.04    36.29   184.75     0.01     0.00    -0.00   0.021  192
   170.02    37.27   187.80     0.01     0.00    -0.00   0.020  193
   169.04    37.27   187.80     0.01     0.00    -0.00   0.021  194
   170.02    38.25   186.78     0.01     0.00    -0.00   0.020  195
   170.02    37.27   187.80     0.01     0.00    -0.00   0.021  196
   169.04    38.25   187.80     0.01     0.00    -0.00   0.020  197
   170.02    38.25   187.80     0.02     0.00    -0.00   0.021  198
   168.06    36.29   185.77     0.01     0.00    -0.00   0.020  199
   170.02    36.29   187.80     0.01     0.00    -0.00   0.021  200
   169.04    37.27   185.77     0.01     0.00    -0.00   0.020  201
   170.02    37.27   186.78     0.01     0.00    -0.00   0.021  202
   170.02    38.25   186.78     0.01     0.00    -0.00   0.020  203
   169.04    37.27   187.80     0.01     0.00    -0.00   0.021  204
   168.06    38.25   185.77     0.01     0.00    -0.00   0.020  205
   169.04    36.29   186.78     0.01     0.00    -0.00   0.021  206
   169.04    36.29   187.80     0.01     0.00    -0.00   0.020  207
   170.99    37.27   186.78     0.01     0.00     0.00   0.021  208
   170.02    37.27   185.77     0.01     0.00    -0.00   0.020  209
   170.02    36.29   187.80     0.01     0.00    -0.00   0.020  210
   169.04    37.27   188.82     0.01     0.00    -0.00   0.021  211
   170.02    36.29   184.75     0.01     0.00    -0.00   0.020  212
   170.99    38.25   188.82     0.01     0.00    -0.00   0.021  213
   169.04    38.25   188.82     0.01     0.00    -0.00   0.020  214
   170.02    37.27   186.78     0.01     0.00    -0.00   0.021  215
   170.02    36.29   187.80     0.01     0.00    -0.00   0.020  216
   169.04    36.29   185.77     0.01     0.00    -0.00   0.021  217
   170.99    38.25   185.77     0.01     0.00    -0.00   0.020  218
   170.02    37.27   185.77     0.01     0.00    -0.00   0.021  219
   170.99    38.25   189.84     0.01     0.00    -0.00   0.020  220
   170.02    37.27   186.78     0.01     0.00    -0.00   0.021  221
   170.02    38.25   186.78     0.01     0.00    -0.00   0.020  222
   170.02    38.25   187.80     0.01     0.00    -0.00   0.021  223
   169.04    36.29   185.77     0.01     0.00    -0.00   0.020  224
   170.02    38.25   186.78     0.01     0.00    -0.00   0.021  225
   170.02    37.27   185.77     0.01     0.00    -0.00   0.020  226
   170.02    38.25   186.78     0.01     0.00    -0.00   0.021  227
   169.04    37.27   187.80     0.01     0.00    -0.00   0.020  228
   170.02    36.29   186.78     0.01     0.00    -0.00   0.021  229
   170.02    37.27   186.78     0.01     0.00    -0.00   0.020  230
   169.04    37.27   186.78     0.01     0.00    -0.00   0.021  231
   170.02    38.25   189.84     0.01     0.00    -0.00   0.020  232
   170.02    38.25   186.78     0.01     0.00    -0.00   0.021  233
   170.02    37.27   188.82     0.01     0.00    -0.00   0.020  234
   170.02    37.27   186.78     0.01     0.00    -0.00   0.020  235
   168.06    37.27   185.77     0.01     0.00    -0.00   0.021  236
   170.02    37.27   186.78     0.01     0.00    -0.00   0.020  237
   170.02    37.27   187.80     0.01     0.00    -0.00   0.021  238
   170.02    37.27   186.78     0.01     0.00     0.00   0.020  239
   170.02    37.27   187.80     0.01     0.00     0.00   0.021  240
   169.04    37.27   185.77     0.01     0.00    -0.00   0.020  241
   169.04    38.25   187.80     0.01     0.00    -0.00   0.021  242
   169.04    37.27   185.77     0.01     0.00    -0.00   0.020  243
   169.04    36.29   186.78     0.01     0.00    -0.00   0.021  244
   170.99    37.27   187.80     0.01     0.00    -0.00   0.020  245
   169.04    37.27   185.77     0.01     0.00    -0.00   0.021  246
   169.04    37.27   185.77     0.01     0.00    -0.00   0.020  247
   170.02    37.27   186.78     0.01     0.00    -0.00   0.021  248
   169.04    36.29   184.75     0.01     0.00    -0.00   0.020  249
   170.02    37.27   189.84     0.01     0.00    -0.00   0.021  250
   169.04    37.27   186.78     0.01     0.00    -0.00   0.020  251
   169.04    37.27   188.82     0.01     0.00    -0.00   0.021  252
   170.02    37.27   186.78     0.01     0.00    -0.00   0.020  253
   169.04    37.27   185.77     0.01     0.00    -0.00   0.021  254
   170.99    38.25   188.82     0.01     0.00    -0.00   0.020  255
   170.99    37.27   186.78     0.01     0.00    -0.00   0.021    0
   170.02    36.29   187.80     0.01     0.00    -0.00   0.020    1
   170.02    37.27   187.80     0.01     0.00    -0.00   0.021    2
   170.02    36.29   186.78     0.01     0.00    -0.00   0.020    3
   170.99    37.27   186.78     0.01     0.00    -0.00   0.020    4
   170.02    37.27   188.82     0.01     0.00    -0.00   0.021    5
   170.02    36.29   186.78     0.01     0.00    -0.00   0.020    6
   170.02    37.27   186.78     0.01     0.00    -0.00   0.021    7
   168.06    36.29   186.78     0.01     0.00    -0.00   0.020    8
   169.04    37.27   186.78     0.01     0.00    -0.00   0.021    9
   170.02    36.29   186.78     0.01     0.00    -0.00   0.020   10
   170.02    37.27   187.80     0.01     0.00    -0.00   0.021   11
   170.02    37.27   189.84     0.01     0.00    -0.00   0.020   12
   169.04    37.27   185.77     0.01     0.00    -0.00   0.021   13
   170.02    36.29   185.77     0.01     0.00    -0.00   0.020   14
   170.99    38.25   186.78     0.01     0.00    -0.00   0.021   15
   169.04    37.27   186.78     0.01     0.00    -0.00   0.020   16
   170.99    37.27   188.82     0.01     0.00    -0.00   0.021   17
   170.02    37.27   186.78     0.01     0.00    -0.00   0.020   18
   170.02    37.27   188.82     0.01     0.00    -0.00   0.021   19
   170.02    36.29   186.78     0.01     0.00    -0.00   0.020   20
   170.02    36.29   186.78     0.01     0.00    -0.00   0.021   21
   169.04    37.27   186.78     0.01     0.00    -0.00   0.020   22
   170.99    36.29   187.80     0.01     0.00    -0.00   0.021   23
   170.99    36.29   186.78     0.01     0.00    -0.00   0.020   24
   170.02    37.27   185.77     0.01     0.00    -0.00   0.021   25
   169.04    36.29   185.77     0.01     0.00    -0.00   0.020   26
   170.99    38.25   187.80     0.01     0.00    -0.00   0.021   27
   169.04    37.27   185.77     0.01     0.00    -0.00   0.020   28
   170.02    37.27   188.82     0.01     0.00    -0.00   0.020   29
   170.02    37.27   185.77     0.01     0.00    -0.00   0.021   30
   169.04    37.27   185.77     0.01     0.00    -0.00   0.020   31
   169.04    36.29   186.78     0.01     0.00    -0.00   0.021   32
   169.04    36.29   186.78     0.01     0.00    -0.00   0.020   33
   170.99    37.27   187.80     0.01     0.00    -0.00   0.021   34
   170.02    38.25   186.78     0.01    -0.00    -0.00   0.020   35
   169.04    37.27   184.75     0.01     0.00    -0.00   0.021   36
   170.99    36.29   188.82     0.01     0.00    -0.00   0.020   37
   170.02    35.31   186.78     0.01     0.00    -0.00   0.021   38
   169.04    37.27   186.78     0.01     0.00    -0.00   0.020   39
   169.04    38.25   186.78     0.01     0.00    -0.00   0.021   40
   170.02    37.27   186.78     0.01     0.00    -0.00   0.020   41
   170.99    36.29   186.78     0.01     0.00     0.00   0.021   42
   169.04    36.29   186.78     0.01     0.00    -0.00   0.020   43
   170.02    37.27   185.77     0.01     0.00    -0.00   0.021   44
   170.02    38.25   184.75     0.01     0.00    -0.00   0.020   45
   170.99    37.27   186.78     0.01     0.00    -0.00   0.021   46
   170.02    37.27   186.78     0.01     0.00    -0.00   0.020   47
   170.02    37.27   184.75     0.01     0.00    -0.00   0.021   48
   170.99    36.29   186.78     0.01     0.00    -0.00   0.020   49
   169.04    36.29   185.77     0.01     0.00    -0.00   0.021   50
   169.04    37.27   186.78     0.01     0.00    -0.00   0.020   51
   169.04    38.25   187.80     0.01     0.00    -0.00   0.021   52
   169.04    37.27   186.78     0.01     0.00    -0.00   0.020   53
   170.99    37.27   187.80     0.01     0.00    -0.00   0.020   54
   170.02    36.29   185.77     0.01     0.00    -0.00   0.021   55
   169.04    37.27   186.78     0.01     0.00    -0.00   0.020   56
   170.02    38.25   187.80     0.01     0.00    -0.00   0.021   57
   170.02    36.29   185.77     0.01     0.00    -0.00   0.020   58
   170.99    37.27   188.82     0.01     0.00    -0.00   0.021   59
   170.99    37.27   184.75     0.01     0.00    -0.00   0.020   60
   170.02    37.27   186.78     0.01     0.00    -0.00   0.021   61
   170.02    37.27   185.77     0.01     0.00    -0.00   0.020   62
   169.04    38.25   184.75     0.01     0.00    -0.00   0.021   63
   170.99    38.25   186.78     0.01     0.00    -0.00   0.020   64
   170.02    37.27   186.78     0.01     0.00    -0.00   0.021   65
   170.02    36.29   186.78     0.01     0.00    -0.00   0.020   66
   169.04    37.27   186.78     0.01     0.00    -0.00   0.021   67
   170.99    36.29   184.75     0.01     0.00    -0.00   0.020   68
   170.99    38.25   187.80     0.01     0.00    -0.00   0.021   69
   170.02    37.27   186.78     0.01     0.00    -0.00   0.020   70
   169.04    36.29   188.82     0.01     0.00    -0.00   0.021   71
   170.99    36.29   186.78     0.01     0.00    -0.00   0.020   72
   168.06    36.29   185.77     0.01     0.00    -0.00   0.021   73
   170.02    36.29   186.78     0.01     0.00     0.00   0.020   74
   170.02    36.29   186.78     0.01     0.00    -0.00   0.021   75
   170.99    37.27   187.80     0.01     0.00    -0.00   0.020   76
   170.99    38.25   186.78     0.01     0.00    -0.00   0.021   77
   168.06    36.29   185.77     0.01     0.00    -0.00   0.020   78
   170.02    38.25   187.80     0.01     0.00    -0.00   0.020   79
   168.06    36.29   185.77     0.01    -0.00    -0.00   0.021   80
   168.06    37.27   185.77     0.01     0.00    -0.00   0.020   81
   170.02    37.27   187.80     0.01     0.00    -0.00   0.021   82
   170.02    37.27   187.80     0.01     0.00    -0.00   0.020   83
   170.02    38.25   186.78     0.01    -0.00    -0.00   0.021   84
   167.08    36.29   185.77     0.01     0.00    -0.00   0.020   85
   170.02    37.27   187.80     0.01     0.00    -0.00   0.021   86
   170.99    38.25   187.80     0.01     0.00    -0.00   0.020   87
   170.02    36.29   184.75     0.01     0.00     0.00   0.021   88
   170.02    38.25   185.77     0.01     0.00    -0.00   0.020   89
   169.04    37.27   186.78     0.02     0.00    -0.00   0.021   90
   170.99    36.29   187.80     0.01     0.00    -0.00   0.020   91
   169.04    37.27   187.80     0.01     0.00    -0.00   0.021   92
   169.04    38.25   185.77     0.01     0.00    -0.00   0.020   93
   170.99    37.27   185.77     0.01     0.00    -0.00   0.021   94
   170.02    36.29   186.78     0.01     0.00    -0.00   0.020   95
   169.04    38.25   186.78     0.01     0.00    -0.00   0.021   96
   170.02    37.27   187.80     0.01     0.00    -0.00   0.020   97
   170.99    36.29   186.78     0.01     0.00    -0.00   0.021   98
   170.02    38.25   186.78     0.01     0.00    -0.00   0.020   99
   169.04    37.27   186.78     0.01     0.00    -0.00   0.021  100
   170.02    37.27   187.80     0.01     0.00    -0.00   0.020  101
   169.04    36.29   185.77     0.01     0.00    -0.00   0.021  102
   170.02    37.27   185.77     0.01     0.00    -0.00   0.020  103
   170.02    37.27   187.80     0.01     0.00    -0.00   0.020  104
   169.04    36.29   185.77     0.01     0.00     0.00   0.021  105
   170.99    37.27   187.80     0.01     0.00    -0.00   0.020  106
   170.02    36.29   186.78     0.01     0.00    -0.00   0.021  107
   170.02    37.27   185.77     0.01     0.00    -0.00   0.020  108
   170.02    37.27   185.77     0.01     0.00    -0.00   0.021  109
   169.04    36.29   187.80     0.01     0.00    -0.00   0.020  110
   170.99    38.25   187.80     0.01     0.00    -0.00   0.021  111
   169.04    37.27   185.77     0.01     0.00    -0.00   0.020  112
   170.02    38.25   186.78     0.01     0.00    -0.00   0.021  113
   170.99    37.27   187.80     0.01     0.00    -0.00   0.020  114
   170.02    37.27   186.78     0.01     0.00    -0.00   0.021  115
   170.02    37.27   187.80     0.02     0.00    -0.00   0.020  116
   170.02    37.27   188.82     0.01     0.00    -0.00   0.021  117
   170.99    37.27   187.80     0.01     0.00    -0.00   0.020  118
   170.99    36.29   186.78     0.01     0.00     0.00   0.021  119
   169.04    35.31   185.77     0.01     0.00    -0.00   0.020  120
   170.02    37.27   187.80     0.01     0.00    -0.00   0.021  121
   169.04    37.27   185.77     0.01     0.00    -0.00   0.020  122
   170.02    38.25   186.78     0.01     0.00    -0.00   0.021  123
   170.02    37.27   185.77     0.01     0.00    -0.00   0.020  124
   168.06    36.29   187.80     0.01     0.00    -0.00   0.021  125
   170.02    38.25   187.80     0.01     0.00    -0.00   0.020  126
   169.04    36.29   185.77     0.01     0.00    -0.00   0.021  127
   169.04    37.27   185.77     0.01     0.00    -0.00   0.020  128
   170.02    39.23   186.78     0.01     0.00    -0.00   0.020  129
   170.02    36.29   188.82     0.01     0.00    -0.00   0.021  130
   170.99    38.25   186.78     0.01     0.00    -0.00   0.020  131
   169.04    37.27   184.75     0.01     0.00    -0.00   0.021  132
   169.04    37.27   185.77     0.01     0.00    -0.00   0.020  133
   170.02    38.25   187.80     0.01     0.00    -0.00   0.021  134
   168.06    37.27   187.80     0.01     0.00    -0.00   0.020  135
   170.02    37.27   185.77     0.01     0.00    -0.00   0.021  136
   170.02    38.25   186.78     0.01     0.00    -0.00   0.020  137
   170.02    36.29   186.78     0.01     0.00    -0.00   0.021  138
   170.02    38.25   185.77     0.01     0.00    -0.00   0.020  139
   170.02    37.27   186.78     0.01    -0.00    -0.00   0.021  140
   170.02    36.29   186.78     0.01     0.00    -0.00   0.020  141
   170.99    37.27   187.80     0.01     0.00    -0.00   0.021  142
   170.02    35.31   185.77     0.01     0.00    -0.00   0.020  143
   170.02    36.29   187.80     0.01     0.00    -0.00   0.021  144
   169.04    38.25   186.78     0.01     0.00    -0.00   0.020  145
   170.99    37.27   186.78     0.01     0.00    -0.00   0.021  146
   171.97    37.27   187.80     0.01     0.00    -0.00   0.020  147
   168.06    35.31   185.77     0.01     0.00    -0.00   0.021  148
   170.02    37.27   188.82     0.01     0.00    -0.00   0.020  149
   170.02    37.27   186.78     0.01     0.00    -0.00   0.021  150
   170.02    37.27   186.78     0.01     0.00    -0.00   0.020  151
   170.99    37.27   187.80     0.01     0.00    -0.00   0.021  152
   170.99    37.27   186.78     0.01     0.00    -0.00   0.020  153
   170.99    38.25   185.77     0.01     0.00    -0.00   0.020  154
   170.02    36.29   186.78     0.01     0.00    -0.00   0.021  155
   169.04    38.25   185.77     0.01     0.00    -0.00   0.020  156
   170.99    37.27   187.80     0.01     0.00    -0.00   0.021  157
   170.02    36.29   187.80     0.01     0.00    -0.00   0.020  158
   170.99    37.27   185.77     0.01    -0.00    -0.00   0.021  159
   170.99    37.27   186.78     0.01     0.00    -0.00   0.020  160
   169.04    36.29   185.77     0.01     0.00    -0.00   0.021  161
   170.02    38.25   188.82     0.01     0.00    -0.00   0.020  162
   169.04    37.27   185.77     0.01     0.00    -0.00   0.021  163
   169.04    37.27   187.80     0.01     0.00    -0.00   0.020  164
   170.99    37.27   187.80     0.01     0.00    -0.00   0.021  165
   170.02    35.31   186.78     0.01     0.00    -0.00   0.020  166
   170.02    37.27   186.78     0.01     0.00    -0.00   0.021  167
   170.02    36.29   186.78     0.01     0.00    -0.00   0.020  168
   170.02    37.27   186.78     0.01     0.00    -0.00   0.021  169
   170.02    37.27   186.78     0.01     0.00    -0.00   0.020  170
   170.02    36.29   186.78     0.01     0.00    -0.00   0.021  171
   170.02    36.29   186.78     0.01     0.00    -0.00   0.020  172
   168.06    37.27   185.77     0.01     0.00    -0.00   0.021  173
   170.02    37.27   187.80     0.01     0.00    -0.00   0.020  174
   170.02    37.27   186.78     0.01     0.00    -0.00   0.021  175
   168.06    36.29   187.80     0.01     0.00     0.00   0.020  176
   169.04    38.25   187.80     0.01     0.00    -0.00   0.021  177
   169.04    36.29   186.78     0.01     0.00    -0.00   0.020  178
   170.02    38.25   186.78     0.01     0.00    -0.00   0.020  179
   170.02    36.29   185.77     0.01    -0.00    -0.00   0.021  180
   170.02    37.27   185.77     0.01     0.00     0.00   0.020  181
   170.99    37.27   187.80     0.01     0.00    -0.00   0.021  182
   169.04    36.29   187.80     0.01     0.00    -0.00   0.020  183
   170.02    37.27   187.80     0.01     0.00    -0.00   0.021  184
   169.04    37.27   186.78     0.01     0.00    -0.00   0.020  185
   168.06    37.27   186.78     0.01     0.00    -0.00   0.021  186
   170.99    36.29   188.82     0.01     0.00    -0.00   0.020  187
   170.02    37.27   187.80     0.01     0.00    -0.00   0.021  188
   169.04    37.27   187.80     0.01     0.00    -0.00   0.020  189
   171.97    38.25   186.78     0.01     0.00    -0.00   0.021  190
   170.99    36.29   186.78     0.01     0.00    -0.00   0.020  191
   169.04    37.27   185.77     0.01     0.00     0.00   0.021  192
   170.99    37.27   186.78     0.01     0.00    -0.00   0.020  193
   170.02    36.29   185.77     0.01     0.00    -0.00   0.021  194
   170.99    38.25   187.80     0.01     0.00    -0.00   0.020  195
   169.04    38.25   187.80     0.01     0.00    -0.00   0.021  196
   168.06    36.29   186.78     0.01     0.00    -0.00   0.020  197
   170.02    37.27   187.80     0.01     0.00    -0.00   0.021  198
   170.99    36.29   186.78     0.01     0.00    -0.00   0.020  199
   170.02    38.25   186.78     0.01     0.00    -0.00   0.021  200
   170.99    38.25   186.78     0.01     0.00    -0.00   0.020  201
   170.02    38.25   186.78     0.01     0.00    -0.00   0.021  202
   170.99    37.27   186.78     0.01     0.00    -0.00   0.020  203
   170.02    37.27   185.77     0.01     0.00    -0.00   0.020  204
   169.04    37.27   186.78     0.01     0.00    -0.00   0.021  205
   171.97    37.27   187.80     0.01     0.00    -0.00   0.020  206
   170.02    37.27   184.75     0.01     0.00    -0.00   0.021  207
   170.99    38.25   187.80     0.01     0.00    -0.00   0.020  208
   170.99    37.27   186.78     0.01     0.00    -0.00   0.021  209
   170.02    36.29   185.77     0.01     0.00    -0.00   0.020  210
   170.99    38.25   187.80     0.01     0.00    -0.00   0.021  211
   170.02    37.27   185.77     0.01     0.00    -0.00   0.020  212
   170.02    38.25   186.78     0.01     0.00    -0.00   0.021  213
   170.02    38.25   186.78     0.01     0.00    -0.00   0.020  214
   169.04    36.29   185.77     0.01     0.00    -0.00   0.021  215
   170.02    37.27   185.77     0.01     0.00    -0.00   0.020  216
   170.99    36.29   187.80     0.01     0.00    -0.00   0.021  217
   170.99    39.23   187.80     0.01     0.00    -0.00   0.020  218
   170.02    37.27   187.80     0.01     0.00     0.00   0.021  219
   170.02    36.29   185.77     0.01     0.00    -0.00   0.020  220
   170.02    37.27   186.78     0.01     0.00    -0.00   0.021  221
   169.04    37.27   185.77     0.01    -0.00    -0.00   0.020  222
   170.02    36.29   184.75     0.01     0.00    -0.00   0.021  223
   170.02    38.25   186.78     0.01     0.00    -0.00   0.020  224
   169.04    36.29   185.77     0.01     0.00    -0.00   0.021  225
   169.04    36.29   185.77     0.01     0.00    -0.00   0.020  226
   170.02    36.29   185.77     0.01     0.00    -0.00   0.021  227
   169.04    37.27   187.80     0.01     0.00    -0.00   0.020  228
   170.99    37.27   187.80     0.01     0.00    -0.00   0.020  229
   170.02    37.27   185.77     0.01     0.00    -0.00   0.021  230
   169.04    37.27   185.77     0.01     0.00    -0.00   0.020  231
   170.02    38.25   184.75     0.01     0.00    -0.00   0.021  232
   169.04    37.27   185.77     0.01     0.00    -0.00   0.020  233
   170.99    38.25   186.78     0.01     0.00    -0.00   0.021  234
   170.99    37.27   186.78     0.01     0.00    -0.00   0.020  235
   169.04    36.29   186.78     0.01     0.00    -0.00   0.021  236
   170.99    37.27   186.78     0.01     0.00    -0.00   0.020  237
   170.02    37.27   187.80     0.01     0.00    -0.00   0.021  238
   170.99    38.25   188.82     0.01     0.00     0.00   0.020  239
   170.99    37.27   186.78     0.01     0.00    -0.00   0.021  240
   168.06    36.29   186.78     0.01     0.00    -0.00   0.020  241
   170.99    38.25   187.80     0.01     0.00    -0.00   0.021  242
   169.04    37.27   184.75     0.01     0.00    -0.00   0.020  243
   170.02    37.27   186.78     0.01     0.00    -0.00   0.021  244
   170.99    36.29   186.78     0.01     0.00    -0.00   0.020  245
   169.04    38.25   186.78     0.01     0.00    -0.00   0.021  246
   169.04    37.27   187.80     0.01     0.00    -0.00   0.020  247
   169.04    36.29   184.75     0.01     0.00    -0.00   0.021  248
   169.04    38.25   185.77     0.01     0.00    -0.00   0.020  249
   169.04    38.25   186.78     0.01     0.00    -0.00   0.021  250
   170.99    38.25   186.78     0.01     0.00     0.00   0.020  251
   170.02    37.27   185.77     0.01     0.00    -0.00   0.021  252
   170.02    38.25   186.78     0.01     0.00    -0.00   0.020  253
   170.02    36.29   185.77     0.01     0.00    -0.00   0.020  254
   170.99    37.27   187.80     0.01     0.00    -0.00   0.021  255
   170.02    37.27   186.78     0.01     0.00    -0.00   0.020    0
   170.02    37.27   187.80     0.01     0.00    -0.00   0.021    1
   170.99    37.27   185.77     0.01     0.00    -0.00   0.020    2
   170.02    35.31   185.77     0.01     0.00    -0.00   0.021    3
   170.99    38.25   187.80     0.01     0.00    -0.00   0.020    4
   170.02    35.31   186.78     0.01     0.00    -0.00   0.021    5
   170.02    38.25   186.78     0.01     0.00    -0.00   0.020    6
   170.02    37.27   186.78     0.01     0.00    -0.00   0.021    7
   170.02    36.29   186.78     0.01     0.00    -0.00   0.020    8
   170.02    38.25   187.80     0.01     0.00    -0.00   0.021    9
   169.04    37.27   186.78     0.01     0.00    -0.00   0.020   10
   170.99    37.27   188.82     0.01     0.00    -0.00   0.021   11
   169.04    37.27   186.78     0.01     0.00    -0.00   0.020   12
   169.04    36.29   184.75     0.01     0.00    -0.00   0.021   13
   170.99    37.27   186.78     0.01     0.00    -0.00   0.020   14
   169.04    36.29   186.78     0.01     0.00    -0.00   0.021   15
   170.02    37.27   184.75     0.01     0.00    -0.00   0.020   16
   170.99    38.25   186.78     0.01     0.00    -0.00   0.021   17
   169.04    36.29   186.78     0.01     0.00    -0.00   0.020   18
   170.02    37.27   185.77     0.01     0.00    -0.00   0.021   19
   170.02    34.33   185.77     0.01     0.00    -0.00   0.020   20
   170.02    36.29   185.77     0.01     0.00    -0.00   0.021   21
   170.02    38.25   186.78     0.01     0.00    -0.00   0.020   22
   170.99    36.29   187.80     0.01     0.00    -0.00   0.020   23
   170.02    36.29   186.78     0.01     0.00     0.00   0.021   24
   170.02    37.27   185.77     0.01     0.00    -0.00   0.020   25
   169.04    36.29   186.78     0.01     0.00    -0.00   0.021   26
   170.02    38.25   186.78     0.01     0.00    -0.00   0.020   27
   170.02    37.27   185.77     0.01     0.00    -0.00   0.021   28
   170.02    36.29   187.80     0.01     0.00    -0.00   0.020   29
   170.99    38.25   186.78     0.01     0.00    -0.00   0.021   30
   169.04    36.29   185.77     0.01     0.00    -0.00   0.020   31
   170.99    38.25   186.78     0.01     0.00    -0.00   0.021   32
   169.04    38.25   186.78     0.01     0.00    -0.00   0.020   33
   169.04    37.27   187.80     0.01     0.00    -0.00   0.021   34
   170.02    37.27   185.77     0.01     0.00    -0.00   0.020   35
   168.06    36.29   185.77     0.01     0.00    -0.00   0.021   36
   170.02    37.27   185.77     0.01     0.00    -0.00   0.020   37
   170.02    37.27   185.77     0.01     0.00    -0.00   0.021   38
   170.02    37.27   187.80     0.01     0.00    -0.00   0.020   39
   170.02    37.27   186.78     0.01     0.00    -0.00   0.021   40
   169.04    35.31   184.75     0.01     0.00    -0.00   0.020   41
   170.02    37.27   186.78     0.01     0.00    -0.00   0.021   42
   169.04    38.25   185.77     0.01     0.00    -0.00   0.020   43
   169.04    37.27   187.80     0.01     0.00    -0.00   0.021   44
   169.04    37.27   186.78     0.01     0.00    -0.00   0.020   45
   169.04    39.23   186.78     0.01     0.00    -0.00   0.021   46
   170.02    36.29   186.78     0.01     0.00    -0.00   0.020   47
   170.02    38.25   187.80     0.01     0.00    -0.00   0.020   48
   169.04    37.27   185.77     0.01     0.00    -0.00   0.021   49
   170.99    36.29   187.80     0.01     0.00    -0.00   0.020   50
   170.02    37.27   186.78     0.01     0.00    -0.00   0.021   51
   170.02    36.29   185.77     0.01     0.00    -0.00   0.020   52
   170.02    38.25   187.80     0.01     0.00    -0.00   0.021   53
   169.04    37.27   185.77     0.01     0.00    -0.00   0.020   54
   170.02    36.29   187.80     0.01     0.00    -0.00   0.021   55
   169.04    38.25   186.78     0.01     0.00    -0.00   0.020   56
   170.02    36.29   186.78     0.01     0.00    -0.00   0.021   57
   170.02    38.25   185.77     0.01     0.00    -0.00   0.020   58
   169.04    36.29   186.78     0.01     0.00    -0.00   0.021   59
   170.02    38.25   186.78     0.01     0.00    -0.00   0.020   60
   169.04    37.27   185.77     0.01     0.00     0.00   0.021   61
   170.02    37.27   185.77     0.01     0.00    -0.00   0.020   62
   170.99    37.27   186.78     0.01     0.00    -0.00   0.021   63
   168.06    37.27   185.77     0.01     0.00    -0.00   0.020   64
   170.02    37.27   186.78     0.01     0.00    -0.00   0.021   65
   168.06    37.27   186.78     0.01     0.00    -0.00   0.020   66
   170.99    37.27   185.77     0.01     0.00    -0.00   0.021   67
   170.99    38.25   187.80     0.01     0.00    -0.00   0.020   68
   169.04    37.27   185.77     0.01     0.00    -0.00   0.021   69
   170.02    37.27   186.78     0.01     0.00    -0.00   0.020   70
   170.99    37.27   185.77     0.01     0.00    -0.00   0.021   71
   169.04    37.27   186.78     0.01     0.00    -0.00   0.020   72
   169.04    38.25   187.80     0.01     0.00    -0.00   0.020   73
   170.02    37.27   185.77     0.01     0.00    -0.00   0.021   74
   170.02    37.27   186.78     0.01     0.00    -0.00   0.020   75
   170.02    37.27   186.78     0.01     0.00    -0.00   0.021   76
   170.02    37.27   186.78     0.01     0.00    -0.00   0.020   77
   170.99    37.27   188.82     0.01     0.00    -0.00   0.021   78
   170.02    38.25   186.78     0.01     0.00    -0.00   0.020   79
   169.04    37.27   186.78     0.01     0.00    -0.00   0.021   80
   170.02    37.27   186.78     0.01     0.00    -0.00   0.020   81
   169.04    37.27   186.78     0.01     0.00    -0.00   0.021   82
   170.99    38.25   187.80     0.01     0.00    -0.00   0.020   83
   170.02    38.25   187.80     0.01     0.00    -0.00   0.021   84
   169.04    37.27   185.77     0.01     0.00    -0.00   0.020   85
   170.02    37.27   186.78     0.01     0.00    -0.00   0.021   86
   169.04    37.27   185.77     0.01     0.00    -0.00   0.020   87
   170.02    37.27   188.82     0.01     0.00     0.00   0.021   88
   170.02    38.25   186.78     0.01     0.00    -0.00   0.020   89
   169.04    37.27   185.77     0.01     0.00    -0.00   0.021   90
   170.02    37.27   186.78     0.01     0.00    -0.00   0.020   91
   169.04    37.27   185.77     0.01     0.00    -0.00   0.021   92
   169.04    36.29   186.78     0.01     0.00    -0.00   0.020   93
   170.02    37.27   186.78     0.01     0.00    -0.00   0.021   94
   170.02    37.27   185.77     0.01     0.00     0.00   0.020   95
   169.04    38.25   186.78     0.01     0.00    -0.00   0.021   96
   170.99    38.25   187.80     0.01     0.00    -0.00   0.020   97
   169.04    37.27   185.77     0.01     0.00    -0.00   0.020   98
   169.04    37.27   186.78     0.01     0.00    -0.00   0.021   99
   169.04    38.25   186.78     0.01     0.00    -0.00   0.020  100
   169.04    36.29   186.78     0.01     0.00    -0.00   0.021  101
   170.02    36.29   186.78     0.01     0.00    -0.00   0.020  102
   169.04    36.29   185.77     0.01     0.00    -0.00   0.021  103
   170.02    37.27   185.77     0.01     0.00    -0.00   0.020  104
   170.02    37.27   187.80     0.01    -0.00    -0.00   0.021  105
   169.04    37.27   184.75     0.01    -0.00    -0.00   0.020  106
   170.02    38.25   186.78     0.01     0.00    -0.00   0.021  107
   170.02    36.29   185.77     0.01     0.00     0.00   0.020  108
   169.04    37.27   185.77     0.01     0.00     0.00   0.021  109
   170.99    37.27   185.77     0.01     0.00    -0.00   0.020  110
   169.04    36.29   184.75     0.01     0.00    -0.00   0.021  111
   170.02    37.27   185.77     0.01     0.00    -0.00   0.020  112
   169.04    35.31   185.77     0.01     0.00    -0.00   0.021  113
   170.02    37.27   186.78     0.01     0.00    -0.00   0.020  114
   170.02    38.25   186.78     0.01     0.00    -0.00   0.021  115
   170.02    37.27   185.77     0.01     0.00     0.00   0.020  116
   169.04    36.29   184.75     0.01     0.00    -0.00   0.021  117
   170.02    36.29   186.78     0.01     0.00    -0.00   0.020  118
   169.04    37.27   185.77     0.01     0.00    -0.00   0.021  119
   171.97    38.25   187.80     0.01     0.00    -0.00   0.020  120
   170.02    38.25   187.80     0.01     0.00    -0.00   0.021  121
   169.04    37.27   185.77     0.01     0.00    -0.00   0.020  122
   170.99    37.27   186.78     0.01     0.00    -0.00   0.020  123
   170.02    36.29   185.77     0.01     0.00    -0.00   0.021  124
   171.97    37.27   187.80     0.01     0.00    -0.00   0.020  125
   170.02    38.25   185.77     0.01     0.00    -0.00   0.021  126
   168.06    36.29   185.77     0.01     0.00    -0.00   0.020  127
   170.99    37.27   186.78     0.01     0.00    -0.00   0.021  128
   169.04    37.27   185.77     0.01     0.00    -0.00   0.020  129
   170.02    37.27   186.78     0.01     0.00    -0.00   0.021  130
   170.02    38.25   186.78     0.01     0.00    -0.00   0.020  131
   170.02    36.29   187.80     0.01     0.00    -0.00   0.021  132
   170.02    38.25   186.78     0.01     0.00    -0.00   0.020  133
   168.06    35.31   185.77     0.01     0.00    -0.00   0.021  134
   170.99    37.27   186.78     0.01     0.00     0.00   0.020  135
   170.99    36.29   186.78     0.01     0.00    -0.00   0.021  136
   170.99    38.25   186.78     0.01     0.00    -0.00   0.020  137
   170.02    38.25   186.78     0.01     0.00    -0.00   0.021  138
   169.04    37.27   186.78     0.01     0.00    -0.00   0.020  139
   170.02    37.27   186.78     0.01     0.00    -0.00   0.021  140
   168.06    37.27   187.80     0.01     0.00    -0.00   0.020  141
   170.02    37.27   186.78     0.01     0.00    -0.00   0.021  142
   170.02    37.27   186.78     0.01     0.00    -0.00   0.020  143
   170.02    36.29   186.78     0.01     0.00    -0.00   0.021  144
   170.99    37.27   186.78     0.01     0.00    -0.00   0.020  145
   169.04    38.25   185.77     0.01     0.00     0.00   0.021  146
   170.02    37.27   186.78     0.01     0.00    -0.00   0.020  147
   170.99    38.25   185.77     0.01     0.00    -0.00   0.020  148
   170.02    37.27   185.77     0.01     0.00    -0.00   0.021  149
   170.99    37.27   187.80     0.01     0.00    -0.00   0.020  150
   169.04    37.27   185.77     0.01     0.00    -0.00   0.021  151
   169.04    36.29   186.78     0.01     0.00    -0.00   0.020  152
   170.02    38.25   187.80     0.01     0.00    -0.00   0.021  153
   169.04    37.27   184.75     0.01     0.00    -0.00   0.020  154
   170.02    38.25   187.80     0.01     0.00    -0.00   0.021  155
   169.04    37.27   186.78     0.01     0.00    -0.00   0.020  156
   169.04    36.29   185.77     0.01     0.00    -0.00   0.021  157
   169.04    37.27   186.78     0.01     0.00    -0.00   0.020  158
   170.02    37.27   184.75     0.01     0.00    -0.00   0.021  159
   170.99    37.27   187.80     0.01     0.00    -0.00   0.020  160
   169.04    37.27   185.77     0.01     0.00    -0.00   0.021  161
   170.02    37.27   187.80     0.01     0.00    -0.00   0.020  162
   170.02    37.27   187.80     0.01     0.00    -0.00   0.021  163
   169.04    37.27   186.78     0.01     0.00    -0.00   0.020  164
   170.02    36.29   187.80     0.01     0.00    -0.00   0.021  165
   168.06    37.27   186.78     0.01     0.00    -0.00   0.020  166
   170.99    38.25   187.80     0.01     0.00     0.00   0.021  167
   170.99    37.27   186.78     0.01     0.00    -0.00   0.020  168
   169.04    36.29   185.77     0.01     0.00    -0.00   0.021  169
   170.99    36.29   187.80     0.01     0.00    -0.00   0.020  170
   169.04    37.27   186.78     0.01     0.00    -0.00   0.021  171
   170.99    37.27   185.77     0.01     0.00    -0.00   0.020  172
   169.04    37.27   185.77     0.01     0.00    -0.00   0.020  173
   169.04    36.29   184.75     0.01     0.00    -0.00   0.021  174
   170.02    37.27   186.78     0.01     0.00    -0.00   0.020  175
   170.02    36.29   185.77     0.01     0.00    -0.00   0.021  176
   170.02    36.29   185.77     0.01     0.00    -0.00   0.020  177
   170.02    37.27   185.77     0.01     0.00    -0.00   0.021  178
   169.04    38.25   186.78     0.01     0.00    -0.00   0.020  179
   170.02    37.27   187.80     0.01     0.00     0.00   0.021  180
   169.04    37.27   186.78     0.01     0.00    -0.00   0.020  181
   169.04    36.29   186.78     0.01     0.00    -0.00   0.021  182
   170.02    36.29   184.75     0.01     0.00    -0.00   0.020  183
   170.02    36.29   185.77     0.01     0.00    -0.00   0.021  184
   170.02    37.27   187.80     0.01     0.00    -0.00   0.020  185
   169.04    38.25   186.78     0.01     0.00    -0.00   0.021  186
   169.04    36.29   186.78     0.01     0.00    -0.00   0.020  187
   170.02    37.27   185.77     0.01     0.00    -0.00   0.021  188
   169.04    37.27   186.78     0.01     0.00    -0.00   0.020  189
   170.99    38.25   187.80     0.01     0.00    -0.00   0.021  190
   169.04    37.27   186.78     0.01     0.00    -0.00   0.020  191
   169.04    36.29   185.77     0.01     0.00    -0.00   0.021  192
   169.04    37.27   186.78     0.01     0.00    -0.00   0.020  193
   169.04    36.29   185.77     0.01     0.00    -0.00   0.021  194
   170.02    38.25   187.80     0.01     0.00    -0.00   0.020  195
   169.04    38.25   186.78     0.01     0.00    -0.00   0.021  196
   168.06    37.27   186.78     0.01     0.00    -0.00   0.020  197
   170.99    38.25   186.78     0.01     0.00    -0.00   0.020  198
   170.02    36.29   185.77     0.01     0.00    -0.00   0.021  199
   170.02    37.27   186.78     0.01     0.00    -0.00   0.020  200
   170.02    38.25   187.80     0.01     0.00    -0.00   0.021  201
   169.04    37.27   187.80     0.01     0.00    -0.00   0.020  202
   170.02    36.29   187.80     0.01     0.00    -0.00   0.021  203
   169.04    37.27   187.80     0.01     0.00    -0.00   0.020  204
   170.02    37.27   186.78     0.01     0.00    -0.00   0.021  205
   170.99    37.27   186.78     0.01     0.00    -0.00   0.020  206
   169.04    37.27   186.78     0.01     0.00    -0.00   0.021  207
   170.02    37.27   186.78     0.01     0.00    -0.00   0.020  208
   170.99    38.25   187.80     0.01     0.00    -0.00   0.021  209
   170.02    36.29   185.77     0.01     0.00    -0.00   0.020  210
   170.02    38.25   187.80     0.01     0.00    -0.00   0.021  211
   169.04    37.27   185.77     0.01     0.00    -0.00   0.020  212
   170.99    37.27   186.78     0.01     0.00    -0.00   0.021  213
   170.99    37.27   185.77     0.01     0.00    -0.00   0.020  214
   169.04    37.27   185.77     0.01     0.00    -0.00   0.021  215
   170.02    37.27   186.78     0.01     0.00    -0.00   0.020  216
   170.99    36.29   186.78     0.01     0.00    -0.00   0.021  217
   170.02    36.29   187.80     0.01     0.00    -0.00   0.020  218
   170.02    37.27   187.80     0.01     0.00    -0.00   0.021  219
   169.04    36.29   186.78     0.01     0.00    -0.00   0.020  220
   169.04    36.29   186.78     0.01     0.00    -0.00   0.021  221
   168.06    37.27   186.78     0.01     0.00    -0.00   0.020  222
   170.02    37.27   186.78     0.01     0.00    -0.00   0.020  223
   170.02    38.25   185.77     0.01     0.00    -0.00   0.021  224
   169.04    36.29   187.80     0.01     0.00    -0.00   0.020  225
   170.02    37.27   186.78     0.01     0.00    -0.00   0.021  226
   170.02    36.29   185.77     0.01     0.00    -0.00   0.020  227
   170.02    36.29   185.77     0.01     0.00    -0.00   0.021  228
   170.99    37.27   188.82     0.01     0.00     0.00   0.020  229
   169.04    38.25   186.78     0.01     0.00    -0.00   0.021  230
   168.06    38.25   187.80     0.01     0.00    -0.00   0.020  231
   170.02    38.25   186.78     0.01     0.00    -0.00   0.021  232
   170.02    36.29   187.80     0.01     0.00    -0.00   0.020  233
   170.02    37.27   187.80     0.01     0.00    -0.00   0.021  234
   170.02    38.25   186.78     0.01     0.00    -0.00   0.020  235
   169.04    36.29   186.78     0.01     0.00    -0.00   0.021  236
   169.04    37.27   186.78     0.01     0.00    -0.00   0.020  237
   170.02    37.27   185.77     0.01     0.00    -0.00   0.021  238
   171.97    38.25   189.84     0.01     0.00    -0.00   0.020  239
   169.04    37.27   186.78     0.01     0.00    -0.00   0.021  240
   168.06    36.29   185.77     0.01    -0.00    -0.00   0.020  241
   170.02    37.27   186.78     0.01     0.00    -0.00   0.021  242
   170.02    37.27   185.77     0.01     0.00    -0.00   0.020  243
   170.02    38.25   188.82     0.01     0.00    -0.00   0.021  244
   170.02    38.25   187.80     0.01     0.00    -0.00   0.020  245
   168.06    36.29   184.75     0.01     0.00    -0.00   0.021  246
   170.02    37.27   187.80     0.01     0.00    -0.00   0.020  247
   169.04    36.29   185.77     0.01     0.00    -0.00   0.020  248
   170.02    37.27   185.77     0.01     0.00    -0.00   0.021  249
   170.02    37.27   187.80     0.01    -0.00    -0.00   0.020  250
   170.02    37.27   185.77     0.01     0.00    -0.00   0.021  251
   170.99    36.29   185.77     0.01     0.00    -0.00   0.020  252
   170.02    38.25   188.82     0.01     0.00    -0.00   0.021  253
   170.02    37.27   184.75     0.01     0.00    -0.00   0.020  254
   169.04    38.25   187.80     0.01     0.00    -0.00   0.021  255
   169.04    37.27   185.77     0.01     0.00    -0.00   0.020    0
   170.02    37.27   185.77     0.01     0.00    -0.00   0.021    1
   170.99    38.25   185.77     0.01     0.00    -0.00   0.020    2
   169.04    37.27   186.78     0.01    -0.00    -0.00   0.021    3
   170.02    38.25   187.80     0.01     0.00    -0.00   0.020    4
   167.08    38.25   185.77     0.01     0.00    -0.00   0.021    5
   170.99    38.25   187.80     0.01     0.00    -0.00   0.020    6
   169.04    37.27   187.80     0.01     0.00    -0.00   0.021    7
   168.06    37.27   185.77     0.01     0.00    -0.00   0.020    8
   170.02    37.27   186.78     0.01     0.00    -0.00   0.021    9
   170.02    35.31   185.77     0.01     0.00    -0.00   0.020   10
