   160.24    34.33   199.00    -0.01     0.00     0.00   0.021    0
   159.27    35.31   199.00    -0.01     0.00     0.00   0.020    1
   159.27    33.35   199.00    -0.01     0.00     0.00   0.021    2
   159.27    35.31   197.98    -0.01     0.00     0.00   0.020    3
   159.27    34.33   197.98    -0.01     0.00    -0.00   0.021    4
   159.27    34.33   199.00    -0.01     0.00    -0.00   0.020    5
   159.27    33.35   199.00    -0.01     0.00    -0.00   0.021    6
   159.27    33.35   199.00    -0.01     0.00    -0.00   0.020    7
   159.27    35.31   200.02    -0.01     0.00    -0.00   0.021    8
   160.24    33.35   199.00    -0.01     0.00     0.00   0.020    9
   159.27    35.31   201.03    -0.01     0.00     0.00   0.021   10
   159.27    35.31   200.02    -0.01     0.00     0.00   0.020   11
   158.29    36.29   200.02    -0.01     0.00     0.00   0.021   12
   158.29    35.31   199.00    -0.01     0.00     0.00   0.020   13
   160.24    35.31   199.00    -0.01     0.00    -0.00   0.021   14
   160.24    34.33   199.00    -0.01     0.00    -0.00   0.020   15
   158.29    34.33   200.02    -0.01     0.00     0.00   0.020   16
   159.27    33.35   199.00    -0.01     0.00     0.00   0.021   17
   158.29    36.29   200.02    -0.01     0.00     0.00   0.020   18
   158.29    34.33   199.00    -0.01     0.00     0.00   0.021   19
   158.29    34.33   200.02    -0.01     0.00     0.00   0.020   20
   159.27    34.33   200.02    -0.01     0.00    -0.00   0.021   21
   159.27    36.29   201.03    -0.01     0.00     0.00   0.020   22
   159.27    34.33   197.98    -0.01     0.00     0.00   0.021   23
   159.27    36.29   201.03    -0.01     0.00     0.00   0.020   24
   159.27    34.33   199.00    -0.01     0.00     0.00   0.021   25
   159.27    35.31   200.02    -0.01     0.00    -0.00   0.020   26
   159.27    34.33   197.98    -0.01     0.00    -0.00   0.021   27
   159.27    35.31   199.00    -0.01     0.00    -0.00   0.020   28
   159.27    35.31   200.02    -0.01     0.00    -0.00   0.021   29
   160.24    34.33   199.00    -0.01     0.00     0.00   0.020   30
   159.27    36.29   199.00    -0.01     0.00     0.00   0.021   31
   160.24    34.33   199.00    -0.01     0.00    -0.00   0.020   32
   159.27    35.31   199.00    -0.01     0.00    -0.00   0.021   33
   159.27    34.33   200.02    -0.01     0.00     0.00   0.020   34
   159.27    35.31   199.00    -0.01     0.00    -0.00   0.021   35
   160.24    34.33   199.00    -0.01     0.00     0.00   0.020   36
   160.24    34.33   201.03    -0.01     0.00     0.00   0.021   37
   160.24    35.31   199.00    -0.01     0.00     0.00   0.020   38
   160.24    35.31   200.02    -0.01     0.00    -0.00   0.021   39
   158.29    36.29   199.00    -0.01     0.00     0.00   0.020   40
   160.24    34.33   199.00    -0.01     0.00     0.00   0.020   41
   160.24    35.31   199.00    -0.01     0.00    -0.00   0.021   42
   159.27    35.31   201.03    -0.01     0.00     0.00   0.020   43
   160.24    34.33   199.00    -0.01     0.00    -0.00   0.021   44
   160.24    35.31   201.03    -0.01     0.00     0.00   0.020   45
   159.27    34.33   200.02    -0.01     0.00     0.00   0.021   46
   160.24    35.31   200.02    -0.01     0.00    -0.00   0.020   47
   160.24    35.31   197.98    -0.01     0.00     0.00   0.021   48
   160.24    34.33   200.02    -0.01     0.00     0.00   0.020   49
   160.24    33.35   200.02    -0.01     0.00     0.00   0.021   50
   160.24    34.33   200.02    -0.01     0.00    -0.00   0.020   51
   159.27    34.33   199.00    -0.01     0.00     0.00   0.021   52
   159.27    34.33   200.02    -0.01     0.00     0.00   0.020   53
   159.27    34.33   199.00    -0.01     0.00     0.00   0.021   54
   158.29    34.33   200.02    -0.01     0.00     0.00   0.020   55
   158.29    34.33   199.00    -0.01     0.00     0.00   0.021   56
   160.24    36.29   200.02    -0.01     0.00    -0.00   0.020   57
   158.29    36.29   201.03    -0.01     0.00     0.00   0.021   58
   160.24    35.31   202.05    -0.01     0.00     0.00   0.020   59
   159.27    34.33   199.00    -0.01     0.00     0.00   0.021   60
   160.24    35.31   201.03    -0.01     0.00     0.00   0.020   61
   159.27    33.35   200.02    -0.01     0.00     0.00   0.021   62
   159.27    35.31   199.00    -0.01     0.00    -0.00   0.020   63
   158.29    35.31   199.00    -0.01     0.00    -0.00   0.021   64
   158.29    35.31   200.02    -0.01     0.00    -0.00   0.020   65
   159.27    35.31   199.00    -0.01     0.00     0.00   0.020   66
   160.24    35.31   199.00    -0.01     0.00    -0.00   0.021   67
   158.29    34.33   199.00    -0.01     0.00     0.00   0.020   68
   159.27    35.31   200.02    -0.01     0.00     0.00   0.021   69
   158.29    35.31   200.02    -0.01     0.00     0.00   0.020   70
   160.24    35.31   200.02    -0.01     0.00     0.00   0.021   71
   159.27    34.33   199.00    -0.01     0.00     0.00   0.020   72
   159.27    35.31   200.02    -0.01     0.00     0.00   0.021   73
   159.27    33.35   200.02    -0.01     0.00     0.00   0.020   74
   159.27    35.31   201.03    -0.01     0.00    -0.00   0.021   75
   160.24    34.33   200.02    -0.01     0.00    -0.00   0.020   76
   161.22    35.31   200.02    -0.01     0.00     0.00   0.021   77
   158.29    35.31   200.02    -0.01     0.00     0.00   0.020   78
   158.29    35.31   199.00    -0.01     0.00     0.00   0.021   79
   159.27    34.33   200.02    -0.01     0.00     0.00   0.020   80
   159.27    35.31   200.02    -0.01     0.00    -0.00   0.021   81
   159.27    33.35   199.00    -0.01     0.00     0.00   0.020   82
   159.27    34.33   200.02    -0.01     0.00     0.00   0.021   83
   160.24    33.35   199.00    -0.01     0.00     0.00   0.020   84
   160.24    35.31   200.02    -0.01     0.00     0.00   0.021   85
   159.27    34.33   197.98    -0.01     0.00     0.00   0.020   86
   160.24    34.33   200.02    -0.01     0.00    -0.00   0.021   87
   160.24    34.33   199.00    -0.01     0.00     0.00   0.020   88
   160.24    34.33   201.03    -0.01     0.00     0.00   0.021   89
   159.27    34.33   201.03    -0.01     0.00    -0.00   0.020   90
   159.27    35.31   200.02    -0.01     0.00     0.00   0.020   91
   160.24    33.35   200.02    -0.01     0.00     0.00   0.021   92
   159.27    35.31   199.00    -0.01     0.00     0.00   0.020   93
   158.29    35.31   199.00    -0.01     0.00     0.00   0.021   94
   159.27    35.31   199.00    -0.01     0.00     0.00   0.020   95
   159.27    35.31   199.00    -0.01     0.00     0.00   0.021   96
   160.24    34.33   199.00    -0.01     0.00    -0.00   0.020   97
   158.29    34.33   201.03    -0.01     0.00     0.00   0.021   98
   158.29    35.31   199.00    -0.01     0.00     0.00   0.020   99
   159.27    34.33   199.00    -0.01     0.00     0.00   0.021  100
   158.29    34.33   197.98    -0.01     0.00     0.00   0.020  101
   160.24    33.35   199.00    -0.01     0.00     0.00   0.021  102
   159.27    34.33   200.02    -0.01     0.00     0.00   0.020  103
   159.27    34.33   199.00    -0.01     0.00     0.00   0.021  104
   159.27    35.31   199.00    -0.01     0.00     0.00   0.020  105
   159.27    35.31   200.02    -0.01     0.00     0.00   0.021  106
   159.27    35.31   201.03    -0.01     0.00     0.00   0.020  107
   158.29    36.29   200.02    -0.01     0.00    -0.00   0.021  108
   159.27    34.33   200.02    -0.01     0.00    -0.00   0.020  109
   159.27    36.29   200.02    -0.01     0.00     0.00   0.021  110
   159.27    35.31   200.02    -0.01     0.00     0.00   0.020  111
   158.29    34.33   197.98    -0.01     0.00    -0.00   0.021  112
   158.29    34.33   196.96    -0.01     0.00    -0.00   0.020  113
   160.24    34.33   201.03    -0.01     0.00     0.00   0.021  114
   158.29    34.33   201.03    -0.01     0.00    -0.00   0.020  115
   159.27    35.31   200.02    -0.01     0.00     0.00   0.020  116
   159.27    34.33   199.00    -0.01     0.00     0.00   0.021  117
   159.27    35.31   200.02    -0.01     0.00     0.00   0.020  118
   159.27    34.33   200.02    -0.01     0.00    -0.00   0.021  119
   160.24    35.31   202.05    -0.01     0.00     0.00   0.020  120
   159.27    35.31   200.02    -0.01     0.00     0.00   0.021  121
   160.24    34.33   200.02    -0.01     0.00    -0.00   0.020  122
   159.27    34.33   200.02    -0.01     0.00    -0.00   0.021  123
   158.29    35.31   199.00    -0.01     0.00     0.00   0.020  124
   159.27    33.35   197.98    -0.01     0.00     0.00   0.021  125
   160.24    35.31   200.02    -0.01     0.00     0.00   0.020  126
   158.29    34.33   199.00    -0.01     0.00    -0.00   0.021  127
   159.27    34.33   200.02    -0.01     0.00     0.00   0.020  128
   160.24    34.33   200.02    -0.01     0.00     0.00   0.021  129
   159.27    35.31   199.00    -0.01     0.00    -0.00   0.020  130
   159.27    35.31   200.02    -0.01     0.00     0.00   0.021  131
   160.24    35.31   200.02    -0.01     0.00     0.00   0.020  132
   159.27    35.31   199.00    -0.00     0.00    -0.00   0.021  133
   159.27    36.29   200.02    -0.01     0.00    -0.00   0.020  134
   160.24    34.33   200.02    -0.01     0.00     0.00   0.021  135
   161.22    34.33   201.03    -0.01     0.00     0.00   0.020  136
   160.24    33.35   200.02    -0.01     0.00     0.00   0.021  137
   159.27    35.31   200.02    -0.01     0.00     0.00   0.020  138
   160.24    33.35   201.03    -0.01     0.00     0.00   0.021  139
   158.29    34.33   197.98    -0.01     0.00    -0.00   0.020  140
   159.27    34.33   199.00    -0.01     0.00     0.00   0.020  141
   159.27    34.33   200.02    -0.01     0.00    -0.00   0.021  142
   158.29    35.31   199.00    -0.01     0.00     0.00   0.020  143
   158.29    35.31   199.00    -0.01     0.00     0.00   0.021  144
   159.27    33.35   199.00    -0.01     0.00     0.00   0.020  145
   159.27    35.31   200.02    -0.01     0.00    -0.00   0.021  146
   159.27    34.33   200.02    -0.01     0.00    -0.00   0.020  147
   160.24    35.31   201.03    -0.01     0.00     0.00   0.021  148
   159.27    33.35   200.02    -0.01     0.00     0.00   0.020  149
   159.27    35.31   200.02    -0.01     0.00     0.00   0.021  150
   159.27    34.33   199.00    -0.01     0.00     0.00   0.020  151
   159.27    34.33   199.00    -0.01     0.00     0.00   0.021  152
   160.24    34.33   200.02    -0.01     0.00     0.00   0.020  153
   160.24    35.31   197.98    -0.01     0.00     0.00   0.021  154
   159.27    34.33   201.03    -0.01     0.00     0.00   0.020  155
   159.27    36.29   200.02    -0.01     0.00    -0.00   0.021  156
   160.24    33.35   200.02    -0.01     0.00     0.00   0.020  157
   159.27    35.31   200.02    -0.01     0.00    -0.00   0.021  158
   160.24    34.33   200.02    -0.01     0.00    -0.00   0.020  159
   159.27    33.35   199.00    -0.01     0.00     0.00   0.021  160
   159.27    34.33   200.02    -0.01     0.00     0.00   0.020  161
   159.27    35.31   199.00    -0.01     0.00     0.00   0.021  162
   158.29    34.33   200.02    -0.01     0.00     0.00   0.020  163
   160.24    34.33   199.00    -0.01     0.00     0.00   0.021  164
   159.27    34.33   201.03    -0.01     0.00     0.00   0.020  165
   158.29    35.31   199.00    -0.01     0.00    -0.00   0.020  166
   160.24    35.31   201.03    -0.01     0.00     0.00   0.021  167
   159.27    35.31   201.03    -0.00     0.00    -0.00   0.020  168
   160.24    34.33   200.02    -0.00    -0.00    -0.00   0.021  169
   160.24    33.35   200.02    -0.01     0.00     0.00   0.020  170
   160.24    34.33   199.00    -0.01     0.00     0.00   0.021  171
   159.27    34.33   200.02    -0.01     0.00     0.00   0.020  172
   159.27    34.33   200.02    -0.01     0.00     0.00   0.021  173
   160.24    34.33   200.02    -0.01     0.00     0.00   0.020  174
   159.27    36.29   200.02    -0.01     0.00     0.00   0.021  175
   158.29    34.33   200.02    -0.01     0.00     0.00   0.020  176
   159.27    34.33   200.02    -0.01     0.00     0.00   0.021  177
   160.24    34.33   199.00    -0.01     0.00     0.00   0.020  178
   160.24    34.33   200.02    -0.01     0.00     0.00   0.021  179
   158.29    35.31   197.98    -0.01     0.00     0.00   0.020  180
   159.27    36.29   200.02    -0.01     0.00    -0.00   0.021  181
   159.27    34.33   200.02    -0.01     0.00     0.00   0.020  182
   160.24    35.31   200.02    -0.01     0.00     0.00   0.021  183
   159.27    34.33   200.02    -0.01     0.00     0.00   0.020  184
   159.27    34.33   197.98    -0.01     0.00     0.00   0.021  185
   160.24    34.33   200.02    -0.01     0.00     0.00   0.020  186
   159.27    35.31   199.00    -0.01     0.00     0.00   0.021  187
   160.24    33.35   200.02    -0.01     0.00     0.00   0.020  188
   160.24    35.31   200.02    -0.01     0.00     0.00   0.021  189
   159.27    33.35   200.02    -0.01     0.00     0.00   0.020  190
   160.24    35.31   201.03    -0.01     0.00    -0.00   0.020  191
   160.24    33.35   201.03    -0.01     0.00    -0.00   0.021  192
   159.27    34.33   199.00    -0.01     0.00     0.00   0.020  193
   159.27    34.33   200.02    -0.01     0.00    -0.00   0.021  194
   159.27    34.33   197.98    -0.01     0.00    -0.00   0.020  195
   160.24    35.31   200.02    -0.01     0.00    -0.00   0.021  196
   160.24    34.33   197.98    -0.01     0.00    -0.00   0.020  197
   160.24    34.33   200.02    -0.01     0.00    -0.00   0.021  198
   158.29    35.31   200.02    -0.01     0.00     0.00   0.020  199
   160.24    35.31   199.00    -0.01     0.00     0.00   0.021  200
   159.27    34.33   200.02    -0.01     0.00     0.00   0.020  201
   160.24    34.33   199.00    -0.01     0.00     0.00   0.021  202
   160.24    34.33   201.03    -0.01     0.00     0.00   0.020  203
   158.29    35.31   202.05    -0.01     0.00     0.00   0.021  204
   160.24    35.31   201.03    -0.01     0.00     0.00   0.020  205
   159.27    34.33   200.02    -0.01     0.00    -0.00   0.021  206
   159.27    35.31   199.00    -0.01     0.00     0.00   0.020  207
   158.29    34.33   197.98    -0.01     0.00     0.00   0.021  208
   159.27    35.31   200.02    -0.01     0.00     0.00   0.020  209
   159.27    34.33   199.00    -0.01     0.00     0.00   0.021  210
   159.27    34.33   199.00    -0.01     0.00     0.00   0.020  211
   159.27    34.33   200.02    -0.01     0.00     0.00   0.021  212
   159.27    34.33   199.00    -0.01     0.00     0.00   0.020  213
   159.27    36.29   201.03    -0.01     0.00     0.00   0.021  214
   158.29    35.31   200.02    -0.01     0.00     0.00   0.020  215
   160.24    36.29   200.02    -0.01     0.00     0.00   0.020  216
   160.24    34.33   200.02    -0.01     0.00     0.00   0.021  217
   161.22    35.31   201.03    -0.01     0.00     0.00   0.020  218
   159.27    35.31   200.02    -0.01     0.00    -0.00   0.021  219
   160.24    34.33   200.02    -0.01     0.00     0.00   0.020  220
   159.27    33.35   201.03    -0.01     0.00    -0.00   0.021  221
   158.29    36.29   201.03    -0.01     0.00     0.00   0.020  222
   159.27    34.33   197.98    -0.01     0.00    -0.00   0.021  223
   160.24    35.31   200.02    -0.01     0.00     0.00   0.020  224
   159.27    34.33   200.02    -0.01     0.00     0.00   0.021  225
   160.24    34.33   199.00    -0.01     0.00     0.00   0.020  226
   158.29    34.33   199.00    -0.01     0.00    -0.00   0.021  227
   159.27    35.31   201.03    -0.01     0.00     0.00   0.020  228
   159.27    34.33   200.02    -0.01     0.00    -0.00   0.021  229
   160.24    35.31   199.00    -0.01     0.00    -0.00   0.020  230
   159.27    35.31   201.03    -0.01     0.00     0.00   0.021  231
   159.27    34.33   200.02    -0.01     0.00     0.00   0.020  232
   159.27    35.31   199.00    -0.01     0.00     0.00   0.021  233
   158.29    36.29   200.02    -0.01     0.00     0.00   0.020  234
   159.27    33.35   201.03    -0.01     0.00     0.00   0.021  235
   159.27    35.31   200.02    -0.01     0.00     0.00   0.020  236
   159.27    34.33   200.02    -0.01     0.00    -0.00   0.021  237
   159.27    34.33   200.02    -0.01     0.00     0.00   0.020  238
   159.27    35.31   200.02    -0.01     0.00     0.00   0.021  239
   159.27    34.33   200.02    -0.01     0.00    -0.00   0.020  240
   159.27    34.33   199.00    -0.01     0.00     0.00   0.020  241
   159.27    34.33   199.00    -0.01     0.00     0.00   0.021  242
   159.27    33.35   201.03    -0.01     0.00    -0.00   0.020  243
   159.27    33.35   200.02    -0.01     0.00     0.00   0.021  244
   159.27    34.33   200.02    -0.01     0.00     0.00   0.020  245
   159.27    34.33   200.02    -0.01     0.00     0.00   0.021  246
   160.24    35.31   200.02    -0.01     0.00    -0.00   0.020  247
   160.24    35.31   199.00    -0.01     0.00     0.00   0.021  248
   159.27    34.33   200.02    -0.01     0.00    -0.00   0.020  249
   159.27    34.33   200.02    -0.01     0.00     0.00   0.021  250
   159.27    34.33   199.00    -0.01     0.00     0.00   0.020  251
   159.27    35.31   201.03    -0.01     0.00     0.00   0.021  252
   159.27    34.33   199.00    -0.01     0.00     0.00   0.020  253
   159.27    35.31   199.00    -0.01     0.00     0.00   0.021  254
   159.27    34.33   200.02    -0.01     0.00     0.00   0.020  255
   159.27    34.33   197.98    -0.01     0.00    -0.00   0.021    0
   158.29    34.33   199.00    -0.01     0.00     0.00   0.020    1
   159.27    34.33   199.00    -0.01     0.00     0.00   0.021    2
   159.27    34.33   200.02    -0.01     0.00    -0.00   0.020    3
   158.29    35.31   200.02    -0.01     0.00     0.00   0.021    4
   160.24    36.29   201.03    -0.01     0.00     0.00   0.020    5
   159.27    35.31   200.02    -0.01     0.00    -0.00   0.021    6
   160.24    35.31   199.00    -0.01     0.00     0.00   0.020    7
   159.27    34.33   200.02    -0.01     0.00     0.00   0.021    8
   159.27    35.31   200.02    -0.01     0.00     0.00   0.020    9
   160.24    34.33   200.02    -0.01     0.00     0.00   0.020   10
   160.24    35.31   200.02    -0.01     0.00     0.00   0.021   11
   158.29    34.33   199.00    -0.01     0.00    -0.00   0.020   12
   160.24    34.33   201.03    -0.01     0.00     0.00   0.021   13
   159.27    34.33   200.02    -0.01     0.00    -0.00   0.020   14
   159.27    34.33   199.00    -0.01     0.00    -0.00   0.021   15
   159.27    33.35   200.02    -0.01     0.00    -0.00   0.020   16
   159.27    34.33   199.00    -0.01     0.00    -0.00   0.021   17
   159.27    34.33   200.02    -0.01     0.00    -0.00   0.020   18
   159.27    35.31   200.02    -0.01     0.00    -0.00   0.021   19
   159.27    34.33   199.00    -0.01     0.00     0.00   0.020   20
   160.24    35.31   200.02    -0.01     0.00     0.00   0.021   21
   159.27    34.33   200.02    -0.01     0.00     0.00   0.020   22
   160.24    34.33   199.00    -0.01     0.00    -0.00   0.021   23
   159.27    35.31   199.00    -0.01     0.00     0.00   0.020   24
   160.24    34.33   199.00    -0.01     0.00     0.00   0.021   25
   159.27    34.33   199.00    -0.01     0.00    -0.00   0.020   26
   160.24    35.31   200.02    -0.01     0.00     0.00   0.021   27
   159.27    34.33   199.00    -0.01     0.00    -0.00   0.020   28
   159.27    35.31   199.00    -0.01     0.00    -0.00   0.021   29
   160.24    34.33   199.00    -0.01     0.00    -0.00   0.020   30
   159.27    34.33   200.02    -0.01     0.00     0.00   0.021   31
   158.29    34.33   197.98    -0.01     0.00    -0.00   0.020   32
   160.24    36.29   200.02    -0.01     0.00    -0.00   0.021   33
   159.27    35.31   199.00    -0.01     0.00     0.00   0.020   34
   160.24    35.31   201.03    -0.01     0.00     0.00   0.020   35
   158.29    34.33   200.02    -0.01     0.00     0.00   0.021   36
   158.29    34.33   200.02    -0.01     0.00     0.00   0.020   37
   159.27    35.31   200.02    -0.01     0.00     0.00   0.021   38
   160.24    34.33   199.00    -0.01     0.00     0.00   0.020   39
   159.27    36.29   200.02    -0.01     0.00     0.00   0.021   40
   158.29    34.33   201.03    -0.01     0.00     0.00   0.020   41
   159.27    35.31   200.02    -0.01     0.00    -0.00   0.021   42
   158.29    35.31   200.02    -0.01     0.00    -0.00   0.020   43
   159.27    36.29   200.02    -0.01     0.00     0.00   0.021   44
   159.27    34.33   199.00    -0.01     0.00     0.00   0.020   45
   159.27    35.31   200.02    -0.01     0.00     0.00   0.021   46
   159.27    34.33   200.02    -0.01     0.00     0.00   0.020   47
   159.27    35.31   199.00    -0.01     0.00     0.00   0.021   48
   159.27    34.33   200.02    -0.01     0.00     0.00   0.020   49
   160.24    35.31   199.00    -0.01     0.00     0.00   0.021   50
   161.22    35.31   201.03    -0.01     0.00    -0.00   0.020   51
   159.27    35.31   199.00    -0.01     0.00     0.00   0.021   52
   159.27    35.31   199.00    -0.01     0.00     0.00   0.020   53
   159.27    34.33   197.98    -0.01     0.00     0.00   0.021   54
   159.27    36.29   202.05    -0.01     0.00     0.00   0.020   55
   159.27    35.31   199.00    -0.01     0.00     0.00   0.021   56
   160.24    35.31   200.02    -0.01     0.00     0.00   0.020   57
   159.27    34.33   200.02    -0.01     0.00    -0.00   0.021   58
   159.27    34.33   199.00    -0.01     0.00     0.00   0.020   59
   159.27    36.29   201.03    -0.01     0.00    -0.00   0.020   60
   160.24    34.33   199.00    -0.01     0.00     0.00   0.021   61
   160.24    34.33   200.02    -0.01     0.00    -0.00   0.020   62
   160.24    34.33   200.02    -0.01     0.00     0.00   0.021   63
   159.27    35.31   199.00    -0.01     0.00     0.00   0.020   64
   159.27    35.31   200.02    -0.01     0.00     0.00   0.021   65
   159.27    33.35   200.02    -0.01     0.00    -0.00   0.020   66
   159.27    33.35   200.02    -0.01     0.00    -0.00   0.021   67
   160.24    35.31   200.02    -0.01     0.00     0.00   0.020   68
   159.27    34.33   201.03    -0.01     0.00     0.00   0.021   69
   161.22    34.33   201.03    -0.01     0.00     0.00   0.020   70
   158.29    35.31   197.98    -0.01     0.00    -0.00   0.021   71
   161.22    34.33   199.00    -0.01     0.00    -0.00   0.020   72
   159.27    35.31   200.02    -0.01     0.00     0.00   0.021   73
   160.24    33.35   199.00    -0.01     0.00     0.00   0.020   74
   159.27    34.33   199.00    -0.01     0.00     0.00   0.021   75
   159.27    35.31   200.02    -0.01     0.00     0.00   0.020   76
   159.27    34.33   200.02    -0.01     0.00    -0.00   0.021   77
   159.27    35.31   201.03    -0.01     0.00    -0.00   0.020   78
   158.29    35.31   199.00    -0.01     0.00     0.00   0.021   79
   158.29    35.31   200.02    -0.01     0.00    -0.00   0.020   80
   159.27    34.33   200.02    -0.01     0.00     0.00   0.021   81
   158.29    33.35   197.98    -0.01     0.00     0.00   0.020   82
   159.27    34.33   200.02    -0.01     0.00     0.00   0.021   83
   160.24    35.31   199.00    -0.01     0.00    -0.00   0.020   84
   159.27    34.33   200.02    -0.01     0.00     0.00   0.020   85
   160.24    34.33   200.02    -0.01     0.00     0.00   0.021   86
   160.24    34.33   201.03    -0.01     0.00     0.00   0.020   87
   159.27    34.33   200.02    -0.01     0.00     0.00   0.021   88
   160.24    35.31   200.02    -0.01     0.00     0.00   0.020   89
   160.24    34.33   199.00    -0.01     0.00     0.00   0.021   90
   160.24    34.33   200.02    -0.01     0.00    -0.00   0.020   91
   159.27    34.33   199.00    -0.01     0.00    -0.00   0.021   92
   160.24    34.33   201.03    -0.01     0.00     0.00   0.020   93
   159.27    34.33   202.05    -0.01     0.00     0.00   0.021   94
   159.27    34.33   199.00    -0.01     0.00     0.00   0.020   95
   159.27    35.31   200.02    -0.01     0.00     0.00   0.021   96
   159.27    33.35   199.00    -0.01     0.00     0.00   0.020   97
   160.24    33.35   200.02    -0.01     0.00    -0.00   0.021   98
   159.27    34.33   200.02    -0.01     0.00    -0.00   0.020   99
   158.29    35.31   200.02    -0.01     0.00     0.00   0.021  100
   158.29    35.31   200.02    -0.01     0.00     0.00   0.020  101
   160.24    34.33   201.03    -0.01     0.00     0.00   0.021  102
   159.27    35.31   200.02    -0.01     0.00     0.00   0.020  103
   160.24    34.33   200.02    -0.01     0.00     0.00   0.021  104
   159.27    35.31   199.00    -0.01     0.00     0.00   0.020  105
   160.24    35.31   200.02    -0.01     0.00     0.00   0.021  106
   159.27    35.31   200.02    -0.01     0.00     0.00   0.020  107
   160.24    34.33   200.02    -0.01     0.00     0.00   0.021  108
   158.29    34.33   199.00    -0.01     0.00     0.00   0.020  109
   160.24    34.33   199.00    -0.01     0.00     0.00   0.020  110
   160.24    33.35   197.98    -0.01     0.00     0.00   0.021  111
   160.24    34.33   200.02    -0.01     0.00     0.00   0.020  112
   160.24    34.33   197.98    -0.01     0.00    -0.00   0.021  113
   159.27    34.33   199.00    -0.01     0.00     0.00   0.020  114
   159.27    34.33   200.02    -0.01     0.00     0.00   0.021  115
   159.27    34.33   201.03    -0.01     0.00     0.00   0.020  116
   160.24    34.33   197.98    -0.01     0.00     0.00   0.021  117
   159.27    35.31   202.05    -0.01     0.00    -0.00   0.020  118
   160.24    35.31   199.00    -0.01     0.00     0.00   0.021  119
   160.24    34.33   199.00    -0.01     0.00     0.00   0.020  120
   160.24    34.33   199.00    -0.01     0.00     0.00   0.021  121
   160.24    35.31   200.02    -0.01     0.00     0.00   0.020  122
   158.29    35.31   199.00    -0.01     0.00    -0.00   0.021  123
   160.24    34.33   199.00    -0.01     0.00    -0.00   0.020  124
   159.27    35.31   200.02    -0.01     0.00     0.00   0.021  125
   160.24    35.31   199.00    -0.01     0.00    -0.00   0.020  126
   160.24    34.33   200.02    -0.01     0.00     0.00   0.021  127
   159.27    34.33   200.02    -0.01     0.00     0.00   0.020  128
   159.27    34.33   200.02    -0.01     0.00     0.00   0.021  129
   159.27    35.31   199.00    -0.01     0.00     0.00   0.020  130
   160.24    35.31   200.02    -0.01     0.00    -0.00   0.021  131
   159.27    34.33   199.00    -0.00     0.00    -0.00   0.020  132
   159.27    34.33   199.00    -0.01     0.00     0.00   0.021  133
   158.29    34.33   199.00    -0.01     0.00     0.00   0.020  134
   160.24    34.33   197.98    -0.01     0.00    -0.00   0.020  135
   158.29    35.31   197.98    -0.01     0.00     0.00   0.021  136
   159.27    36.29   200.02    -0.01     0.00     0.00   0.020  137
   159.27    33.35   199.00    -0.01     0.00     0.00   0.021  138
   160.24    35.31   199.00    -0.01     0.00    -0.00   0.020  139
   160.24    36.29   200.02    -0.01     0.00     0.00   0.021  140
   160.24    36.29   200.02    -0.01     0.00     0.00   0.020  141
   160.24    34.33   200.02    -0.01     0.00     0.00   0.021  142
   159.27    35.31   199.00    -0.01     0.00     0.00   0.020  143
   159.27    34.33   200.02    -0.01     0.00     0.00   0.021  144
   159.27    35.31   200.02    -0.01     0.00     0.00   0.020  145
   158.29    34.33   200.02    -0.01     0.00    -0.00   0.021  146
   159.27    35.31   199.00    -0.01     0.00    -0.00   0.020  147
   159.27    34.33   200.02    -0.01     0.00     0.00   0.021  148
   160.24    35.31   200.02    -0.01     0.00     0.00   0.020  149
   160.24    34.33   199.00    -0.01     0.00     0.00   0.021  150
   159.27    35.31   200.02    -0.01     0.00     0.00   0.020  151
   159.27    34.33   200.02    -0.00     0.00    -0.00   0.021  152
   159.27    34.33   201.03    -0.01     0.00     0.00   0.020  153
   159.27    35.31   200.02    -0.01     0.00    -0.00   0.021  154
   159.27    36.29   200.02    -0.01     0.00     0.00   0.020  155
   158.29    34.33   200.02    -0.01     0.00     0.00   0.021  156
   160.24    35.31   200.02    -0.01     0.00     0.00   0.020  157
   158.29    34.33   201.03    -0.01     0.00    -0.00   0.021  158
   159.27    34.33   199.00    -0.01     0.00     0.00   0.020  159
   158.29    34.33   199.00    -0.01     0.00    -0.00   0.020  160
   159.27    34.33   200.02    -0.00     0.00     0.00   0.021  161
   160.24    35.31   200.02    -0.01     0.00    -0.00   0.020  162
   159.27    34.33   199.00    -0.01     0.00    -0.00   0.021  163
   158.29    35.31   199.00    -0.01     0.00     0.00   0.020  164
   159.27    34.33   199.00    -0.01     0.00    -0.00   0.021  165
   159.27    34.33   200.02    -0.01     0.00     0.00   0.020  166
   159.27    33.35   199.00    -0.01     0.00     0.00   0.021  167
   159.27    35.31   200.02    -0.01     0.00     0.00   0.020  168
   159.27    35.31   199.00    -0.01     0.00     0.00   0.021  169
   159.27    35.31   200.02    -0.01     0.00    -0.00   0.020  170
   160.24    34.33   199.00    -0.01     0.00    -0.00   0.021  171
   159.27    35.31   200.02    -0.01     0.00     0.00   0.020  172
   159.27    34.33   200.02    -0.01     0.00     0.00   0.021  173
   160.24    33.35   200.02    -0.00     0.00    -0.00   0.020  174
   160.24    34.33   199.00    -0.01     0.00    -0.00   0.021  175
   160.24    34.33   200.02    -0.01     0.00    -0.00   0.020  176
   159.27    34.33   199.00    -0.01     0.00     0.00   0.021  177
   160.24    33.35   200.02    -0.00     0.00     0.00   0.020  178
   159.27    33.35   199.00    -0.01     0.00    -0.00   0.021  179
   160.24    35.31   200.02    -0.01     0.00     0.00   0.020  180
   161.22    34.33   199.00    -0.01     0.00    -0.00   0.021  181
   160.24    35.31   200.02    -0.01     0.00     0.00   0.020  182
   159.27    34.33   199.00    -0.01     0.00     0.00   0.021  183
   160.24    36.29   201.03    -0.01     0.00     0.00   0.020  184
   160.24    34.33   199.00    -0.01     0.00     0.00   0.020  185
   160.24    35.31   201.03    -0.01     0.00     0.00   0.021  186
   159.27    34.33   199.00    -0.01     0.00     0.00   0.020  187
   160.24    35.31   201.03    -0.01     0.00    -0.00   0.021  188
   159.27    35.31   200.02    -0.01     0.00     0.00   0.020  189
   159.27    34.33   201.03    -0.01     0.00    -0.00   0.021  190
   160.24    34.33   197.98    -0.01     0.00    -0.00   0.020  191
   159.27    35.31   200.02    -0.01     0.00     0.00   0.021  192
   158.29    34.33   200.02    -0.01     0.00     0.00   0.020  193
   159.27    34.33   201.03    -0.01     0.00     0.00   0.021  194
   158.29    35.31   197.98    -0.01     0.00     0.00   0.020  195
   160.24    34.33   199.00    -0.01     0.00     0.00   0.021  196
   158.29    34.33   199.00    -0.01     0.00     0.00   0.020  197
   159.27    35.31   200.02    -0.01     0.00    -0.00   0.021  198
   159.27    35.31   199.00    -0.01     0.00     0.00   0.020  199
   160.24    35.31   199.00    -0.01     0.00    -0.00   0.021  200
   159.27    35.31   200.02    -0.01     0.00    -0.00   0.020  201
   159.27    34.33   199.00    -0.01     0.00     0.00   0.021  202
   160.24    35.31   201.03    -0.01     0.00     0.00   0.020  203
   159.27    34.33   201.03    -0.01     0.00     0.00   0.021  204
   160.24    34.33   201.03    -0.01     0.00     0.00   0.020  205
   159.27    35.31   200.02    -0.01     0.00     0.00   0.021  206
   160.24    35.31   201.03    -0.01     0.00    -0.00   0.020  207
   160.24    35.31   200.02    -0.01     0.00    -0.00   0.021  208
   159.27    35.31   200.02    -0.01     0.00     0.00   0.020  209
   159.27    33.35   200.02    -0.01     0.00    -0.00   0.020  210
   159.27    35.31   201.03    -0.01     0.00     0.00   0.021  211
   159.27    33.35   200.02    -0.01     0.00     0.00   0.020  212
   159.27    34.33   199.00    -0.01     0.00     0.00   0.021  213
   160.24    33.35   197.98    -0.01     0.00    -0.00   0.020  214
   160.24    35.31   199.00    -0.01     0.00     0.00   0.021  215
   159.27    34.33   199.00    -0.01     0.00     0.00   0.020  216
   160.24    35.31   200.02    -0.01     0.00    -0.00   0.021  217
   159.27    33.35   197.98    -0.01     0.00    -0.00   0.020  218
   160.24    34.33   200.02    -0.01     0.00    -0.00   0.021  219
   160.24    34.33   200.02    -0.01     0.00    -0.00   0.020  220
   161.22    35.31   201.03    -0.01     0.00    -0.00   0.021  221
   159.27    35.31   197.98    -0.01     0.00     0.00   0.020  222
   160.24    34.33   200.02    -0.01     0.00    -0.00   0.021  223
   159.27    35.31   199.00    -0.01     0.00     0.00   0.020  224
   159.27    35.31   199.00    -0.01     0.00    -0.00   0.021  225
   158.29    35.31   197.98    -0.01     0.00    -0.00   0.020  226
   160.24    35.31   199.00    -0.01     0.00     0.00   0.021  227
   158.29    35.31   200.02    -0.01     0.00     0.00   0.020  228
   160.24    34.33   200.02    -0.01     0.00    -0.00   0.021  229
   159.27    33.35   199.00    -0.01     0.00     0.00   0.020  230
   159.27    34.33   199.00    -0.01     0.00    -0.00   0.021  231
   159.27    34.33   201.03    -0.01     0.00     0.00   0.020  232
   159.27    34.33   199.00    -0.01     0.00     0.00   0.021  233
   159.27    34.33   200.02    -0.01     0.00     0.00   0.020  234
   160.24    34.33   200.02    -0.01     0.00     0.00   0.020  235
   159.27    34.33   199.00    -0.01     0.00     0.00   0.021  236
   159.27    34.33   200.02    -0.01     0.00     0.00   0.020  237
   159.27    34.33   200.02    -0.01     0.00     0.00   0.021  238
   159.27    35.31   199.00    -0.01     0.00    -0.00   0.020  239
   159.27    34.33   197.98    -0.01     0.00    -0.00   0.021  240
   159.27    35.31   200.02    -0.01     0.00    -0.00   0.020  241
   159.27    34.33   200.02    -0.01     0.00    -0.00   0.021  242
   160.24    33.35   199.00    -0.01     0.00     0.00   0.020  243
   159.27    35.31   200.02    -0.01     0.00     0.00   0.021  244
   159.27    35.31   199.00    -0.01     0.00     0.00   0.020  245
   159.27    34.33   199.00    -0.01     0.00     0.00   0.021  246
   159.27    34.33   199.00    -0.01     0.00    -0.00   0.020  247
   158.29    35.31   201.03    -0.01     0.00     0.00   0.021  248
   158.29    34.33   200.02    -0.01     0.00    -0.00   0.020  249
   159.27    35.31   199.00    -0.01     0.00     0.00   0.021  250
   159.27    34.33   200.02    -0.01     0.00    -0.00   0.020  251
   158.29    35.31   200.02    -0.01     0.00    -0.00   0.021  252
   158.29    34.33   199.00    -0.01     0.00    -0.00   0.020  253
   159.27    35.31   199.00    -0.01     0.00    -0.00   0.021  254
   160.24    33.35   199.00    -0.00     0.00    -0.00   0.020  255
   159.27    35.31   200.02    -0.00     0.00    -0.00   0.021    0
   159.27    35.31   199.00    -0.00     0.00    -0.00   0.020    1
   160.24    36.29   200.02    -0.01     0.00     0.00   0.021    2
   159.27    35.31   201.03    -0.01     0.00     0.00   0.020    3
   159.27    36.29   200.02    -0.01     0.00     0.00   0.020    4
   159.27    34.33   197.98    -0.01     0.00     0.00   0.021    5
   159.27    35.31   199.00    -0.01     0.00     0.00   0.020    6
   159.27    34.33   199.00    -0.01     0.00     0.00   0.021    7
   159.27    35.31   197.98    -0.01     0.00     0.00   0.020    8
   160.24    34.33   199.00    -0.01     0.00     0.00   0.021    9
   159.27    34.33   199.00    -0.01     0.00     0.00   0.020   10
   160.24    34.33   200.02    -0.01     0.00    -0.00   0.021   11
   159.27    34.33   199.00    -0.01     0.00     0.00   0.020   12
   159.27    34.33   199.00    -0.01     0.00     0.00   0.021   13
   159.27    34.33   199.00    -0.01     0.00     0.00   0.020   14
   160.24    36.29   200.02    -0.01     0.00     0.00   0.021   15
   159.27    35.31   200.02    -0.01     0.00     0.00   0.020   16
   159.27    35.31   200.02    -0.01     0.00     0.00   0.021   17
   159.27    35.31   200.02    -0.01     0.00     0.00   0.020   18
   159.27    34.33   197.98    -0.01     0.00    -0.00   0.021   19
   159.27    34.33   199.00    -0.00     0.00     0.00   0.020   20
   160.24    34.33   200.02    -0.00     0.00    -0.00   0.021   21
   159.27    34.33   200.02    -0.01     0.00    -0.00   0.020   22
   160.24    35.31   199.00    -0.01     0.00    -0.00   0.021   23
   158.29    33.35   199.00    -0.01     0.00    -0.00   0.020   24
   159.27    35.31   199.00    -0.01     0.00     0.00   0.021   25
   158.29    35.31   199.00    -0.01     0.00     0.00   0.020   26
   159.27    35.31   199.00    -0.01     0.00     0.00   0.021   27
   160.24    33.35   199.00    -0.01     0.00     0.00   0.020   28
   159.27    35.31   200.02    -0.01     0.00     0.00   0.020   29
   159.27    34.33   199.00    -0.01     0.00     0.00   0.021   30
   158.29    35.31   200.02    -0.01     0.00     0.00   0.020   31
   159.27    33.35   199.00    -0.01     0.00     0.00   0.021   32
   159.27    35.31   197.98    -0.01     0.00    -0.00   0.020   33
   159.27    35.31   200.02    -0.01     0.00    -0.00   0.021   34
   160.24    34.33   199.00    -0.01     0.00    -0.00   0.020   35
   161.22    35.31   200.02    -0.01     0.00     0.00   0.021   36
   159.27    35.31   200.02    -0.01     0.00    -0.00   0.020   37
   160.24    35.31   200.02    -0.00     0.00    -0.00   0.021   38
   159.27    35.31   200.02    -0.00     0.00    -0.00   0.020   39
   159.27    36.29   201.03    -0.00     0.00    -0.00   0.021   40
   159.27    35.31   200.02    -0.00     0.00    -0.00   0.020   41
   159.27    35.31   201.03    -0.01     0.00    -0.00   0.021   42
   160.24    34.33   200.02    -0.01     0.00    -0.00   0.020   43
   159.27    34.33   200.02    -0.01     0.00     0.00   0.021   44
   159.27    35.31   199.00    -0.01     0.00     0.00   0.020   45
   160.24    35.31   200.02    -0.01     0.00     0.00   0.021   46
   159.27    34.33   199.00    -0.01     0.00     0.00   0.020   47
   159.27    34.33   200.02    -0.01     0.00     0.00   0.021   48
   159.27    33.35   200.02    -0.01     0.00     0.00   0.020   49
   159.27    33.35   199.00    -0.01     0.00     0.00   0.021   50
   159.27    34.33   200.02    -0.01     0.00     0.00   0.020   51
   159.27    34.33   199.00    -0.01     0.00    -0.00   0.021   52
   159.27    35.31   200.02    -0.01     0.00     0.00   0.020   53
   159.27    35.31   199.00    -0.00     0.00     0.00   0.020   54
   159.27    35.31   200.02    -0.01     0.00     0.00   0.021   55
   159.27    34.33   199.00    -0.01     0.00     0.00   0.020   56
   161.22    35.31   201.03    -0.01     0.00     0.00   0.021   57
   159.27    34.33   199.00    -0.01     0.00     0.00   0.020   58
   160.24    35.31   201.03    -0.01     0.00    -0.00   0.021   59
   159.27    35.31   199.00    -0.01     0.00     0.00   0.020   60
   159.27    35.31   199.00    -0.01     0.00    -0.00   0.021   61
   159.27    34.33   200.02    -0.01     0.00    -0.00   0.020   62
   159.27    34.33   200.02    -0.01     0.00    -0.00   0.021   63
   160.24    35.31   199.00    -0.01     0.00    -0.00   0.020   64
   159.27    34.33   199.00    -0.01     0.00     0.00   0.021   65
   160.24    35.31   199.00    -0.01     0.00     0.00   0.020   66
   159.27    34.33   200.02    -0.01     0.00     0.00   0.021   67
   159.27    34.33   201.03    -0.01     0.00     0.00   0.020   68
   160.24    35.31   201.03    -0.01     0.00    -0.00   0.021   69
   161.22    35.31   200.02    -0.01     0.00     0.00   0.020   70
   159.27    35.31   200.02    -0.01     0.00    -0.00   0.021   71
   159.27    33.35   199.00    -0.01     0.00    -0.00   0.020   72
   160.24    35.31   200.02    -0.01     0.00    -0.00   0.021   73
   160.24    35.31   200.02    -0.01     0.00    -0.00   0.020   74
   160.24    33.35   200.02    -0.01     0.00    -0.00   0.021   75
   160.24    34.33   199.00    -0.01     0.00     0.00   0.020   76
   160.24    35.31   200.02    -0.01     0.00     0.00   0.021   77
   159.27    34.33   200.02    -0.01     0.00     0.00   0.020   78
   160.24    36.29   199.00    -0.01     0.00     0.00   0.020   79
   159.27    35.31   200.02    -0.01     0.00     0.00   0.021   80
   160.24    35.31   201.03    -0.01     0.00    -0.00   0.020   81
   161.22    34.33   199.00    -0.01     0.00    -0.00   0.021   82
   159.27    35.31   200.02    -0.01     0.00     0.00   0.020   83
   159.27    35.31   201.03    -0.01     0.00     0.00   0.021   84
   159.27    35.31   200.02    -0.01     0.00    -0.00   0.020   85
   160.24    35.31   201.03    -0.01     0.00    -0.00   0.021   86
   160.24    35.31   199.00    -0.01     0.00     0.00   0.020   87
   159.27    36.29   200.02    -0.01     0.00     0.00   0.021   88
   159.27    34.33   197.98    -0.01     0.00     0.00   0.020   89
   160.24    34.33   202.05    -0.01     0.00     0.00   0.021   90
   160.24    34.33   199.00    -0.01     0.00     0.00   0.020   91
   160.24    35.31   200.02    -0.01     0.00     0.00   0.021   92
   158.29    34.33   201.03    -0.01     0.00     0.00   0.020   93
   159.27    35.31   201.03    -0.01     0.00     0.00   0.021   94
   159.27    34.33   199.00    -0.01     0.00     0.00   0.020   95
   160.24    34.33   199.00    -0.00     0.00    -0.00   0.021   96
   158.29    33.35   199.00    -0.01     0.00     0.00   0.020   97
   159.27    35.31   200.02    -0.01     0.00     0.00   0.021   98
   161.22    33.35   199.00    -0.01     0.00     0.00   0.020   99
   160.24    34.33   199.00    -0.01     0.00     0.00   0.021  100
   159.27    34.33   199.00    -0.01     0.00    -0.00   0.020  101
   158.29    34.33   200.02    -0.01     0.00     0.00   0.021  102
   158.29    36.29   200.02    -0.01     0.00     0.00   0.020  103
   159.27    35.31   200.02    -0.01     0.00     0.00   0.020  104
   159.27    35.31   201.03    -0.01     0.00     0.00   0.021  105
   161.22    34.33   199.00    -0.01     0.00     0.00   0.020  106
   160.24    34.33   200.02    -0.01     0.00     0.00   0.021  107
   160.24    34.33   200.02    -0.01     0.00     0.00   0.020  108
   159.27    35.31   200.02    -0.01     0.00    -0.00   0.021  109
   159.27    34.33   199.00    -0.01     0.00     0.00   0.020  110
   160.24    35.31   201.03    -0.01     0.00     0.00   0.021  111
   158.29    34.33   200.02    -0.01     0.00     0.00   0.020  112
   160.24    34.33   201.03    -0.01     0.00     0.00   0.021  113
   158.29    34.33   197.98    -0.01     0.00     0.00   0.020  114
   159.27    34.33   200.02    -0.01     0.00    -0.00   0.021  115
   158.29    34.33   200.02    -0.01     0.00     0.00   0.020  116
   160.24    34.33   199.00    -0.01     0.00     0.00   0.021  117
   159.27    34.33   199.00    -0.01     0.00     0.00   0.020  118
   160.24    34.33   199.00    -0.01     0.00    -0.00   0.021  119
   159.27    34.33   199.00    -0.01     0.00     0.00   0.020  120
   160.24    34.33   199.00    -0.01     0.00     0.00   0.021  121
   159.27    33.35   201.03    -0.01     0.00     0.00   0.020  122
   159.27    35.31   197.98    -0.01     0.00     0.00   0.021  123
   160.24    35.31   200.02    -0.01     0.00     0.00   0.020  124
   159.27    35.31   199.00    -0.01     0.00     0.00   0.021  125
   158.29    35.31   201.03    -0.01     0.00    -0.00   0.020  126
   160.24    34.33   199.00    -0.01     0.00     0.00   0.021  127
   160.24    34.33   200.02    -0.01     0.00     0.00   0.020  128
   160.24    34.33   197.98    -0.01     0.00     0.00   0.020  129
   160.24    35.31   200.02    -0.01     0.00     0.00   0.021  130
   159.27    34.33   200.02    -0.01     0.00     0.00   0.020  131
   160.24    35.31   200.02    -0.01     0.00     0.00   0.021  132
   160.24    33.35   200.02    -0.01     0.00     0.00   0.020  133
   160.24    36.29   200.02    -0.01     0.00     0.00   0.021  134
   158.29    34.33   200.02    -0.01     0.00     0.00   0.020  135
   161.22    35.31   199.00    -0.01     0.00    -0.00   0.021  136
   160.24    34.33   199.00    -0.01     0.00     0.00   0.020  137
   157.31    35.31   196.96    -0.01    -0.00     0.00   0.021  138
   160.24    33.35   199.00    -0.01     0.00     0.00   0.020  139
   159.27    34.33   199.00    -0.01     0.00     0.00   0.021  140
   159.27    35.31   200.02    -0.01     0.00     0.00   0.020  141
   158.29    36.29   199.00    -0.01     0.00    -0.00   0.021  142
   159.27    34.33   199.00    -0.01     0.00     0.00   0.020  143
   161.22    34.33   199.00    -0.01     0.00     0.00   0.021  144
   160.24    35.31   200.02    -0.01     0.00     0.00   0.020  145
   158.29    36.29   199.00    -0.01     0.00     0.00   0.021  146
   160.24    35.31   201.03    -0.01     0.00     0.00   0.020  147
   159.27    36.29   200.02    -0.01     0.00     0.00   0.021  148
   160.24    35.31   200.02    -0.01     0.00    -0.00   0.020  149
   159.27    34.33   200.02    -0.01     0.00     0.00   0.021  150
   159.27    35.31   200.02    -0.01     0.00     0.00   0.020  151
   159.27    34.33   202.05    -0.01     0.00     0.00   0.021  152
   159.27    35.31   201.03    -0.01     0.00     0.00   0.020  153
   160.24    34.33   201.03    -0.01     0.00     0.00   0.020  154
   160.24    35.31   199.00    -0.01     0.00    -0.00   0.021  155
   159.27    33.35   199.00    -0.01     0.00    -0.00   0.020  156
   159.27    34.33   200.02    -0.01     0.00    -0.00   0.021  157
   158.29    34.33   199.00    -0.01     0.00     0.00   0.020  158
   158.29    34.33   199.00    -0.01     0.00     0.00   0.021  159
   160.24    34.33   200.02    -0.01     0.00     0.00   0.020  160
   159.27    34.33   197.98    -0.01     0.00     0.00   0.021  161
   160.24    35.31   199.00    -0.01     0.00     0.00   0.020  162
   160.24    34.33   199.00    -0.01     0.00     0.00   0.021  163
   160.24    33.35   199.00    -0.01     0.00    -0.00   0.020  164
   159.27    34.33   199.00    -0.01     0.00    -0.00   0.021  165
   160.24    35.31   202.05    -0.01     0.00     0.00   0.020  166
   159.27    34.33   200.02    -0.01     0.00     0.00   0.021  167
   159.27    35.31   201.03    -0.01     0.00     0.00   0.020  168
   158.29    35.31   201.03    -0.01     0.00     0.00   0.021  169
   159.27    35.31   200.02    -0.01     0.00     0.00   0.020  170
   160.24    34.33   200.02    -0.01     0.00     0.00   0.021  171
   160.24    34.33   200.02    -0.01     0.00     0.00   0.020  172
   158.29    34.33   199.00    -0.01     0.00    -0.00   0.021  173
   159.27    34.33   200.02    -0.01     0.00     0.00   0.020  174
   158.29    34.33   200.02    -0.01     0.00     0.00   0.021  175
   160.24    35.31   200.02    -0.01     0.00     0.00   0.020  176
   158.29    34.33   199.00    -0.01     0.00     0.00   0.021  177
   161.22    34.33   200.02    -0.01     0.00     0.00   0.020  178
   160.24    33.35   200.02    -0.01     0.00     0.00   0.020  179
   161.22    35.31   201.03    -0.01     0.00     0.00   0.021  180
   159.27    34.33   200.02    -0.01     0.00     0.00   0.020  181
   159.27    35.31   202.05    -0.01     0.00     0.00   0.021  182
   160.24    33.35   199.00    -0.01     0.00     0.00   0.020  183
   160.24    35.31   201.03    -0.01     0.00    -0.00   0.021  184
   160.24    34.33   201.03    -0.01     0.00     0.00   0.020  185
   158.29    35.31   201.03    -0.01     0.00     0.00   0.021  186
   159.27    34.33   200.02    -0.01     0.00    -0.00   0.020  187
   160.24    34.33   199.00    -0.01     0.00     0.00   0.021  188
   159.27    34.33   200.02    -0.01     0.00     0.00   0.020  189
   160.24    35.31   200.02    -0.01     0.00    -0.00   0.021  190
   159.27    34.33   199.00    -0.01     0.00     0.00   0.020  191
   160.24    35.31   199.00    -0.01     0.00     0.00   0.021  192
   158.29    34.33   199.00    -0.01     0.00     0.00   0.020  193
   159.27    35.31   199.00    -0.01     0.00     0.00   0.021  194
   159.27    34.33   200.02    -0.01     0.00     0.00   0.020  195
   160.24    34.33   200.02    -0.00     0.00     0.00   0.021  196
   159.27    34.33   197.98    -0.01     0.00    -0.00   0.020  197
   160.24    34.33   200.02    -0.01     0.00     0.00   0.021  198
   160.24    35.31   201.03    -0.01     0.00     0.00   0.020  199
   160.24    34.33   199.00    -0.01     0.00    -0.00   0.021  200
   161.22    34.33   202.05    -0.01     0.00     0.00   0.020  201
   159.27    35.31   200.02    -0.01     0.00    -0.00   0.021  202
   160.24    35.31   201.03    -0.01     0.00     0.00   0.020  203
   159.27    35.31   199.00    -0.01     0.00     0.00   0.020  204
   161.22    34.33   200.02    -0.01     0.00     0.00   0.021  205
   160.24    34.33   199.00    -0.01     0.00     0.00   0.020  206
   159.27    35.31   200.02    -0.01     0.00     0.00   0.021  207
   158.29    35.31   202.05    -0.01     0.00     0.00   0.020  208
   159.27    35.31   199.00    -0.01     0.00    -0.00   0.021  209
   158.29    34.33   199.00    -0.01     0.00    -0.00   0.020  210
   159.27    34.33   200.02    -0.01     0.00     0.00   0.021  211
   160.24    34.33   199.00    -0.01     0.00     0.00   0.020  212
   160.24    34.33   200.02    -0.01     0.00     0.00   0.021  213
   160.24    33.35   200.02    -0.01     0.00    -0.00   0.020  214
   158.29    35.31   200.02    -0.01     0.00     0.00   0.021  215
   159.27    34.33   200.02    -0.01     0.00     0.00   0.020  216
   159.27    35.31   200.02    -0.01     0.00     0.00   0.021  217
   159.27    33.35   197.98    -0.01     0.00    -0.00   0.020  218
   160.24    34.33   200.02    -0.01     0.00     0.00   0.021  219
   159.27    34.33   200.02    -0.01     0.00    -0.00   0.020  220
   160.24    35.31   200.02    -0.01     0.00     0.00   0.021  221
   160.24    34.33   200.02    -0.01     0.00    -0.00   0.020  222
   160.24    34.33   200.02    -0.01     0.00     0.00   0.021  223
   158.29    35.31   200.02    -0.01     0.00     0.00   0.020  224
   159.27    35.31   199.00    -0.01     0.00     0.00   0.021  225
   158.29    35.31   200.02    -0.01     0.00     0.00   0.020  226
   159.27    35.31   199.00    -0.01     0.00     0.00   0.021  227
   160.24    34.33   197.98    -0.01     0.00     0.00   0.020  228
   159.27    34.33   199.00    -0.01     0.00     0.00   0.020  229
   159.27    34.33   197.98    -0.01     0.00     0.00   0.021  230
   160.24    33.35   199.00    -0.01     0.00     0.00   0.020  231
   160.24    34.33   197.98    -0.01     0.00     0.00   0.021  232
   159.27    35.31   200.02    -0.01     0.00     0.00   0.020  233
   160.24    34.33   200.02    -0.01     0.00     0.00   0.021  234
   160.24    34.33   200.02    -0.01     0.00     0.00   0.020  235
   159.27    34.33   199.00    -0.01     0.00     0.00   0.021  236
   159.27    34.33   199.00    -0.01     0.00    -0.00   0.020  237
   159.27    34.33   200.02    -0.01     0.00     0.00   0.021  238
   159.27    34.33   200.02    -0.01     0.00    -0.00   0.020  239
   158.29    34.33   199.00    -0.01     0.00    -0.00   0.021  240
   160.24    34.33   200.02    -0.01     0.00     0.00   0.020  241
   159.27    34.33   200.02    -0.01     0.00     0.00   0.021  242
   159.27    33.35   199.00    -0.01     0.00     0.00   0.020  243
   159.27    33.35   197.98    -0.01     0.00     0.00   0.021  244
   160.24    33.35   200.02    -0.01     0.00     0.00   0.020  245
   161.22    34.33   199.00    -0.01     0.00    -0.00   0.021  246
   160.24    35.31   200.02    -0.01     0.00    -0.00   0.020  247
   159.27    35.31   197.98    -0.01     0.00    -0.00   0.021  248
   159.27    34.33   199.00    -0.01     0.00     0.00   0.020  249
   159.27    34.33   200.02    -0.01     0.00    -0.00   0.021  250
   159.27    35.31   200.02    -0.01     0.00    -0.00   0.020  251
   160.24    33.35   199.00    -0.01     0.00    -0.00   0.021  252
   159.27    34.33   200.02    -0.01     0.00     0.00   0.020  253
   159.27    34.33   199.00    -0.01     0.00     0.00   0.020  254
   159.27    33.35   199.00    -0.01     0.00     0.00   0.021  255
   159.27    33.35   197.98    -0.01     0.00    -0.00   0.020    0
   159.27    34.33   199.00    -0.01     0.00     0.00   0.021    1
   159.27    34.33   199.00    -0.01     0.00    -0.00   0.020    2
   160.24    33.35   197.98    -0.01     0.00     0.00   0.021    3
   160.24    35.31   200.02    -0.01     0.00     0.00   0.020    4
   159.27    34.33   199.00    -0.01     0.00     0.00   0.021    5
   159.27    35.31   200.02    -0.01     0.00     0.00   0.020    6
   159.27    34.33   199.00    -0.01     0.00    -0.00   0.021    7
   159.27    35.31   201.03    -0.01     0.00     0.00   0.020    8
   159.27    34.33   199.00    -0.01     0.00     0.00   0.021    9
   159.27    35.31   200.02    -0.01     0.00     0.00   0.020   10
   159.27    34.33   199.00    -0.01     0.00     0.00   0.021   11
   158.29    34.33   199.00    -0.01     0.00     0.00   0.020   12
