   178.81    48.06   176.60     0.01     0.00    -0.01   0.021    0
   177.83    49.04   177.62     0.01     0.00    -0.00   0.020    1
   178.81    48.06   176.60     0.01     0.00    -0.01   0.021    2
   178.81    48.06   175.59     0.01     0.00    -0.00   0.020    3
   179.79    49.04   176.60     0.01     0.00    -0.00   0.021    4
   178.81    48.06   177.62     0.01     0.00    -0.01   0.020    5
   179.79    48.06   176.60     0.01     0.00    -0.01   0.021    6
   178.81    49.04   176.60     0.01     0.00    -0.01   0.020    7
   179.79    48.06   176.60     0.01     0.00    -0.01   0.021    8
   179.79    49.04   177.62     0.01     0.00    -0.00   0.020    9
   178.81    49.04   176.60     0.01     0.00    -0.00   0.021   10
   179.79    47.08   176.60     0.01     0.00    -0.00   0.020   11
   179.79    48.06   175.59     0.01     0.00    -0.00   0.021   12
   178.81    49.04   175.59     0.01     0.00    -0.00   0.020   13
   178.81    47.08   176.60     0.01     0.00    -0.00   0.021   14
   179.79    47.08   176.60     0.01     0.00    -0.00   0.020   15
   179.79    48.06   176.60     0.01     0.00    -0.00   0.020   16
   179.79    47.08   176.60     0.01     0.00    -0.00   0.021   17
   179.79    47.08   175.59     0.01     0.00    -0.00   0.020   18
   180.76    47.08   175.59     0.01     0.00    -0.00   0.021   19
   179.79    48.06   177.62     0.01     0.00    -0.01   0.020   20
   179.79    49.04   176.60     0.01     0.00    -0.01   0.021   21
   178.81    49.04   176.60     0.02     0.00    -0.01   0.020   22
   180.76    47.08   176.60     0.01     0.00    -0.01   0.021   23
   178.81    49.04   176.60     0.01     0.00    -0.00   0.020   24
   179.79    48.06   176.60     0.01     0.00    -0.00   0.021   25
   177.83    48.06   176.60     0.01     0.00    -0.00   0.020   26
   178.81    48.06   177.62     0.01     0.00    -0.00   0.021   27
   178.81    48.06   176.60     0.01     0.00    -0.00   0.020   28
   179.79    48.06   177.62     0.01     0.00    -0.01   0.021   29
   178.81    48.06   176.60     0.01     0.00    -0.01   0.020   30
   178.81    47.08   175.59     0.01     0.00    -0.01   0.021   31
   178.81    48.06   175.59     0.01     0.00    -0.01   0.020   32
   178.81    49.04   176.60     0.01     0.00    -0.01   0.021   33
   178.81    48.06   176.60     0.01     0.00    -0.00   0.020   34
   179.79    48.06   178.64     0.01     0.00    -0.00   0.021   35
   179.79    48.06   176.60     0.01     0.00    -0.01   0.020   36
   178.81    49.04   174.57     0.01     0.00    -0.00   0.021   37
   178.81    48.06   176.60     0.01     0.00    -0.01   0.020   38
   178.81    48.06   176.60     0.01     0.00    -0.00   0.021   39
   178.81    47.08   176.60     0.01     0.00    -0.00   0.020   40
   180.76    48.06   177.62     0.01     0.00    -0.00   0.020   41
   179.79    47.08   176.60     0.01     0.00    -0.00   0.021   42
   179.79    47.08   176.60     0.01     0.00    -0.00   0.020   43
   179.79    49.04   177.62     0.01     0.00    -0.00   0.021   44
   178.81    49.04   176.60     0.01     0.00    -0.00   0.020   45
   178.81    48.06   176.60     0.01     0.00    -0.00   0.021   46
   179.79    48.06   176.60     0.01     0.00    -0.00   0.020   47
   178.81    49.04   176.60     0.01     0.00    -0.00   0.021   48
   178.81    48.06   176.60     0.01     0.00    -0.00   0.020   49
   179.79    49.04   176.60     0.01     0.00    -0.00   0.021   50
   179.79    48.06   176.60     0.01     0.00    -0.00   0.020   51
   179.79    48.06   177.62     0.01     0.00    -0.00   0.021   52
   178.81    48.06   176.60     0.01     0.00    -0.00   0.020   53
   178.81    48.06   177.62     0.01     0.00    -0.00   0.021   54
   179.79    48.06   176.60     0.01     0.00    -0.00   0.020   55
   179.79    48.06   176.60     0.01     0.00    -0.00   0.021   56
   179.79    47.08   176.60     0.01     0.00    -0.00   0.020   57
   178.81    49.04   175.59     0.01     0.00    -0.00   0.021   58
   179.79    48.06   175.59     0.01     0.00    -0.00   0.020   59
   178.81    48.06   175.59     0.01     0.00    -0.01   0.021   60
   178.81    47.08   176.60     0.01     0.00    -0.00   0.020   61
   178.81    48.06   175.59     0.01     0.00    -0.01   0.021   62
   178.81    47.08   176.60     0.01     0.00    -0.00   0.020   63
   178.81    48.06   176.60     0.01     0.00    -0.00   0.021   64
   179.79    48.06   176.60     0.01     0.00    -0.00   0.020   65
   178.81    48.06   176.60     0.01     0.00    -0.00   0.020   66
   178.81    49.04   176.60     0.01     0.00    -0.00   0.021   67
   179.79    48.06   176.60     0.01     0.00    -0.00   0.020   68
   178.81    49.04   177.62     0.01     0.00    -0.00   0.021   69
   179.79    49.04   176.60     0.01     0.00    -0.01   0.020   70
   178.81    48.06   176.60     0.01     0.00    -0.00   0.021   71
   177.83    49.04   177.62     0.01     0.00    -0.00   0.020   72
   178.81    48.06   175.59     0.01     0.00    -0.00   0.021   73
   178.81    49.04   175.59     0.01     0.00    -0.00   0.020   74
   179.79    49.04   178.64     0.01     0.00    -0.00   0.021   75
   179.79    48.06   178.64     0.01     0.00    -0.00   0.020   76
   178.81    48.06   176.60     0.01     0.00    -0.00   0.021   77
   178.81    49.04   176.60     0.01     0.00    -0.00   0.020   78
   178.81    49.04   175.59     0.01     0.00    -0.00   0.021   79
   179.79    48.06   176.60     0.01     0.00    -0.00   0.020   80
   178.81    48.06   176.60     0.01     0.00    -0.00   0.021   81
   179.79    48.06   176.60     0.01     0.00    -0.00   0.020   82
   178.81    49.04   176.60     0.01     0.00    -0.00   0.021   83
   177.83    48.06   176.60     0.01     0.00    -0.00   0.020   84
   177.83    49.04   176.60     0.01     0.00    -0.00   0.021   85
   179.79    48.06   176.60     0.01     0.00    -0.00   0.020   86
   178.81    48.06   174.57     0.01     0.00    -0.00   0.021   87
   178.81    48.06   175.59     0.01     0.00    -0.00   0.020   88
   178.81    48.06   176.60     0.01     0.00    -0.00   0.021   89
   178.81    48.06   176.60     0.01     0.00    -0.00   0.020   90
   179.79    48.06   176.60     0.01     0.00    -0.00   0.020   91
   179.79    48.06   175.59     0.01     0.00    -0.00   0.021   92
   179.79    48.06   175.59     0.01     0.00    -0.00   0.020   93
   178.81    47.08   177.62     0.01     0.00    -0.00   0.021   94
   179.79    48.06   176.60     0.01     0.00    -0.00   0.020   95
   178.81    48.06   175.59     0.01     0.00    -0.01   0.021   96
   179.79    48.06   176.60     0.01     0.00    -0.00   0.020   97
   179.79    48.06   176.60     0.01     0.00    -0.01   0.021   98
   178.81    48.06   175.59     0.01     0.01    -0.00   0.020   99
   178.81    48.06   174.57     0.01     0.00    -0.00   0.021  100
   178.81    48.06   175.59     0.01     0.00    -0.00   0.020  101
   179.79    47.08   176.60     0.01     0.00    -0.00   0.021  102
   180.76    47.08   176.60     0.01     0.00    -0.00   0.020  103
   179.79    47.08   176.60     0.01     0.00    -0.00   0.021  104
   178.81    48.06   176.60     0.01     0.00    -0.00   0.020  105
   178.81    49.04   177.62     0.01     0.00    -0.00   0.021  106
   179.79    48.06   177.62     0.01     0.00    -0.00   0.020  107
   178.81    48.06   175.59     0.01     0.00    -0.00   0.021  108
   177.83    49.04   175.59     0.01     0.00    -0.01   0.020  109
   177.83    49.04   176.60     0.01     0.00    -0.00   0.021  110
   179.79    48.06   174.57     0.01     0.00    -0.00   0.020  111
   178.81    47.08   176.60     0.01     0.00    -0.00   0.021  112
   179.79    47.08   175.59     0.01     0.00    -0.00   0.020  113
   180.76    48.06   177.62     0.01     0.00    -0.00   0.021  114
   178.81    48.06   177.62     0.01     0.00    -0.00   0.020  115
   178.81    48.06   176.60     0.01     0.00    -0.00   0.020  116
   179.79    48.06   176.60     0.01     0.00    -0.00   0.021  117
   180.76    48.06   175.59     0.01     0.00    -0.00   0.020  118
   178.81    49.04   174.57     0.01     0.00    -0.00   0.021  119
   177.83    48.06   175.59     0.01     0.00    -0.00   0.020  120
   179.79    48.06   177.62     0.01     0.00    -0.00   0.021  121
   179.79    48.06   177.62     0.01     0.00    -0.00   0.020  122
   178.81    48.06   176.60     0.01     0.00    -0.00   0.021  123
   178.81    49.04   175.59     0.01     0.00    -0.00   0.020  124
   178.81    48.06   175.59     0.01     0.00    -0.01   0.021  125
   180.76    48.06   175.59     0.01     0.00    -0.00   0.020  126
   178.81    49.04   175.59     0.01     0.00    -0.00   0.021  127
   179.79    48.06   176.60     0.01     0.00    -0.01   0.020  128
   180.76    48.06   175.59     0.01     0.00    -0.01   0.021  129
   177.83    49.04   177.62     0.01     0.00    -0.00   0.020  130
   178.81    48.06   175.59     0.01     0.00    -0.00   0.021  131
   179.79    47.08   176.60     0.01     0.00    -0.00   0.020  132
   178.81    48.06   175.59     0.01     0.00    -0.01   0.021  133
   178.81    49.04   175.59     0.01     0.00    -0.00   0.020  134
   178.81    49.04   175.59     0.01     0.00    -0.01   0.021  135
   178.81    50.02   176.60     0.01     0.00    -0.00   0.020  136
   179.79    49.04   177.62     0.01     0.00    -0.00   0.021  137
   178.81    50.02   177.62     0.01     0.00    -0.00   0.020  138
   177.83    48.06   176.60     0.01     0.00    -0.00   0.021  139
   178.81    48.06   175.59     0.01     0.00    -0.01   0.020  140
   178.81    49.04   176.60     0.01     0.00    -0.00   0.020  141
   178.81    48.06   176.60     0.01     0.00    -0.00   0.021  142
   178.81    49.04   176.60     0.01     0.00    -0.01   0.020  143
   178.81    48.06   177.62     0.01     0.00    -0.01   0.021  144
   180.76    47.08   176.60     0.01     0.00    -0.00   0.020  145
   179.79    48.06   176.60     0.01     0.00    -0.00   0.021  146
   179.79    47.08   176.60     0.01     0.00    -0.00   0.020  147
   179.79    47.08   176.60     0.01     0.00    -0.00   0.021  148
   178.81    48.06   175.59     0.01     0.00    -0.00   0.020  149
   178.81    48.06   176.60     0.01     0.00    -0.00   0.021  150
   178.81    48.06   175.59     0.01     0.00    -0.00   0.020  151
   179.79    48.06   177.62     0.01     0.00    -0.00   0.021  152
   179.79    47.08   176.60     0.01     0.00    -0.00   0.020  153
   179.79    48.06   176.60     0.01     0.00    -0.00   0.021  154
   179.79    48.06   175.59     0.01     0.00    -0.00   0.020  155
   178.81    48.06   175.59     0.01     0.00    -0.00   0.021  156
   179.79    48.06   176.60     0.01     0.00    -0.00   0.020  157
   180.76    49.04   175.59     0.01     0.00    -0.00   0.021  158
   179.79    48.06   175.59     0.01     0.00    -0.00   0.020  159
   178.81    47.08   176.60     0.01     0.00    -0.01   0.021  160
   177.83    49.04   175.59     0.01     0.00    -0.00   0.020  161
   179.79    48.06   175.59     0.01     0.00    -0.00   0.021  162
   178.81    47.08   175.59     0.01     0.00    -0.00   0.020  163
   179.79    47.08   175.59     0.01     0.00    -0.00   0.021  164
   180.76    47.08   178.64     0.01     0.00    -0.00   0.020  165
   178.81    48.06   177.62     0.01     0.00    -0.01   0.020  166
   178.81    48.06   177.62     0.01     0.00    -0.00   0.021  167
   179.79    48.06   176.60     0.01     0.00    -0.00   0.020  168
   180.76    48.06   176.60     0.01     0.00    -0.00   0.021  169
   180.76    47.08   177.62     0.01     0.00    -0.00   0.020  170
   178.81    49.04   177.62     0.01     0.00    -0.00   0.021  171
   178.81    49.04   175.59     0.01     0.00    -0.00   0.020  172
   178.81    48.06   178.64     0.01     0.00    -0.00   0.021  173
   179.79    48.06   176.60     0.01     0.00    -0.01   0.020  174
   179.79    47.08   177.62     0.01     0.00    -0.01   0.021  175
   179.79    48.06   177.62     0.01     0.00    -0.00   0.020  176
   179.79    48.06   175.59     0.01     0.00    -0.01   0.021  177
   177.83    47.08   175.59     0.01     0.00    -0.01   0.020  178
   178.81    48.06   175.59     0.01     0.00    -0.00   0.021  179
   178.81    49.04   176.60     0.01     0.00    -0.00   0.020  180
   178.81    49.04   177.62     0.01     0.00    -0.00   0.021  181
   178.81    48.06   177.62     0.01     0.00    -0.00   0.020  182
   178.81    49.04   176.60     0.01     0.00    -0.00   0.021  183
   179.79    47.08   176.60     0.01     0.00    -0.00   0.020  184
   179.79    48.06   177.62     0.01     0.00    -0.00   0.021  185
   179.79    48.06   175.59     0.01     0.00    -0.01   0.020  186
   179.79    48.06   176.60     0.01     0.00    -0.00   0.021  187
   178.81    48.06   176.60     0.01     0.00    -0.00   0.020  188
   179.79    49.04   177.62     0.01     0.00    -0.00   0.021  189
   178.81    48.06   176.60     0.01     0.00    -0.00   0.020  190
   178.81    49.04   176.60     0.01     0.00    -0.00   0.020  191
   179.79    48.06   176.60     0.01     0.00    -0.00   0.021  192
   178.81    49.04   176.60     0.01     0.00    -0.00   0.020  193
   177.83    48.06   176.60     0.01     0.00    -0.00   0.021  194
   179.79    47.08   174.57     0.01     0.00    -0.00   0.020  195
   178.81    48.06   177.62     0.01     0.00    -0.00   0.021  196
   178.81    49.04   176.60     0.01     0.00    -0.00   0.020  197
   178.81    47.08   176.60     0.01     0.00    -0.00   0.021  198
   178.81    48.06   176.60     0.01     0.00    -0.00   0.020  199
   179.79    48.06   178.64     0.01     0.00    -0.00   0.021  200
   179.79    49.04   176.60     0.01     0.00    -0.00   0.020  201
   179.79    47.08   175.59     0.01     0.00    -0.00   0.021  202
   178.81    48.06   175.59     0.01     0.00    -0.01   0.020  203
   179.79    48.06   176.60     0.01     0.00    -0.00   0.021  204
   178.81    48.06   177.62     0.01     0.00    -0.01   0.020  205
   179.79    48.06   176.60     0.01     0.00    -0.00   0.021  206
   179.79    47.08   176.60     0.01     0.00    -0.00   0.020  207
   178.81    49.04   176.60     0.01     0.00    -0.00   0.021  208
   179.79    49.04   176.60     0.01     0.00    -0.00   0.020  209
   177.83    48.06   176.60     0.01     0.00    -0.01   0.021  210
   178.81    49.04   176.60     0.01     0.00    -0.01   0.020  211
   179.79    49.04   176.60     0.01     0.00    -0.00   0.021  212
   179.79    49.04   176.60     0.01     0.00    -0.00   0.020  213
   178.81    48.06   175.59     0.01     0.00    -0.00   0.021  214
   177.83    48.06   176.60     0.01     0.00    -0.00   0.020  215
   180.76    47.08   176.60     0.01     0.00    -0.00   0.020  216
   178.81    48.06   177.62     0.01     0.00    -0.00   0.021  217
   178.81    49.04   176.60     0.01     0.00    -0.00   0.020  218
   178.81    48.06   177.62     0.01     0.00    -0.00   0.021  219
   179.79    48.06   176.60     0.01     0.00    -0.01   0.020  220
   179.79    47.08   176.60     0.01     0.00    -0.00   0.021  221
   178.81    48.06   177.62     0.01     0.00    -0.00   0.020  222
   179.79    48.06   176.60     0.01     0.00    -0.00   0.021  223
   179.79    48.06   176.60     0.01     0.00    -0.00   0.020  224
   178.81    49.04   176.60     0.01     0.00    -0.00   0.021  225
   177.83    49.04   176.60     0.01     0.00    -0.00   0.020  226
   177.83    48.06   177.62     0.01     0.00    -0.00   0.021  227
   179.79    48.06   176.60     0.01     0.00    -0.00   0.020  228
   179.79    48.06   175.59     0.01     0.00    -0.00   0.021  229
   178.81    48.06   176.60     0.01     0.00    -0.01   0.020  230
   179.79    47.08   177.62     0.01     0.00    -0.01   0.021  231
   179.79    48.06   175.59     0.01     0.00    -0.00   0.020  232
   177.83    49.04   177.62     0.01     0.00    -0.00   0.021  233
   178.81    48.06   176.60     0.01     0.00    -0.00   0.020  234
   178.81    48.06   176.60     0.01     0.00    -0.00   0.021  235
   179.79    48.06   177.62     0.01     0.00    -0.00   0.020  236
   179.79    49.04   177.62     0.01     0.00    -0.01   0.021  237
   178.81    48.06   175.59     0.01     0.00    -0.00   0.020  238
   179.79    48.06   176.60     0.01     0.00    -0.00   0.021  239
   178.81    48.06   174.57     0.01     0.00    -0.00   0.020  240
   177.83    48.06   174.57     0.01     0.00    -0.00   0.020  241
   178.81    48.06   176.60     0.01     0.00    -0.00   0.021  242
   179.79    48.06   176.60     0.01     0.00    -0.00   0.020  243
   178.81    48.06   174.57     0.01     0.00    -0.00   0.021  244
   179.79    48.06   176.60     0.01     0.00    -0.00   0.020  245
   179.79    48.06   177.62     0.01     0.00    -0.00   0.021  246
   179.79    48.06   177.62     0.01     0.00    -0.00   0.020  247
   178.81    48.06   175.59     0.01     0.00    -0.00   0.021  248
   179.79    48.06   177.62     0.01     0.00    -0.00   0.020  249
   178.81    48.06   175.59     0.01     0.00    -0.00   0.021  250
   180.76    48.06   177.62     0.01     0.00    -0.01   0.020  251
   179.79    49.04   176.60     0.01     0.00    -0.01   0.021  252
   179.79    47.08   177.62     0.01     0.00    -0.00   0.020  253
   178.81    48.06   175.59     0.01     0.00    -0.00   0.021  254
   179.79    48.06   176.60     0.01     0.00    -0.00   0.020  255
   179.79    48.06   176.60     0.01     0.00    -0.01   0.021    0
   177.83    48.06   175.59     0.01     0.00    -0.00   0.020    1
   178.81    47.08   176.60     0.01     0.00    -0.00   0.021    2
   180.76    47.08   176.60     0.01     0.00    -0.00   0.020    3
   180.76    48.06   176.60     0.01     0.00    -0.00   0.021    4
   179.79    48.06   176.60     0.01     0.00    -0.00   0.020    5
   178.81    47.08   177.62     0.01     0.00    -0.01   0.021    6
   177.83    47.08   176.60     0.01     0.00    -0.00   0.020    7
   179.79    47.08   175.59     0.01     0.00    -0.01   0.021    8
   179.79    49.04   176.60     0.01     0.00    -0.00   0.020    9
   178.81    48.06   177.62     0.01     0.00    -0.00   0.020   10
   180.76    49.04   176.60     0.01     0.00    -0.00   0.021   11
   178.81    48.06   177.62     0.01     0.00    -0.00   0.020   12
   178.81    48.06   176.60     0.01     0.00    -0.00   0.021   13
   178.81    48.06   176.60     0.01     0.00    -0.00   0.020   14
   178.81    49.04   175.59     0.01     0.00    -0.00   0.021   15
   179.79    49.04   177.62     0.01     0.00    -0.00   0.020   16
   178.81    48.06   176.60     0.01     0.00    -0.01   0.021   17
   178.81    47.08   177.62     0.01     0.00    -0.01   0.020   18
   178.81    48.06   176.60     0.01     0.00    -0.00   0.021   19
   178.81    47.08   175.59     0.01     0.00    -0.01   0.020   20
   179.79    48.06   175.59     0.01     0.00    -0.00   0.021   21
   178.81    48.06   176.60     0.01     0.00    -0.00   0.020   22
   178.81    48.06   178.64     0.01     0.00    -0.00   0.021   23
   177.83    49.04   176.60     0.01     0.00    -0.00   0.020   24
   178.81    48.06   175.59     0.01     0.00    -0.00   0.021   25
   179.79    47.08   176.60     0.01     0.00    -0.01   0.020   26
   179.79    48.06   177.62     0.01     0.00    -0.00   0.021   27
   179.79    47.08   177.62     0.01     0.00    -0.00   0.020   28
   177.83    48.06   176.60     0.01     0.00    -0.00   0.021   29
   178.81    49.04   177.62     0.01     0.00    -0.00   0.020   30
   178.81    48.06   177.62     0.01     0.00    -0.00   0.021   31
   179.79    49.04   177.62     0.01     0.00    -0.00   0.020   32
   178.81    48.06   176.60     0.01     0.00    -0.00   0.021   33
   179.79    48.06   177.62     0.01     0.00    -0.00   0.020   34
   178.81    48.06   176.60     0.01     0.00    -0.00   0.020   35
   178.81    48.06   175.59     0.01     0.00    -0.00   0.021   36
   179.79    48.06   175.59     0.01     0.00    -0.00   0.020   37
   178.81    48.06   178.64     0.01     0.00    -0.01   0.021   38
   179.79    48.06   175.59     0.01     0.00    -0.00   0.020   39
   178.81    47.08   176.60     0.01     0.00    -0.00   0.021   40
   178.81    48.06   176.60     0.01     0.00    -0.00   0.020   41
   177.83    48.06   176.60     0.01     0.00    -0.00   0.021   42
   179.79    48.06   177.62     0.01     0.00    -0.00   0.020   43
   179.79    47.08   176.60     0.01     0.00    -0.00   0.021   44
   179.79    48.06   176.60     0.01     0.00    -0.00   0.020   45
   180.76    48.06   175.59     0.01     0.00    -0.00   0.021   46
   179.79    48.06   176.60     0.01     0.00    -0.00   0.020   47
   178.81    49.04   177.62     0.01     0.00    -0.00   0.021   48
   178.81    48.06   173.55     0.01     0.00    -0.01   0.020   49
   179.79    49.04   179.66     0.01     0.00    -0.00   0.021   50
   178.81    49.04   176.60     0.01     0.00    -0.01   0.020   51
   178.81    47.08   176.60     0.01     0.00    -0.00   0.021   52
   179.79    48.06   177.62     0.01     0.00    -0.00   0.020   53
   179.79    48.06   176.60     0.01     0.00    -0.00   0.021   54
   178.81    48.06   177.62     0.01     0.00    -0.01   0.020   55
   178.81    48.06   176.60     0.01     0.00    -0.00   0.021   56
   179.79    48.06   177.62     0.01     0.00    -0.00   0.020   57
   180.76    47.08   176.60     0.01     0.00    -0.00   0.021   58
   178.81    48.06   175.59     0.01     0.00    -0.01   0.020   59
   179.79    48.06   178.64     0.01     0.00    -0.00   0.020   60
   180.76    48.06   176.60     0.01     0.00    -0.01   0.021   61
   178.81    48.06   176.60     0.01     0.00    -0.00   0.020   62
   178.81    48.06   175.59     0.01     0.00    -0.00   0.021   63
   180.76    47.08   176.60     0.01     0.00    -0.00   0.020   64
   178.81    49.04   176.60     0.01     0.00    -0.00   0.021   65
   178.81    48.06   175.59     0.01     0.00    -0.00   0.020   66
   178.81    48.06   175.59     0.01     0.00    -0.00   0.021   67
   179.79    49.04   176.60     0.01     0.00    -0.00   0.020   68
   180.76    49.04   177.62     0.01     0.00    -0.00   0.021   69
   179.79    48.06   176.60     0.01     0.00    -0.00   0.020   70
   178.81    49.04   178.64     0.01     0.00    -0.00   0.021   71
   179.79    48.06   176.60     0.01     0.00    -0.00   0.020   72
   179.79    48.06   175.59     0.01     0.00    -0.01   0.021   73
   178.81    48.06   177.62     0.01     0.00    -0.00   0.020   74
   178.81    48.06   177.62     0.01     0.00    -0.00   0.021   75
   179.79    47.08   176.60     0.01     0.00    -0.00   0.020   76
   179.79    48.06   178.64     0.01     0.00    -0.00   0.021   77
   179.79    47.08   176.60     0.01     0.00    -0.01   0.020   78
   177.83    47.08   175.59     0.01     0.00    -0.01   0.021   79
   178.81    48.06   176.60     0.01     0.00    -0.00   0.020   80
   179.79    47.08   175.59     0.01     0.00    -0.01   0.021   81
   178.81    48.06   175.59     0.01     0.00    -0.00   0.020   82
   178.81    49.04   177.62     0.01     0.00    -0.00   0.021   83
   179.79    48.06   176.60     0.01     0.00    -0.00   0.020   84
   179.79    48.06   177.62     0.01     0.00    -0.00   0.020   85
   179.79    48.06   176.60     0.01     0.00    -0.00   0.021   86
   179.79    48.06   176.60     0.01     0.00    -0.01   0.020   87
   180.76    47.08   176.60     0.01     0.00    -0.01   0.021   88
   178.81    48.06   176.60     0.01     0.00    -0.00   0.020   89
   180.76    47.08   176.60     0.01     0.00    -0.00   0.021   90
   180.76    48.06   177.62     0.01     0.00    -0.01   0.020   91
   178.81    48.06   178.64     0.01     0.00    -0.00   0.021   92
   178.81    48.06   177.62     0.01     0.00    -0.00   0.020   93
   180.76    48.06   175.59     0.01     0.00    -0.00   0.021   94
   179.79    48.06   175.59     0.01     0.00    -0.00   0.020   95
   178.81    49.04   178.64     0.01     0.00    -0.01   0.021   96
   179.79    49.04   176.60     0.01     0.00    -0.00   0.020   97
   178.81    49.04   176.60     0.01     0.00    -0.00   0.021   98
   176.85    49.04   177.62     0.01     0.00    -0.00   0.020   99
   179.79    48.06   176.60     0.01     0.00    -0.00   0.021  100
   179.79    48.06   176.60     0.01     0.00    -0.00   0.020  101
   178.81    47.08   177.62     0.01     0.00    -0.00   0.021  102
   179.79    48.06   176.60     0.01     0.00    -0.00   0.020  103
   179.79    47.08   177.62     0.01     0.00    -0.00   0.021  104
   179.79    48.06   178.64     0.01     0.00    -0.01   0.020  105
   180.76    47.08   176.60     0.01     0.00    -0.00   0.021  106
   179.79    49.04   175.59     0.01     0.00    -0.00   0.020  107
   178.81    47.08   178.64     0.01     0.00    -0.00   0.021  108
   179.79    48.06   177.62     0.01     0.00    -0.00   0.020  109
   179.79    48.06   175.59     0.01     0.00    -0.00   0.020  110
   179.79    48.06   177.62     0.01     0.00    -0.00   0.021  111
   179.79    48.06   177.62     0.01     0.00    -0.00   0.020  112
   178.81    47.08   176.60     0.01     0.00    -0.01   0.021  113
   179.79    47.08   176.60     0.01     0.00    -0.00   0.020  114
   179.79    48.06   176.60     0.01     0.00    -0.00   0.021  115
   178.81    48.06   177.62     0.01     0.00    -0.00   0.020  116
   178.81    47.08   177.62     0.01     0.00    -0.00   0.021  117
   178.81    48.06   176.60     0.01     0.00    -0.00   0.020  118
   178.81    48.06   176.60     0.01     0.00    -0.00   0.021  119
   179.79    48.06   176.60     0.01     0.00    -0.00   0.020  120
   179.79    49.04   177.62     0.01     0.00    -0.00   0.021  121
   178.81    48.06   176.60     0.01     0.00    -0.00   0.020  122
   179.79    47.08   176.60     0.01     0.00    -0.00   0.021  123
   180.76    47.08   176.60     0.01     0.00    -0.00   0.020  124
   179.79    47.08   178.64     0.01     0.00    -0.00   0.021  125
   178.81    48.06   175.59     0.01     0.00    -0.00   0.020  126
   178.81    49.04   175.59     0.01     0.00    -0.00   0.021  127
   179.79    47.08   177.62     0.01     0.00    -0.00   0.020  128
   178.81    48.06   176.60     0.01     0.00    -0.00   0.021  129
   179.79    47.08   176.60     0.01     0.00    -0.00   0.020  130
   178.81    48.06   177.62     0.01     0.00    -0.00   0.021  131
   180.76    47.08   176.60     0.01     0.00    -0.01   0.020  132
   177.83    49.04   176.60     0.01     0.00    -0.01   0.021  133
   179.79    48.06   176.60     0.01     0.00    -0.00   0.020  134
   178.81    48.06   177.62     0.01     0.00    -0.01   0.020  135
   179.79    48.06   178.64     0.01     0.00    -0.00   0.021  136
   178.81    47.08   175.59     0.01     0.00    -0.00   0.020  137
   179.79    48.06   175.59     0.01     0.00    -0.00   0.021  138
   179.79    48.06   177.62     0.01     0.00    -0.01   0.020  139
   179.79    48.06   176.60     0.01     0.00    -0.01   0.021  140
   177.83    48.06   176.60     0.01     0.00    -0.01   0.020  141
   178.81    47.08   176.60     0.01     0.00    -0.00   0.021  142
   178.81    48.06   176.60     0.01     0.00    -0.00   0.020  143
   179.79    48.06   176.60     0.01     0.00    -0.00   0.021  144
   177.83    47.08   176.60     0.01     0.00    -0.00   0.020  145
   178.81    47.08   176.60     0.01     0.00    -0.00   0.021  146
   179.79    48.06   177.62     0.01     0.00    -0.01   0.020  147
   178.81    49.04   175.59     0.01     0.00    -0.00   0.021  148
   178.81    48.06   176.60     0.01     0.00    -0.00   0.020  149
   178.81    48.06   176.60     0.01     0.00    -0.01   0.021  150
   179.79    48.06   176.60     0.01     0.00    -0.01   0.020  151
   178.81    48.06   175.59     0.01     0.00    -0.00   0.021  152
   179.79    47.08   177.62     0.01     0.00    -0.00   0.020  153
   179.79    48.06   176.60     0.01     0.00    -0.01   0.021  154
   178.81    47.08   176.60     0.01     0.00    -0.00   0.020  155
   177.83    48.06   176.60     0.01     0.00    -0.00   0.021  156
   178.81    48.06   176.60     0.01     0.00    -0.00   0.020  157
   180.76    48.06   177.62     0.01     0.00    -0.01   0.021  158
   179.79    48.06   176.60     0.01     0.00    -0.00   0.020  159
   177.83    47.08   174.57     0.01     0.00    -0.00   0.020  160
   178.81    47.08   176.60     0.01     0.00    -0.00   0.021  161
   178.81    48.06   177.62     0.01     0.00    -0.01   0.020  162
   178.81    49.04   176.60     0.01     0.00    -0.01   0.021  163
   178.81    48.06   176.60     0.01     0.00    -0.01   0.020  164
   178.81    48.06   175.59     0.01     0.00    -0.00   0.021  165
   178.81    48.06   175.59     0.01     0.00    -0.01   0.020  166
   179.79    47.08   177.62     0.01     0.00    -0.01   0.021  167
   179.79    48.06   176.60     0.01     0.00    -0.00   0.020  168
   179.79    47.08   175.59     0.01     0.00    -0.00   0.021  169
   178.81    48.06   177.62     0.01     0.00    -0.01   0.020  170
   179.79    48.06   176.60     0.01     0.00    -0.00   0.021  171
   179.79    48.06   176.60     0.01     0.00    -0.01   0.020  172
   178.81    48.06   177.62     0.01     0.00    -0.00   0.021  173
   180.76    48.06   177.62     0.01     0.00    -0.00   0.020  174
   179.79    47.08   175.59     0.01     0.00    -0.00   0.021  175
   178.81    48.06   176.60     0.01     0.00    -0.00   0.020  176
   179.79    47.08   176.60     0.01     0.00    -0.00   0.021  177
   179.79    48.06   176.60     0.01     0.00    -0.00   0.020  178
   177.83    48.06   176.60     0.01     0.00    -0.00   0.021  179
   178.81    47.08   176.60     0.01     0.00    -0.00   0.020  180
   179.79    48.06   177.62     0.01     0.00    -0.00   0.021  181
   179.79    48.06   176.60     0.01     0.00    -0.00   0.020  182
   179.79    47.08   176.60     0.01     0.00    -0.00   0.021  183
   179.79    47.08   177.62     0.01     0.00    -0.00   0.020  184
   178.81    47.08   176.60     0.01     0.00    -0.00   0.020  185
   177.83    48.06   177.62     0.01     0.00    -0.01   0.021  186
   179.79    48.06   176.60     0.01     0.00    -0.00   0.020  187
   178.81    48.06   176.60     0.01     0.00    -0.00   0.021  188
   179.79    47.08   177.62     0.01     0.00    -0.00   0.020  189
   179.79    47.08   176.60     0.01     0.00    -0.00   0.021  190
   178.81    48.06   177.62     0.01     0.00    -0.00   0.020  191
   178.81    47.08   176.60     0.01     0.00    -0.01   0.021  192
   178.81    49.04   177.62     0.01     0.00    -0.01   0.020  193
   178.81    47.08   176.60     0.01     0.00    -0.01   0.021  194
   179.79    48.06   175.59     0.01     0.00    -0.01   0.020  195
   178.81    48.06   177.62     0.01     0.00    -0.00   0.021  196
   178.81    47.08   176.60     0.01     0.00    -0.00   0.020  197
   178.81    48.06   177.62     0.01     0.00    -0.00   0.021  198
   178.81    47.08   176.60     0.01     0.00    -0.00   0.020  199
   178.81    48.06   175.59     0.01     0.00    -0.00   0.021  200
   178.81    48.06   177.62     0.01     0.00    -0.00   0.020  201
   179.79    48.06   177.62     0.01     0.00    -0.00   0.021  202
   178.81    49.04   176.60     0.01     0.00    -0.00   0.020  203
   178.81    49.04   176.60     0.01     0.00    -0.00   0.021  204
   178.81    49.04   177.62     0.01     0.00    -0.00   0.020  205
   179.79    48.06   177.62     0.01     0.00    -0.00   0.021  206
   177.83    48.06   174.57     0.01     0.00    -0.00   0.020  207
   178.81    47.08   176.60     0.01     0.00    -0.01   0.021  208
   178.81    47.08   176.60     0.01     0.00    -0.00   0.020  209
   178.81    48.06   175.59     0.01     0.00    -0.00   0.020  210
   178.81    48.06   175.59     0.01     0.00    -0.00   0.021  211
   179.79    48.06   175.59     0.01     0.00    -0.00   0.020  212
   178.81    48.06   176.60     0.01     0.00    -0.00   0.021  213
   179.79    48.06   175.59     0.01     0.00    -0.00   0.020  214
   178.81    48.06   176.60     0.01     0.00    -0.00   0.021  215
   179.79    47.08   176.60     0.01     0.00    -0.00   0.020  216
   178.81    49.04   176.60     0.01     0.00    -0.00   0.021  217
   178.81    47.08   176.60     0.01     0.00    -0.00   0.020  218
   178.81    48.06   176.60     0.01     0.00    -0.00   0.021  219
   178.81    48.06   177.62     0.01     0.00    -0.00   0.020  220
   178.81    47.08   178.64     0.01     0.00    -0.00   0.021  221
   179.79    47.08   176.60     0.01     0.00    -0.00   0.020  222
   178.81    47.08   177.62     0.01     0.00    -0.00   0.021  223
   179.79    48.06   176.60     0.01     0.00    -0.00   0.020  224
   179.79    47.08   177.62     0.01     0.00    -0.00   0.021  225
   178.81    46.10   176.60     0.01     0.00    -0.00   0.020  226
   178.81    47.08   175.59     0.01     0.00    -0.00   0.021  227
   179.79    48.06   177.62     0.01     0.00    -0.00   0.020  228
   178.81    49.04   178.64     0.01     0.00    -0.00   0.021  229
   179.79    48.06   176.60     0.01     0.00    -0.01   0.020  230
   177.83    47.08   177.62     0.01     0.00    -0.00   0.021  231
   178.81    48.06   176.60     0.01     0.00    -0.00   0.020  232
   178.81    48.06   176.60     0.01     0.00    -0.00   0.021  233
   180.76    47.08   176.60     0.01     0.00    -0.00   0.020  234
   179.79    47.08   177.62     0.01     0.00    -0.00   0.020  235
   179.79    48.06   176.60     0.01     0.00    -0.00   0.021  236
   179.79    48.06   177.62     0.01     0.00    -0.00   0.020  237
   179.79    48.06   177.62     0.01     0.00    -0.00   0.021  238
   178.81    48.06   175.59     0.01     0.00    -0.00   0.020  239
   179.79    47.08   175.59     0.01     0.00    -0.00   0.021  240
   178.81    47.08   177.62     0.01     0.00    -0.00   0.020  241
   178.81    47.08   175.59     0.01     0.00    -0.00   0.021  242
   180.76    48.06   175.59     0.01     0.00    -0.00   0.020  243
   178.81    49.04   177.62     0.01     0.00    -0.01   0.021  244
   178.81    47.08   175.59     0.01     0.00    -0.01   0.020  245
   178.81    47.08   176.60     0.01     0.00    -0.00   0.021  246
   178.81    48.06   176.60     0.01     0.00    -0.00   0.020  247
   178.81    47.08   177.62     0.01     0.00    -0.00   0.021  248
   179.79    48.06   177.62     0.01     0.00    -0.01   0.020  249
   178.81    47.08   177.62     0.01     0.00    -0.01   0.021  250
   180.76    47.08   177.62     0.01     0.00    -0.01   0.020  251
   179.79    47.08   175.59     0.02     0.00    -0.01   0.021  252
   177.83    47.08   177.62     0.01     0.00    -0.00   0.020  253
   178.81    47.08   176.60     0.01     0.00    -0.01   0.021  254
   178.81    49.04   176.60     0.02     0.00    -0.00   0.020  255
   179.79    48.06   177.62     0.01     0.00    -0.00   0.021    0
   178.81    49.04   176.60     0.01     0.00    -0.00   0.020    1
   178.81    48.06   175.59     0.01     0.00    -0.00   0.021    2
   178.81    49.04   176.60     0.01     0.00    -0.00   0.020    3
   178.81    47.08   177.62     0.01     0.00    -0.00   0.020    4
   178.81    49.04   176.60     0.01     0.00    -0.00   0.021    5
   177.83    48.06   176.60     0.01     0.00    -0.00   0.020    6
   178.81    48.06   176.60     0.01     0.00    -0.00   0.021    7
   178.81    48.06   177.62     0.01     0.00    -0.00   0.020    8
   178.81    47.08   176.60     0.01     0.00    -0.00   0.021    9
   179.79    47.08   176.60     0.01     0.00    -0.00   0.020   10
   177.83    49.04   177.62     0.01     0.00    -0.00   0.021   11
   179.79    49.04   176.60     0.01     0.00    -0.00   0.020   12
   178.81    46.10   176.60     0.01     0.00    -0.00   0.021   13
   178.81    48.06   176.60     0.01     0.00    -0.00   0.020   14
   179.79    49.04   176.60     0.01     0.00    -0.00   0.021   15
   179.79    48.06   177.62     0.01     0.00    -0.00   0.020   16
   177.83    47.08   175.59     0.01     0.00    -0.00   0.021   17
   178.81    47.08   175.59     0.01     0.00    -0.00   0.020   18
   178.81    48.06   175.59     0.01     0.00    -0.00   0.021   19
   179.79    48.06   176.60     0.01     0.00    -0.01   0.020   20
   179.79    48.06   175.59     0.01     0.00    -0.00   0.021   21
   177.83    48.06   177.62     0.01     0.00    -0.00   0.020   22
   177.83    47.08   175.59     0.01     0.00    -0.00   0.021   23
   178.81    47.08   176.60     0.01     0.00    -0.00   0.020   24
   178.81    48.06   176.60     0.01     0.00    -0.00   0.021   25
   180.76    48.06   176.60     0.01     0.00    -0.00   0.020   26
   178.81    48.06   176.60     0.01     0.00    -0.00   0.021   27
   177.83    48.06   175.59     0.01     0.00    -0.00   0.020   28
   179.79    48.06   177.62     0.01     0.00    -0.00   0.020   29
   179.79    47.08   176.60     0.01     0.00    -0.01   0.021   30
   178.81    48.06   176.60     0.01     0.00    -0.01   0.020   31
   179.79    48.06   177.62     0.01     0.00    -0.01   0.021   32
   179.79    48.06   176.60     0.01     0.00    -0.00   0.020   33
   177.83    48.06   176.60     0.01     0.00    -0.01   0.021   34
   177.83    48.06   176.60     0.01     0.00    -0.01   0.020   35
   179.79    47.08   176.60     0.01     0.00    -0.00   0.021   36
   178.81    49.04   176.60     0.01     0.00    -0.00   0.020   37
   178.81    47.08   176.60     0.01     0.00    -0.00   0.021   38
   178.81    47.08   175.59     0.01     0.00    -0.00   0.020   39
   179.79    47.08   176.60     0.01     0.00    -0.00   0.021   40
   178.81    48.06   175.59     0.01     0.00    -0.01   0.020   41
   178.81    48.06   176.60     0.01     0.00    -0.00   0.021   42
   179.79    48.06   177.62     0.01     0.00    -0.00   0.020   43
   178.81    48.06   175.59     0.01     0.00    -0.00   0.021   44
   178.81    47.08   176.60     0.01     0.00    -0.00   0.020   45
   178.81    48.06   175.59     0.01     0.00    -0.00   0.021   46
   178.81    48.06   176.60     0.01     0.00    -0.00   0.020   47
   179.79    47.08   177.62     0.01     0.00    -0.01   0.021   48
   178.81    47.08   175.59     0.01     0.00    -0.01   0.020   49
   178.81    48.06   177.62     0.01     0.00    -0.01   0.021   50
   177.83    48.06   178.64     0.01     0.00    -0.01   0.020   51
   178.81    47.08   176.60     0.01     0.00    -0.00   0.021   52
   179.79    47.08   174.57     0.01     0.00    -0.00   0.020   53
   178.81    48.06   177.62     0.01     0.00    -0.00   0.020   54
   179.79    47.08   176.60     0.01     0.00    -0.00   0.021   55
   177.83    48.06   175.59     0.01     0.00    -0.00   0.020   56
   179.79    47.08   175.59     0.01     0.00    -0.00   0.021   57
   178.81    47.08   177.62     0.01     0.00    -0.00   0.020   58
   179.79    47.08   176.60     0.01     0.00    -0.00   0.021   59
   179.79    47.08   175.59     0.01     0.00    -0.01   0.020   60
   179.79    47.08   176.60     0.01     0.00    -0.00   0.021   61
   178.81    47.08   176.60     0.01     0.00    -0.00   0.020   62
   179.79    47.08   176.60     0.01     0.00    -0.00   0.021   63
   179.79    48.06   177.62     0.01     0.00    -0.00   0.020   64
