   166.11    45.12   190.85    -0.00     0.00    -0.00   0.021    0
   167.08    44.14   192.89    -0.00     0.00     0.00   0.020    1
   166.11    44.14   190.85    -0.00     0.00     0.00   0.021    2
   166.11    46.10   191.87    -0.00     0.00     0.00   0.020    3
   167.08    45.12   192.89    -0.00     0.00     0.00   0.021    4
   166.11    44.14   189.84    -0.00     0.00     0.00   0.020    5
   166.11    44.14   190.85    -0.00     0.00    -0.00   0.021    6
   166.11    44.14   190.85    -0.00     0.00    -0.00   0.020    7
   165.13    45.12   191.87    -0.00     0.00    -0.00   0.021    8
   166.11    45.12   192.89    -0.00     0.00    -0.00   0.020    9
   167.08    45.12   191.87    -0.00     0.00    -0.00   0.021   10
   166.11    44.14   191.87    -0.00    -0.00    -0.00   0.020   11
   165.13    45.12   190.85    -0.00     0.00    -0.00   0.021   12
   165.13    45.12   191.87    -0.00     0.00     0.00   0.020   13
   167.08    44.14   190.85    -0.00     0.00    -0.00   0.021   14
   165.13    45.12   191.87    -0.00     0.00    -0.00   0.020   15
   166.11    45.12   191.87    -0.00     0.00     0.00   0.020   16
   167.08    46.10   191.87    -0.00     0.00     0.00   0.021   17
   166.11    44.14   190.85    -0.00     0.00    -0.00   0.020   18
   165.13    44.14   191.87    -0.00     0.00    -0.00   0.021   19
   166.11    45.12   191.87    -0.00     0.00    -0.00   0.020   20
   167.08    44.14   191.87    -0.00     0.00    -0.00   0.021   21
   166.11    44.14   190.85    -0.00     0.00    -0.00   0.020   22
   167.08    45.12   191.87    -0.00     0.00    -0.00   0.021   23
   167.08    44.14   191.87    -0.00     0.00     0.00   0.020   24
   166.11    45.12   190.85    -0.00     0.00    -0.00   0.021   25
   165.13    45.12   191.87    -0.00     0.00     0.00   0.020   26
   165.13    45.12   191.87    -0.00     0.00     0.00   0.021   27
   167.08    44.14   191.87    -0.00     0.00     0.00   0.020   28
   167.08    44.14   192.89    -0.00     0.00     0.00   0.021   29
   166.11    43.16   191.87    -0.00     0.00     0.00   0.020   30
   166.11    44.14   191.87    -0.00     0.00     0.00   0.021   31
   168.06    44.14   192.89    -0.00     0.00     0.00   0.020   32
   166.11    45.12   191.87    -0.00     0.00     0.00   0.021   33
   166.11    44.14   190.85    -0.00     0.00    -0.00   0.020   34
   166.11    45.12   190.85    -0.00     0.00    -0.00   0.021   35
   166.11    45.12   192.89    -0.00     0.00    -0.00   0.020   36
   165.13    45.12   191.87    -0.00     0.00    -0.00   0.021   37
   165.13    45.12   190.85    -0.00     0.00    -0.00   0.020   38
   166.11    45.12   191.87    -0.00     0.00    -0.00   0.021   39
   167.08    45.12   191.87    -0.00     0.00     0.00   0.020   40
   166.11    44.14   190.85    -0.00     0.00     0.00   0.020   41
   166.11    44.14   191.87    -0.00     0.00     0.00   0.021   42
   167.08    44.14   190.85    -0.00     0.00     0.00   0.020   43
   166.11    44.14   190.85    -0.00     0.00     0.00   0.021   44
   166.11    44.14   191.87    -0.00     0.00     0.00   0.020   45
   166.11    45.12   191.87    -0.00     0.00    -0.00   0.021   46
   167.08    44.14   190.85    -0.00     0.00     0.00   0.020   47
   167.08    45.12   191.87    -0.00     0.00    -0.00   0.021   48
   167.08    45.12   190.85    -0.00     0.00    -0.00   0.020   49
   165.13    45.12   190.85    -0.00     0.00    -0.00   0.021   50
   165.13    44.14   190.85    -0.00     0.00     0.00   0.020   51
   167.08    44.14   192.89    -0.00     0.00    -0.00   0.021   52
   166.11    44.14   189.84    -0.00     0.00     0.00   0.020   53
   166.11    44.14   191.87    -0.00     0.00     0.00   0.021   54
   166.11    45.12   192.89    -0.00     0.00     0.00   0.020   55
   167.08    43.16   191.87    -0.00     0.00     0.00   0.021   56
   165.13    44.14   190.85     0.00     0.00     0.00   0.020   57
   166.11    44.14   191.87    -0.00     0.00    -0.00   0.021   58
   167.08    44.14   190.85    -0.00     0.00    -0.00   0.020   59
   166.11    45.12   190.85    -0.00     0.00    -0.00   0.021   60
   166.11    44.14   189.84    -0.00     0.00    -0.00   0.020   61
   167.08    44.14   190.85    -0.00     0.00     0.00   0.021   62
   166.11    44.14   191.87    -0.00     0.00    -0.00   0.020   63
   166.11    45.12   193.91    -0.00     0.00     0.00   0.021   64
   167.08    45.12   191.87    -0.00     0.00     0.00   0.020   65
   166.11    44.14   191.87    -0.00     0.00     0.00   0.020   66
   166.11    44.14   192.89    -0.00     0.00    -0.00   0.021   67
   167.08    44.14   192.89    -0.00     0.00     0.00   0.020   68
   166.11    44.14   190.85    -0.00     0.00    -0.00   0.021   69
   166.11    45.12   191.87    -0.00     0.00     0.00   0.020   70
   166.11    45.12   192.89    -0.00     0.00     0.00   0.021   71
   165.13    44.14   191.87    -0.00     0.00    -0.00   0.020   72
   166.11    43.16   191.87    -0.00     0.00    -0.00   0.021   73
   166.11    46.10   191.87    -0.00     0.00    -0.00   0.020   74
   165.13    46.10   192.89    -0.00     0.00    -0.00   0.021   75
   166.11    44.14   190.85    -0.00     0.00     0.00   0.020   76
   166.11    45.12   191.87    -0.00     0.00     0.00   0.021   77
   166.11    44.14   190.85    -0.00     0.00    -0.00   0.020   78
   167.08    45.12   191.87    -0.00     0.00     0.00   0.021   79
   166.11    45.12   192.89    -0.00     0.00    -0.00   0.020   80
   167.08    42.18   191.87    -0.00     0.00     0.00   0.021   81
   165.13    44.14   191.87    -0.00     0.00    -0.00   0.020   82
   168.06    44.14   191.87    -0.00     0.00    -0.00   0.021   83
   167.08    45.12   191.87    -0.00     0.00    -0.00   0.020   84
   166.11    45.12   191.87    -0.00     0.00    -0.00   0.021   85
   167.08    45.12   191.87    -0.00     0.00    -0.00   0.020   86
   166.11    45.12   192.89    -0.00     0.00    -0.00   0.021   87
   166.11    44.14   190.85    -0.00     0.00    -0.00   0.020   88
   167.08    44.14   190.85    -0.00     0.00    -0.00   0.021   89
   166.11    45.12   192.89    -0.00     0.00     0.00   0.020   90
   166.11    45.12   190.85    -0.00     0.00     0.00   0.020   91
   167.08    43.16   191.87    -0.00     0.00     0.00   0.021   92
   167.08    45.12   191.87    -0.00     0.00     0.00   0.020   93
   166.11    43.16   190.85    -0.00    -0.00    -0.00   0.021   94
   166.11    44.14   190.85    -0.00     0.00     0.00   0.020   95
   167.08    44.14   192.89    -0.00     0.00    -0.00   0.021   96
   166.11    44.14   189.84    -0.00     0.00    -0.00   0.020   97
   166.11    45.12   190.85    -0.00     0.00    -0.00   0.021   98
   167.08    44.14   192.89    -0.00     0.00     0.00   0.020   99
   167.08    45.12   191.87    -0.00     0.00    -0.00   0.021  100
   166.11    45.12   191.87    -0.00     0.00     0.00   0.020  101
   167.08    45.12   191.87    -0.00     0.00    -0.00   0.021  102
   166.11    45.12   192.89    -0.00     0.00    -0.00   0.020  103
   166.11    44.14   191.87    -0.00     0.00     0.00   0.021  104
   166.11    45.12   191.87    -0.00     0.00    -0.00   0.020  105
   167.08    45.12   191.87    -0.00     0.00     0.00   0.021  106
   166.11    45.12   189.84    -0.00     0.00     0.00   0.020  107
   166.11    45.12   192.89    -0.00     0.00     0.00   0.021  108
   166.11    44.14   190.85    -0.00     0.00     0.00   0.020  109
   167.08    43.16   190.85    -0.00     0.00    -0.00   0.021  110
   166.11    44.14   191.87    -0.00     0.00    -0.00   0.020  111
   167.08    45.12   191.87    -0.00     0.00    -0.00   0.021  112
   166.11    44.14   191.87    -0.00     0.00    -0.00   0.020  113
   167.08    44.14   189.84     0.00     0.00    -0.00   0.021  114
   166.11    45.12   190.85    -0.00     0.01    -0.00   0.020  115
   166.11    44.14   190.85     0.00     0.01     0.00   0.020  116
   166.11    45.12   191.87    -0.00     0.00    -0.00   0.021  117
   166.11    43.16   190.85    -0.00     0.00     0.00   0.020  118
   166.11    44.14   191.87    -0.00     0.00     0.00   0.021  119
   166.11    44.14   191.87    -0.00     0.00     0.00   0.020  120
   166.11    46.10   192.89    -0.00     0.00     0.00   0.021  121
   165.13    44.14   190.85    -0.00     0.00     0.00   0.020  122
   166.11    44.14   193.91    -0.00     0.00     0.00   0.021  123
   167.08    44.14   191.87    -0.00     0.00    -0.00   0.020  124
   164.15    44.14   190.85    -0.00     0.00    -0.00   0.021  125
   167.08    44.14   191.87    -0.00     0.00     0.00   0.020  126
   166.11    45.12   192.89    -0.00     0.00     0.00   0.021  127
   166.11    44.14   190.85    -0.00     0.00     0.00   0.020  128
   167.08    44.14   191.87    -0.00     0.00     0.00   0.021  129
   166.11    45.12   191.87    -0.00     0.00     0.00   0.020  130
   166.11    43.16   191.87    -0.00     0.00    -0.00   0.021  131
   166.11    44.14   192.89    -0.00     0.00    -0.00   0.020  132
   166.11    44.14   191.87    -0.00     0.00     0.00   0.021  133
   166.11    44.14   191.87    -0.00    -0.00    -0.00   0.020  134
   165.13    45.12   191.87    -0.00     0.00     0.00   0.021  135
   167.08    45.12   191.87    -0.00     0.00    -0.00   0.020  136
   166.11    44.14   191.87    -0.00     0.00     0.00   0.021  137
   166.11    44.14   191.87    -0.00     0.00     0.00   0.020  138
   168.06    44.14   192.89    -0.00     0.00     0.00   0.021  139
   167.08    44.14   191.87    -0.00     0.00     0.00   0.020  140
   165.13    44.14   190.85    -0.00     0.00     0.00   0.020  141
   166.11    44.14   192.89    -0.00     0.00     0.00   0.021  142
   166.11    44.14   191.87    -0.00     0.00     0.00   0.020  143
   166.11    44.14   191.87     0.00    -0.00    -0.00   0.021  144
   168.06    44.14   192.89     0.00    -0.00    -0.00   0.020  145
   167.08    45.12   191.87     0.00     0.00    -0.01   0.021  146
   166.11    44.14   190.85     0.00    -0.00    -0.00   0.020  147
   166.11    45.12   192.89     0.00     0.00    -0.00   0.021  148
   166.11    46.10   191.87     0.00    -0.00    -0.00   0.020  149
   166.11    44.14   190.85    -0.00    -0.00     0.00   0.021  150
   167.08    45.12   191.87    -0.00     0.00     0.00   0.020  151
   167.08    45.12   190.85    -0.00     0.00     0.00   0.021  152
   167.08    44.14   190.85    -0.00     0.00     0.00   0.020  153
   165.13    45.12   190.85    -0.00     0.00     0.00   0.021  154
   167.08    45.12   192.89    -0.00     0.00     0.00   0.020  155
   166.11    44.14   191.87    -0.00     0.00     0.00   0.021  156
   165.13    44.14   191.87    -0.00     0.00    -0.00   0.020  157
   167.08    45.12   191.87    -0.00     0.00     0.00   0.021  158
   167.08    45.12   191.87    -0.00     0.00     0.00   0.020  159
   166.11    44.14   190.85    -0.00     0.00    -0.00   0.021  160
   165.13    45.12   191.87    -0.00     0.00    -0.00   0.020  161
   167.08    45.12   191.87    -0.00     0.00    -0.00   0.021  162
   167.08    44.14   190.85    -0.00     0.00     0.00   0.020  163
   167.08    44.14   191.87    -0.00     0.00    -0.00   0.021  164
   167.08    44.14   191.87    -0.00     0.00     0.00   0.020  165
   166.11    44.14   192.89    -0.00     0.00     0.00   0.020  166
   167.08    43.16   191.87    -0.00     0.00     0.00   0.021  167
   167.08    44.14   192.89    -0.00     0.00     0.00   0.020  168
   165.13    43.16   191.87    -0.00     0.00     0.00   0.021  169
   166.11    44.14   192.89    -0.00     0.00    -0.00   0.020  170
   167.08    45.12   193.91    -0.00     0.00    -0.00   0.021  171
   166.11    45.12   192.89     0.00     0.00    -0.00   0.020  172
   166.11    43.16   191.87    -0.00     0.00    -0.00   0.021  173
   165.13    44.14   191.87     0.00     0.00    -0.00   0.020  174
   166.11    44.14   191.87    -0.00     0.00    -0.00   0.021  175
   167.08    45.12   191.87    -0.00     0.00     0.00   0.020  176
   167.08    44.14   191.87    -0.00     0.00     0.00   0.021  177
   168.06    44.14   191.87    -0.00     0.00     0.00   0.020  178
   166.11    44.14   191.87    -0.00     0.00     0.00   0.021  179
   166.11    44.14   191.87    -0.00     0.00     0.00   0.020  180
   166.11    45.12   192.89    -0.00     0.00     0.00   0.021  181
   166.11    44.14   190.85    -0.00     0.00    -0.00   0.020  182
   167.08    44.14   191.87    -0.00     0.00    -0.00   0.021  183
   167.08    44.14   192.89    -0.00     0.00    -0.00   0.020  184
   166.11    43.16   191.87    -0.00     0.00    -0.00   0.021  185
   166.11    45.12   192.89    -0.00     0.00    -0.00   0.020  186
   167.08    44.14   190.85    -0.00     0.00    -0.00   0.021  187
   166.11    44.14   191.87    -0.00     0.00     0.00   0.020  188
   166.11    43.16   191.87    -0.00     0.00     0.00   0.021  189
   166.11    46.10   192.89    -0.00     0.00     0.00   0.020  190
   168.06    44.14   193.91    -0.00     0.00    -0.00   0.020  191
   166.11    43.16   191.87    -0.00     0.00     0.00   0.021  192
   166.11    45.12   191.87    -0.00     0.00    -0.00   0.020  193
   167.08    44.14   192.89    -0.00     0.00    -0.00   0.021  194
   166.11    42.18   190.85    -0.00     0.00    -0.00   0.020  195
   166.11    45.12   192.89    -0.00     0.00    -0.00   0.021  196
   165.13    45.12   192.89    -0.00     0.00    -0.00   0.020  197
   166.11    44.14   190.85    -0.00     0.00     0.00   0.021  198
   166.11    44.14   192.89    -0.00     0.00     0.00   0.020  199
   167.08    44.14   192.89    -0.00     0.00    -0.00   0.021  200
   167.08    44.14   192.89    -0.00     0.00     0.00   0.020  201
   167.08    44.14   191.87    -0.00     0.00    -0.00   0.021  202
   168.06    44.14   192.89    -0.00     0.00     0.00   0.020  203
   167.08    44.14   192.89    -0.00     0.00     0.00   0.021  204
   167.08    43.16   191.87    -0.00     0.00    -0.00   0.020  205
   166.11    44.14   190.85    -0.00     0.00     0.00   0.021  206
   165.13    44.14   191.87    -0.00     0.00     0.00   0.020  207
   166.11    44.14   191.87    -0.00     0.00    -0.00   0.021  208
   166.11    44.14   192.89    -0.00     0.00     0.00   0.020  209
   166.11    43.16   191.87    -0.00     0.00     0.00   0.021  210
   166.11    43.16   191.87    -0.00     0.00    -0.00   0.020  211
   166.11    44.14   190.85    -0.00     0.00    -0.00   0.021  212
   166.11    45.12   192.89    -0.00     0.00    -0.00   0.020  213
   167.08    45.12   191.87    -0.00     0.00    -0.00   0.021  214
   167.08    43.16   191.87    -0.00     0.00    -0.00   0.020  215
   166.11    44.14   192.89    -0.00     0.00     0.00   0.020  216
   167.08    45.12   191.87    -0.00     0.00    -0.00   0.021  217
   166.11    44.14   192.89    -0.00     0.00    -0.00   0.020  218
   165.13    45.12   191.87    -0.00     0.00     0.00   0.021  219
   166.11    45.12   192.89    -0.00     0.00    -0.00   0.020  220
   167.08    43.16   191.87    -0.00     0.00    -0.00   0.021  221
   166.11    43.16   190.85    -0.00     0.00    -0.00   0.020  222
   166.11    44.14   192.89    -0.00     0.00    -0.00   0.021  223
   166.11    44.14   192.89    -0.00     0.00     0.00   0.020  224
   167.08    44.14   191.87    -0.00     0.00     0.00   0.021  225
   167.08    42.18   191.87    -0.00     0.00    -0.00   0.020  226
   167.08    44.14   190.85    -0.00     0.00    -0.00   0.021  227
   166.11    43.16   192.89    -0.00     0.00    -0.00   0.020  228
   166.11    44.14   190.85    -0.00     0.00    -0.00   0.021  229
   165.13    45.12   190.85    -0.00     0.00    -0.00   0.020  230
   165.13    44.14   190.85    -0.00     0.00    -0.00   0.021  231
   166.11    44.14   191.87    -0.00     0.00    -0.00   0.020  232
   167.08    44.14   190.85    -0.00     0.00    -0.00   0.021  233
   166.11    44.14   191.87    -0.00     0.00     0.00   0.020  234
   167.08    45.12   189.84    -0.00     0.00     0.00   0.021  235
   166.11    44.14   192.89    -0.00     0.00     0.00   0.020  236
   166.11    44.14   192.89    -0.00     0.00     0.00   0.021  237
   166.11    45.12   191.87    -0.00     0.00    -0.00   0.020  238
   166.11    42.18   190.85    -0.00     0.00    -0.00   0.021  239
   167.08    44.14   191.87    -0.00     0.00    -0.00   0.020  240
   167.08    44.14   192.89    -0.00     0.00    -0.00   0.020  241
   167.08    43.16   191.87    -0.00    -0.00    -0.00   0.021  242
   166.11    45.12   192.89    -0.00     0.00    -0.00   0.020  243
   166.11    44.14   190.85    -0.00     0.00     0.00   0.021  244
   166.11    44.14   191.87    -0.00     0.00     0.00   0.020  245
   166.11    44.14   191.87    -0.00     0.00     0.00   0.021  246
   166.11    43.16   192.89    -0.00     0.00     0.00   0.020  247
   165.13    44.14   191.87    -0.00     0.00    -0.00   0.021  248
   166.11    44.14   192.89    -0.00     0.00    -0.00   0.020  249
   166.11    44.14   191.87    -0.00     0.00     0.00   0.021  250
   166.11    44.14   191.87    -0.00     0.00     0.00   0.020  251
   166.11    44.14   192.89    -0.00     0.00    -0.00   0.021  252
   166.11    43.16   191.87    -0.00     0.00    -0.00   0.020  253
   166.11    44.14   192.89    -0.00     0.00    -0.00   0.021  254
   167.08    43.16   192.89    -0.00     0.00    -0.00   0.020  255
   166.11    44.14   192.89    -0.00     0.00     0.00   0.021    0
   166.11    43.16   190.85    -0.00     0.00     0.00   0.020    1
   167.08    43.16   190.85    -0.00     0.00     0.00   0.021    2
   167.08    44.14   192.89    -0.00     0.00    -0.00   0.020    3
   166.11    43.16   190.85    -0.00     0.00     0.00   0.021    4
   166.11    43.16   191.87    -0.00     0.00    -0.00   0.020    5
   166.11    43.16   190.85    -0.00     0.00    -0.00   0.021    6
   166.11    44.14   192.89    -0.00     0.00     0.00   0.020    7
   166.11    44.14   191.87    -0.00     0.00    -0.00   0.021    8
   166.11    43.16   191.87    -0.00     0.00     0.00   0.020    9
   167.08    43.16   191.87    -0.00     0.00     0.00   0.020   10
   166.11    43.16   192.89    -0.00     0.00     0.00   0.021   11
   166.11    44.14   191.87    -0.00     0.00     0.00   0.020   12
   167.08    44.14   191.87    -0.00     0.00     0.00   0.021   13
   166.11    43.16   191.87    -0.00     0.00     0.00   0.020   14
   166.11    45.12   193.91    -0.00     0.00     0.00   0.021   15
   167.08    44.14   192.89    -0.00     0.00     0.00   0.020   16
   166.11    43.16   190.85    -0.00    -0.00    -0.00   0.021   17
   167.08    44.14   191.87    -0.00     0.01     0.00   0.020   18
   166.11    44.14   191.87    -0.01     0.01     0.00   0.021   19
   166.11    43.16   192.89    -0.01     0.00     0.00   0.020   20
   165.13    43.16   190.85    -0.00    -0.00     0.00   0.021   21
   167.08    44.14   193.91    -0.00    -0.00     0.00   0.020   22
   166.11    43.16   191.87    -0.00    -0.00    -0.00   0.021   23
   167.08    43.16   190.85    -0.00     0.00    -0.00   0.020   24
   166.11    42.18   192.89    -0.00     0.00    -0.00   0.021   25
   164.15    43.16   191.87    -0.00     0.00    -0.00   0.020   26
   166.11    43.16   190.85    -0.00    -0.00    -0.00   0.021   27
   167.08    44.14   191.87    -0.00     0.00    -0.00   0.020   28
   166.11    45.12   191.87    -0.00     0.00     0.00   0.021   29
   167.08    43.16   190.85    -0.00     0.00     0.00   0.020   30
   168.06    44.14   191.87    -0.01     0.00     0.01   0.021   31
   166.11    44.14   191.87    -0.00     0.00     0.00   0.020   32
   167.08    43.16   191.87    -0.00     0.00     0.00   0.021   33
   167.08    42.18   191.87    -0.00     0.00     0.00   0.020   34
   166.11    44.14   192.89    -0.00     0.00    -0.00   0.020   35
   167.08    43.16   191.87    -0.00    -0.00    -0.00   0.021   36
   166.11    43.16   192.89     0.00    -0.00    -0.00   0.020   37
   167.08    44.14   192.89    -0.00    -0.00    -0.00   0.021   38
   166.11    44.14   190.85    -0.00     0.00    -0.00   0.020   39
   168.06    43.16   192.89    -0.00     0.00     0.00   0.021   40
   166.11    44.14   191.87    -0.00     0.00     0.00   0.020   41
   166.11    42.18   190.85    -0.00     0.00    -0.00   0.021   42
   167.08    44.14   191.87    -0.00    -0.00    -0.00   0.020   43
   167.08    43.16   190.85    -0.00     0.00     0.00   0.021   44
   166.11    43.16   190.85    -0.00     0.00    -0.00   0.020   45
   167.08    43.16   190.85    -0.00     0.00     0.00   0.021   46
   168.06    44.14   192.89    -0.00     0.00     0.00   0.020   47
   167.08    44.14   191.87    -0.00     0.00     0.00   0.021   48
   166.11    43.16   190.85    -0.00     0.00     0.00   0.020   49
   166.11    44.14   191.87    -0.00     0.00     0.00   0.021   50
   166.11    44.14   192.89    -0.00     0.00    -0.00   0.020   51
   165.13    43.16   190.85    -0.00     0.00    -0.00   0.021   52
   167.08    44.14   191.87    -0.00     0.00     0.00   0.020   53
   167.08    45.12   191.87    -0.00     0.00    -0.00   0.021   54
   166.11    44.14   191.87    -0.00     0.00    -0.00   0.020   55
   166.11    44.14   192.89    -0.00     0.00    -0.00   0.021   56
   165.13    44.14   192.89    -0.00     0.00     0.00   0.020   57
   165.13    45.12   190.85    -0.00     0.00     0.00   0.021   58
   167.08    44.14   192.89    -0.00     0.00     0.00   0.020   59
   167.08    43.16   192.89    -0.00     0.00    -0.00   0.020   60
   165.13    43.16   190.85    -0.00     0.00     0.00   0.021   61
   166.11    43.16   192.89    -0.00     0.00     0.00   0.020   62
   167.08    44.14   191.87    -0.00     0.00    -0.00   0.021   63
   167.08    42.18   191.87    -0.00     0.00    -0.00   0.020   64
   167.08    43.16   191.87    -0.00     0.00    -0.00   0.021   65
   166.11    44.14   192.89    -0.00     0.00     0.00   0.020   66
   165.13    44.14   191.87    -0.00     0.00     0.00   0.021   67
   166.11    44.14   191.87    -0.00     0.00    -0.00   0.020   68
   167.08    44.14   190.85    -0.00     0.00     0.00   0.021   69
   166.11    44.14   191.87    -0.00     0.00     0.00   0.020   70
   166.11    44.14   191.87    -0.00     0.00     0.00   0.021   71
   167.08    44.14   190.85    -0.00     0.00     0.00   0.020   72
   166.11    44.14   193.91    -0.00     0.00    -0.00   0.021   73
   166.11    43.16   192.89    -0.00     0.00     0.00   0.020   74
   166.11    44.14   192.89    -0.00     0.00     0.00   0.021   75
   166.11    44.14   191.87    -0.00     0.00    -0.00   0.020   76
   165.13    43.16   190.85    -0.00     0.00     0.00   0.021   77
   167.08    43.16   192.89    -0.00     0.00     0.00   0.020   78
   167.08    44.14   190.85    -0.00     0.00    -0.00   0.021   79
   166.11    43.16   191.87    -0.00     0.00     0.00   0.020   80
   166.11    43.16   192.89    -0.00     0.00    -0.00   0.021   81
   166.11    45.12   191.87    -0.00     0.00     0.00   0.020   82
   167.08    44.14   191.87    -0.00     0.00     0.00   0.021   83
   166.11    42.18   191.87    -0.00     0.00     0.00   0.020   84
   166.11    43.16   190.85    -0.00     0.00     0.00   0.020   85
   166.11    44.14   191.87    -0.00     0.00     0.00   0.021   86
   166.11    43.16   191.87    -0.00     0.00     0.00   0.020   87
   166.11    44.14   192.89    -0.00    -0.00    -0.00   0.021   88
   166.11    45.12   191.87    -0.00     0.00    -0.00   0.020   89
   166.11    43.16   190.85    -0.00     0.00    -0.00   0.021   90
   165.13    44.14   192.89    -0.00     0.00     0.00   0.020   91
   167.08    44.14   191.87    -0.00     0.00     0.00   0.021   92
   166.11    43.16   190.85    -0.00     0.00    -0.00   0.020   93
   166.11    44.14   191.87    -0.00     0.00    -0.00   0.021   94
   167.08    42.18   191.87    -0.00     0.00    -0.00   0.020   95
   166.11    44.14   189.84    -0.00     0.00    -0.00   0.021   96
   166.11    43.16   192.89    -0.00     0.00     0.00   0.020   97
   167.08    45.12   191.87    -0.00     0.00     0.00   0.021   98
   167.08    42.18   191.87    -0.00     0.00     0.00   0.020   99
   167.08    42.18   191.87    -0.00     0.00    -0.00   0.021  100
   167.08    44.14   190.85    -0.00     0.00     0.00   0.020  101
   166.11    44.14   190.85    -0.00     0.00     0.00   0.021  102
   166.11    44.14   191.87    -0.00     0.00    -0.00   0.020  103
   166.11    44.14   193.91    -0.00     0.00     0.00   0.021  104
   166.11    43.16   191.87    -0.00     0.00    -0.00   0.020  105
   166.11    44.14   190.85    -0.00     0.00     0.00   0.021  106
   166.11    44.14   192.89    -0.00     0.00     0.00   0.020  107
   166.11    45.12   190.85    -0.00     0.00     0.00   0.021  108
   166.11    43.16   191.87    -0.00     0.00     0.00   0.020  109
   166.11    45.12   192.89    -0.00     0.00    -0.00   0.020  110
   166.11    45.12   191.87    -0.00     0.00    -0.00   0.021  111
   166.11    44.14   191.87    -0.00     0.00     0.00   0.020  112
   165.13    44.14   191.87    -0.00     0.00    -0.00   0.021  113
   167.08    43.16   192.89    -0.00     0.00    -0.00   0.020  114
   167.08    43.16   191.87    -0.00     0.00     0.00   0.021  115
   165.13    44.14   191.87    -0.00     0.00     0.00   0.020  116
   167.08    43.16   190.85    -0.00     0.00    -0.00   0.021  117
   166.11    43.16   192.89    -0.00     0.00    -0.00   0.020  118
   166.11    43.16   192.89    -0.00     0.00    -0.00   0.021  119
   167.08    44.14   191.87    -0.00     0.00    -0.00   0.020  120
   166.11    43.16   191.87    -0.00     0.00    -0.00   0.021  121
   167.08    44.14   192.89    -0.00     0.00    -0.00   0.020  122
   167.08    43.16   192.89    -0.00     0.00     0.00   0.021  123
   166.11    43.16   191.87    -0.00     0.00    -0.00   0.020  124
   167.08    43.16   192.89    -0.00     0.00    -0.00   0.021  125
   167.08    43.16   192.89    -0.00     0.00     0.00   0.020  126
   166.11    43.16   191.87    -0.00     0.00     0.00   0.021  127
   165.13    44.14   192.89    -0.00     0.00     0.00   0.020  128
   166.11    44.14   191.87    -0.00     0.00     0.00   0.021  129
   167.08    43.16   191.87    -0.00     0.00     0.00   0.020  130
   166.11    43.16   191.87    -0.00     0.00     0.00   0.021  131
   166.11    43.16   190.85    -0.00     0.00     0.00   0.020  132
   166.11    43.16   192.89    -0.00     0.00     0.00   0.021  133
   165.13    43.16   191.87    -0.00     0.00    -0.00   0.020  134
   165.13    43.16   191.87    -0.00     0.00    -0.00   0.020  135
   167.08    43.16   192.89    -0.00     0.00    -0.00   0.021  136
   166.11    42.18   192.89    -0.00     0.00    -0.00   0.020  137
   167.08    44.14   193.91    -0.00     0.00     0.00   0.021  138
   167.08    44.14   192.89    -0.00     0.00     0.00   0.020  139
   166.11    43.16   191.87    -0.00     0.00     0.00   0.021  140
   167.08    43.16   191.87    -0.00     0.00    -0.00   0.020  141
   167.08    43.16   191.87    -0.00     0.00    -0.00   0.021  142
   166.11    44.14   191.87    -0.00     0.00    -0.00   0.020  143
   166.11    42.18   192.89    -0.00     0.00    -0.00   0.021  144
   166.11    44.14   193.91    -0.00     0.00    -0.00   0.020  145
   166.11    43.16   191.87     0.00    -0.00     0.00   0.021  146
   167.08    43.16   191.87    -0.00     0.00    -0.00   0.020  147
   166.11    45.12   192.89    -0.00    -0.00    -0.00   0.021  148
   165.13    44.14   191.87    -0.00     0.00    -0.00   0.020  149
   166.11    43.16   192.89    -0.00     0.00    -0.00   0.021  150
   166.11    44.14   191.87    -0.00     0.00     0.00   0.020  151
   165.13    43.16   190.85    -0.00    -0.00     0.00   0.021  152
   166.11    43.16   189.84    -0.00     0.00     0.00   0.020  153
   167.08    44.14   191.87    -0.00     0.00    -0.00   0.021  154
   166.11    44.14   191.87    -0.00     0.00    -0.00   0.020  155
   165.13    43.16   192.89    -0.00     0.00    -0.00   0.021  156
   166.11    43.16   191.87    -0.00     0.00    -0.00   0.020  157
   166.11    42.18   192.89    -0.00     0.00     0.00   0.021  158
   165.13    44.14   192.89    -0.00     0.00     0.00   0.020  159
   167.08    43.16   191.87    -0.00    -0.00     0.00   0.020  160
   166.11    43.16   190.85    -0.00     0.00     0.00   0.021  161
   166.11    43.16   191.87    -0.00     0.00     0.00   0.020  162
   168.06    43.16   192.89    -0.00     0.00     0.00   0.021  163
   166.11    44.14   191.87    -0.00     0.00     0.00   0.020  164
   166.11    43.16   191.87    -0.00     0.00     0.00   0.021  165
   167.08    43.16   192.89    -0.01     0.00     0.00   0.020  166
   167.08    43.16   191.87    -0.00     0.00     0.00   0.021  167
   166.11    43.16   191.87    -0.00     0.00     0.00   0.020  168
   166.11    43.16   191.87    -0.00     0.01    -0.00   0.021  169
   166.11    42.18   192.89    -0.00     0.00    -0.00   0.020  170
   166.11    44.14   191.87    -0.00    -0.00    -0.00   0.021  171
   166.11    43.16   192.89    -0.00    -0.00    -0.00   0.020  172
   166.11    44.14   190.85    -0.00    -0.00    -0.00   0.021  173
   167.08    43.16   190.85    -0.00    -0.00    -0.00   0.020  174
   167.08    45.12   192.89    -0.00     0.00     0.00   0.021  175
   166.11    43.16   191.87    -0.00     0.00     0.00   0.020  176
   165.13    44.14   190.85    -0.00     0.00     0.00   0.021  177
   166.11    44.14   192.89    -0.00     0.00    -0.00   0.020  178
   167.08    44.14   192.89    -0.00     0.00    -0.00   0.021  179
   166.11    43.16   191.87    -0.00     0.00    -0.00   0.020  180
   166.11    45.12   192.89    -0.00     0.00    -0.00   0.021  181
   167.08    43.16   192.89    -0.00     0.00    -0.00   0.020  182
   166.11    43.16   192.89    -0.00     0.00    -0.00   0.021  183
   167.08    44.14   192.89    -0.00     0.00    -0.00   0.020  184
   166.11    45.12   190.85    -0.00     0.00     0.00   0.020  185
   166.11    43.16   190.85    -0.00     0.00     0.00   0.021  186
   166.11    44.14   192.89    -0.00     0.00     0.00   0.020  187
   166.11    43.16   191.87    -0.00     0.00     0.00   0.021  188
   167.08    43.16   190.85    -0.00     0.00     0.00   0.020  189
   166.11    44.14   191.87    -0.00     0.00     0.00   0.021  190
   167.08    44.14   192.89    -0.00     0.00    -0.00   0.020  191
   166.11    43.16   191.87    -0.00     0.00    -0.00   0.021  192
   166.11    43.16   190.85    -0.00     0.00    -0.00   0.020  193
   167.08    44.14   191.87    -0.00     0.00    -0.00   0.021  194
   166.11    44.14   191.87    -0.00     0.00     0.00   0.020  195
   166.11    44.14   192.89    -0.01     0.00     0.00   0.021  196
   166.11    44.14   192.89    -0.00     0.00     0.00   0.020  197
   166.11    43.16   192.89    -0.00     0.00     0.00   0.021  198
   166.11    43.16   191.87    -0.00     0.00     0.00   0.020  199
   167.08    43.16   191.87    -0.00     0.00    -0.00   0.021  200
   166.11    43.16   191.87    -0.00     0.00     0.00   0.020  201
   166.11    42.18   191.87    -0.00     0.00    -0.00   0.021  202
   167.08    43.16   191.87    -0.00     0.00    -0.00   0.020  203
   166.11    43.16   190.85    -0.00     0.00     0.00   0.021  204
   166.11    43.16   192.89    -0.00     0.00    -0.00   0.020  205
   166.11    42.18   192.89    -0.00     0.00     0.00   0.021  206
   166.11    42.18   192.89    -0.00     0.00    -0.00   0.020  207
   166.11    43.16   191.87    -0.00     0.00    -0.00   0.021  208
   166.11    42.18   191.87    -0.00     0.00    -0.00   0.020  209
   166.11    44.14   190.85    -0.00     0.00    -0.00   0.020  210
   166.11    43.16   192.89    -0.00     0.00    -0.00   0.021  211
   166.11    43.16   193.91    -0.00     0.00     0.00   0.020  212
   166.11    43.16   191.87    -0.00     0.00     0.00   0.021  213
   165.13    43.16   191.87    -0.00     0.00     0.00   0.020  214
   167.08    42.18   191.87    -0.00     0.00    -0.00   0.021  215
   164.15    44.14   190.85    -0.00     0.00    -0.00   0.020  216
   165.13    43.16   192.89    -0.00     0.00    -0.00   0.021  217
   167.08    42.18   191.87     0.00     0.00    -0.00   0.020  218
   167.08    44.14   192.89    -0.00     0.00    -0.00   0.021  219
   165.13    43.16   190.85    -0.00     0.00    -0.00   0.020  220
   166.11    43.16   191.87    -0.00     0.00     0.00   0.021  221
   166.11    43.16   192.89    -0.00     0.00    -0.00   0.020  222
   166.11    43.16   191.87    -0.00     0.00     0.00   0.021  223
   166.11    44.14   191.87    -0.00     0.00    -0.00   0.020  224
   168.06    44.14   192.89    -0.00     0.00     0.00   0.021  225
   166.11    43.16   191.87    -0.00     0.00     0.00   0.020  226
   166.11    43.16   191.87    -0.00     0.00     0.00   0.021  227
   166.11    43.16   192.89    -0.00     0.00     0.00   0.020  228
   166.11    43.16   191.87    -0.00     0.00     0.00   0.021  229
