   162.20    58.85   192.89    -0.01    -0.00     0.00   0.021    0
   162.20    58.85   190.85    -0.01     0.00    -0.00   0.020    1
   161.22    57.87   191.87    -0.01     0.00    -0.00   0.021    2
   161.22    59.83   190.85    -0.01     0.00    -0.00   0.020    3
   161.22    56.89   191.87    -0.01     0.00    -0.00   0.021    4
   161.22    58.85   190.85    -0.00     0.00    -0.00   0.020    5
   161.22    58.85   190.85    -0.01     0.00     0.00   0.021    6
   162.20    60.81   191.87    -0.01     0.00     0.00   0.020    7
   162.20    59.83   191.87    -0.01     0.00     0.00   0.021    8
   162.20    59.83   191.87    -0.01     0.00     0.00   0.020    9
   160.24    58.85   191.87    -0.01     0.00     0.00   0.021   10
   163.18    57.87   190.85    -0.01     0.00     0.00   0.020   11
   160.24    57.87   190.85    -0.01     0.00     0.00   0.021   12
   163.18    57.87   192.89    -0.01     0.00     0.00   0.020   13
   161.22    58.85   190.85    -0.01     0.00    -0.00   0.021   14
   162.20    58.85   190.85    -0.00     0.00    -0.00   0.020   15
   161.22    58.85   190.85    -0.00     0.00    -0.00   0.020   16
   162.20    59.83   192.89    -0.00     0.00    -0.00   0.021   17
   161.22    58.85   192.89    -0.00     0.00    -0.00   0.020   18
   163.18    59.83   191.87    -0.00     0.00     0.00   0.021   19
   162.20    58.85   190.85    -0.00     0.00     0.00   0.020   20
   162.20    59.83   191.87    -0.01    -0.00     0.00   0.021   21
   162.20    57.87   190.85    -0.01     0.00     0.00   0.020   22
   161.22    58.85   192.89    -0.01     0.00     0.00   0.021   23
   162.20    57.87   190.85    -0.00     0.00    -0.00   0.020   24
   161.22    59.83   193.91    -0.01     0.00    -0.00   0.021   25
   161.22    58.85   190.85    -0.00     0.00    -0.00   0.020   26
   162.20    58.85   191.87    -0.00     0.00    -0.00   0.021   27
   162.20    57.87   192.89    -0.00     0.00    -0.00   0.020   28
   162.20    59.83   192.89    -0.00     0.00    -0.00   0.021   29
   163.18    59.83   190.85    -0.01     0.00     0.00   0.020   30
   162.20    58.85   191.87    -0.01     0.00     0.00   0.021   31
   162.20    58.85   191.87    -0.01     0.00     0.00   0.020   32
   162.20    59.83   191.87    -0.01     0.00     0.00   0.021   33
   162.20    58.85   191.87    -0.00     0.00     0.00   0.020   34
   162.20    58.85   191.87    -0.00     0.00    -0.00   0.021   35
   162.20    58.85   190.85    -0.00     0.00     0.00   0.020   36
   161.22    58.85   190.85    -0.00     0.00     0.00   0.021   37
   160.24    58.85   191.87    -0.01     0.00     0.00   0.020   38
   162.20    58.85   190.85    -0.01     0.00    -0.00   0.021   39
   161.22    57.87   190.85    -0.01     0.00    -0.00   0.020   40
   160.24    58.85   192.89    -0.01     0.00     0.00   0.020   41
   161.22    59.83   191.87    -0.01     0.00    -0.00   0.021   42
   163.18    58.85   190.85    -0.01     0.00     0.00   0.020   43
   161.22    57.87   190.85    -0.01     0.00     0.00   0.021   44
   162.20    58.85   192.89    -0.00     0.00     0.00   0.020   45
   161.22    58.85   190.85    -0.01     0.00    -0.00   0.021   46
   161.22    59.83   191.87    -0.01     0.00    -0.00   0.020   47
   163.18    58.85   190.85    -0.01     0.00     0.00   0.021   48
   161.22    59.83   191.87    -0.01     0.00     0.00   0.020   49
   162.20    58.85   192.89    -0.01     0.00     0.00   0.021   50
   161.22    59.83   192.89    -0.00     0.00     0.00   0.020   51
   161.22    58.85   190.85    -0.01     0.00     0.00   0.021   52
   162.20    59.83   191.87    -0.01     0.00     0.00   0.020   53
   160.24    59.83   190.85    -0.01     0.00     0.00   0.021   54
   161.22    57.87   191.87    -0.01     0.00     0.00   0.020   55
   161.22    58.85   191.87    -0.00     0.00    -0.00   0.021   56
   163.18    58.85   193.91    -0.00    -0.00     0.00   0.020   57
   163.18    58.85   192.89    -0.00    -0.00     0.00   0.021   58
   163.18    58.85   192.89    -0.00     0.00    -0.00   0.020   59
   163.18    58.85   191.87    -0.00     0.00    -0.00   0.021   60
   163.18    59.83   190.85    -0.01     0.00    -0.00   0.020   61
   161.22    59.83   189.84    -0.00     0.00     0.00   0.021   62
   162.20    59.83   190.85    -0.01     0.00     0.00   0.020   63
   161.22    59.83   192.89    -0.01     0.00    -0.00   0.021   64
   162.20    58.85   191.87    -0.01     0.00    -0.00   0.020   65
   161.22    57.87   192.89    -0.00     0.00     0.00   0.020   66
   161.22    57.87   191.87    -0.01     0.00     0.00   0.021   67
   162.20    58.85   190.85    -0.01     0.00    -0.00   0.020   68
   162.20    58.85   192.89    -0.00     0.00    -0.00   0.021   69
   161.22    59.83   192.89    -0.01     0.00     0.00   0.020   70
   162.20    59.83   192.89    -0.01     0.00    -0.00   0.021   71
   161.22    57.87   191.87    -0.00     0.00     0.00   0.020   72
   162.20    59.83   190.85    -0.01     0.00     0.00   0.021   73
   160.24    59.83   191.87    -0.01     0.00     0.00   0.020   74
   162.20    59.83   191.87    -0.01     0.00     0.00   0.021   75
   162.20    59.83   191.87    -0.01     0.00     0.00   0.020   76
   161.22    58.85   192.89    -0.01     0.00     0.00   0.021   77
   161.22    57.87   190.85    -0.01     0.00     0.00   0.020   78
   162.20    58.85   192.89    -0.01     0.00    -0.00   0.021   79
   161.22    58.85   189.84    -0.01     0.00    -0.00   0.020   80
   163.18    59.83   189.84    -0.01     0.00     0.00   0.021   81
   162.20    57.87   190.85    -0.01     0.00     0.00   0.020   82
   162.20    57.87   191.87    -0.01     0.00     0.00   0.021   83
   162.20    57.87   190.85    -0.01     0.00     0.00   0.020   84
   163.18    59.83   193.91    -0.01     0.00     0.00   0.021   85
   161.22    58.85   191.87    -0.01     0.00     0.00   0.020   86
   163.18    58.85   192.89    -0.01     0.00     0.00   0.021   87
   161.22    58.85   190.85    -0.01     0.00     0.00   0.020   88
   162.20    59.83   191.87    -0.01     0.00     0.00   0.021   89
   162.20    58.85   190.85    -0.01     0.00     0.00   0.020   90
   162.20    57.87   192.89    -0.01     0.00    -0.00   0.020   91
   161.22    59.83   191.87    -0.00     0.00     0.00   0.021   92
   161.22    59.83   190.85    -0.00     0.00    -0.00   0.020   93
   161.22    57.87   190.85    -0.01     0.00     0.00   0.021   94
   162.20    57.87   191.87    -0.01     0.00    -0.00   0.020   95
   161.22    57.87   191.87    -0.00     0.00    -0.00   0.021   96
   162.20    59.83   191.87    -0.00     0.00     0.00   0.020   97
   161.22    57.87   189.84    -0.01     0.00     0.00   0.021   98
   161.22    59.83   192.89    -0.01     0.00     0.00   0.020   99
   162.20    57.87   190.85    -0.00     0.00    -0.00   0.021  100
   162.20    57.87   191.87    -0.01     0.00     0.00   0.020  101
   162.20    58.85   190.85    -0.01     0.00    -0.00   0.021  102
   162.20    58.85   190.85    -0.01     0.00     0.00   0.020  103
   162.20    59.83   191.87    -0.00     0.00    -0.00   0.021  104
   161.22    60.81   191.87    -0.00     0.00    -0.00   0.020  105
   161.22    57.87   191.87    -0.00     0.00     0.00   0.021  106
   161.22    58.85   191.87    -0.00     0.00    -0.00   0.020  107
   161.22    58.85   190.85    -0.01     0.00     0.00   0.021  108
   161.22    59.83   191.87    -0.00     0.00    -0.00   0.020  109
   161.22    58.85   191.87    -0.00     0.00    -0.00   0.021  110
   162.20    60.81   191.87    -0.00     0.00    -0.00   0.020  111
   162.20    58.85   192.89    -0.01     0.00    -0.00   0.021  112
   162.20    60.81   190.85    -0.01     0.00     0.00   0.020  113
   161.22    58.85   191.87    -0.01     0.00    -0.00   0.021  114
   162.20    59.83   192.89    -0.01     0.00     0.00   0.020  115
   162.20    58.85   190.85    -0.01     0.00     0.00   0.020  116
   160.24    58.85   190.85    -0.01     0.00     0.00   0.021  117
   162.20    59.83   191.87    -0.01     0.00     0.00   0.020  118
   161.22    59.83   191.87    -0.01     0.00     0.00   0.021  119
   162.20    57.87   189.84    -0.00     0.00     0.00   0.020  120
   161.22    58.85   191.87    -0.00     0.00    -0.00   0.021  121
   162.20    57.87   190.85    -0.00     0.00     0.00   0.020  122
   161.22    59.83   191.87    -0.01     0.00     0.00   0.021  123
   161.22    58.85   190.85    -0.01     0.00    -0.00   0.020  124
   161.22    58.85   192.89    -0.01     0.00     0.00   0.021  125
   162.20    58.85   191.87    -0.01     0.00    -0.00   0.020  126
   162.20    58.85   191.87    -0.01     0.00     0.00   0.021  127
   161.22    58.85   191.87    -0.01     0.00     0.00   0.020  128
   161.22    58.85   192.89    -0.01     0.00     0.00   0.021  129
   162.20    58.85   191.87    -0.01     0.00    -0.00   0.020  130
   160.24    57.87   191.87    -0.01     0.00    -0.00   0.021  131
   161.22    59.83   191.87    -0.00     0.00    -0.00   0.020  132
   162.20    58.85   190.85    -0.00     0.00    -0.00   0.021  133
   160.24    59.83   190.85    -0.00     0.00    -0.00   0.020  134
   161.22    58.85   191.87    -0.00     0.00    -0.00   0.021  135
   161.22    59.83   190.85    -0.01     0.00     0.00   0.020  136
   162.20    58.85   190.85    -0.01     0.00     0.00   0.021  137
   162.20    59.83   191.87    -0.01     0.00     0.00   0.020  138
   162.20    58.85   191.87    -0.00     0.00     0.00   0.021  139
   161.22    59.83   190.85    -0.01     0.00     0.00   0.020  140
   162.20    58.85   191.87    -0.01     0.00    -0.00   0.020  141
   161.22    58.85   190.85    -0.01     0.00    -0.00   0.021  142
   161.22    57.87   191.87    -0.00     0.00    -0.00   0.020  143
   161.22    58.85   190.85    -0.00     0.00     0.00   0.021  144
   161.22    58.85   190.85    -0.01     0.00     0.00   0.020  145
   161.22    57.87   191.87    -0.00     0.00    -0.00   0.021  146
   160.24    58.85   191.87    -0.00     0.00    -0.00   0.020  147
   162.20    58.85   191.87    -0.01    -0.00    -0.00   0.021  148
   161.22    58.85   192.89    -0.00     0.00    -0.00   0.020  149
   161.22    57.87   191.87    -0.00     0.00     0.00   0.021  150
   162.20    58.85   190.85    -0.01     0.00     0.00   0.020  151
   160.24    57.87   190.85    -0.01     0.00     0.00   0.021  152
   162.20    59.83   191.87    -0.01     0.00     0.00   0.020  153
   161.22    58.85   191.87    -0.01     0.00    -0.00   0.021  154
   162.20    58.85   191.87    -0.01     0.00    -0.00   0.020  155
   162.20    59.83   191.87    -0.01     0.00    -0.00   0.021  156
   161.22    58.85   190.85    -0.01     0.00    -0.00   0.020  157
   162.20    57.87   191.87    -0.00     0.00    -0.00   0.021  158
   162.20    57.87   190.85    -0.01     0.00    -0.00   0.020  159
   163.18    58.85   190.85    -0.00     0.00     0.00   0.021  160
   161.22    57.87   189.84    -0.00     0.00     0.00   0.020  161
   161.22    58.85   190.85    -0.01     0.00     0.00   0.021  162
   162.20    58.85   190.85    -0.01     0.00     0.00   0.020  163
   162.20    59.83   192.89    -0.01     0.00     0.00   0.021  164
   161.22    58.85   191.87    -0.01     0.00    -0.00   0.020  165
   161.22    59.83   192.89    -0.01     0.00     0.00   0.020  166
   162.20    57.87   190.85    -0.01     0.00     0.00   0.021  167
   161.22    59.83   190.85    -0.01     0.00     0.00   0.020  168
   161.22    58.85   190.85    -0.01     0.00     0.00   0.021  169
   162.20    59.83   192.89    -0.00     0.00     0.00   0.020  170
   160.24    57.87   189.84    -0.00     0.00    -0.00   0.021  171
   161.22    59.83   191.87    -0.00     0.00    -0.00   0.020  172
   162.20    58.85   192.89    -0.00     0.00     0.00   0.021  173
   163.18    60.81   190.85    -0.00     0.00     0.00   0.020  174
   162.20    58.85   190.85    -0.01     0.00     0.00   0.021  175
   162.20    60.81   191.87    -0.01     0.00     0.00   0.020  176
   160.24    58.85   189.84    -0.00     0.00     0.00   0.021  177
   161.22    59.83   191.87    -0.01     0.00    -0.00   0.020  178
   161.22    58.85   191.87    -0.01     0.00    -0.00   0.021  179
   160.24    58.85   191.87    -0.00     0.00     0.00   0.020  180
   161.22    59.83   190.85    -0.00     0.00     0.00   0.021  181
   160.24    59.83   191.87    -0.00     0.00    -0.00   0.020  182
   161.22    57.87   191.87    -0.00     0.00    -0.00   0.021  183
   160.24    58.85   191.87    -0.00     0.00     0.00   0.020  184
   162.20    58.85   191.87    -0.00     0.00     0.00   0.021  185
   163.18    59.83   191.87    -0.00     0.00     0.00   0.020  186
   162.20    57.87   190.85    -0.00     0.00     0.00   0.021  187
   162.20    58.85   192.89    -0.01     0.00     0.00   0.020  188
   161.22    58.85   191.87    -0.01     0.00     0.00   0.021  189
   162.20    58.85   189.84    -0.00     0.00    -0.00   0.020  190
   162.20    57.87   191.87    -0.01     0.00     0.00   0.020  191
   162.20    58.85   191.87    -0.01     0.00     0.00   0.021  192
   161.22    59.83   191.87    -0.00     0.00     0.00   0.020  193
   161.22    58.85   191.87    -0.01     0.00    -0.00   0.021  194
   161.22    58.85   190.85    -0.00     0.00     0.00   0.020  195
   161.22    58.85   191.87    -0.01     0.00    -0.00   0.021  196
   161.22    59.83   191.87    -0.01     0.00     0.00   0.020  197
   162.20    58.85   190.85    -0.01     0.00    -0.00   0.021  198
   162.20    58.85   191.87    -0.01    -0.00     0.00   0.020  199
   162.20    57.87   192.89    -0.01     0.00     0.00   0.021  200
   163.18    57.87   191.87    -0.00     0.00    -0.00   0.020  201
   161.22    57.87   190.85    -0.01     0.00    -0.00   0.021  202
   161.22    59.83   192.89    -0.01     0.00     0.00   0.020  203
   161.22    57.87   190.85    -0.01     0.00    -0.00   0.021  204
   162.20    59.83   191.87    -0.01     0.00     0.00   0.020  205
   162.20    57.87   191.87    -0.01     0.00     0.00   0.021  206
   161.22    58.85   191.87    -0.00     0.00    -0.00   0.020  207
   161.22    57.87   191.87    -0.00     0.00    -0.00   0.021  208
   162.20    60.81   191.87    -0.01     0.00    -0.00   0.020  209
   161.22    59.83   190.85    -0.00     0.00    -0.00   0.021  210
   162.20    60.81   191.87    -0.01     0.00     0.00   0.020  211
   161.22    58.85   190.85    -0.01     0.00     0.00   0.021  212
   161.22    58.85   192.89    -0.01     0.00     0.00   0.020  213
   161.22    57.87   190.85    -0.00     0.00     0.00   0.021  214
   163.18    58.85   192.89    -0.01     0.00     0.00   0.020  215
   160.24    58.85   191.87    -0.01     0.00     0.00   0.020  216
   161.22    57.87   191.87    -0.00     0.00     0.00   0.021  217
   161.22    57.87   191.87    -0.00     0.00     0.00   0.020  218
   160.24    57.87   191.87    -0.00     0.00     0.00   0.021  219
   160.24    58.85   192.89    -0.01     0.00    -0.00   0.020  220
   162.20    59.83   192.89    -0.01     0.00    -0.00   0.021  221
   161.22    58.85   190.85    -0.01     0.00    -0.00   0.020  222
   162.20    59.83   192.89    -0.01     0.00     0.00   0.021  223
   162.20    57.87   192.89    -0.01     0.00     0.00   0.020  224
   161.22    58.85   191.87    -0.01     0.00    -0.00   0.021  225
   162.20    58.85   191.87    -0.01     0.00     0.00   0.020  226
   161.22    58.85   191.87    -0.00     0.00     0.00   0.021  227
   160.24    58.85   191.87    -0.01     0.00    -0.00   0.020  228
   162.20    57.87   191.87    -0.00     0.00    -0.00   0.021  229
   160.24    57.87   190.85    -0.01     0.00     0.00   0.020  230
   161.22    58.85   191.87    -0.01     0.00     0.00   0.021  231
   160.24    57.87   190.85    -0.01     0.00     0.00   0.020  232
   161.22    58.85   189.84    -0.01     0.00     0.00   0.021  233
   161.22    59.83   190.85    -0.01     0.00     0.00   0.020  234
   162.20    59.83   192.89    -0.01     0.00     0.00   0.021  235
   161.22    58.85   191.87    -0.00     0.00     0.00   0.020  236
   163.18    59.83   192.89    -0.01     0.00    -0.00   0.021  237
   162.20    58.85   191.87    -0.01     0.00     0.00   0.020  238
   162.20    59.83   192.89    -0.01     0.00     0.00   0.021  239
   160.24    58.85   190.85    -0.01     0.00     0.00   0.020  240
   161.22    59.83   190.85    -0.00     0.00    -0.00   0.020  241
   162.20    57.87   191.87    -0.01     0.00    -0.00   0.021  242
   161.22    58.85   192.89    -0.01     0.00     0.00   0.020  243
   162.20    58.85   191.87    -0.01     0.00     0.00   0.021  244
   162.20    57.87   191.87    -0.01     0.00     0.00   0.020  245
   161.22    58.85   190.85    -0.01     0.00     0.00   0.021  246
   161.22    58.85   191.87    -0.01     0.00     0.00   0.020  247
   161.22    58.85   190.85    -0.01     0.00     0.00   0.021  248
   161.22    60.81   192.89    -0.01     0.00    -0.00   0.020  249
   162.20    58.85   189.84    -0.00     0.00    -0.00   0.021  250
   162.20    59.83   191.87    -0.00     0.00    -0.00   0.020  251
   162.20    58.85   191.87    -0.00     0.00     0.00   0.021  252
   162.20    59.83   191.87    -0.01     0.00     0.00   0.020  253
   160.24    58.85   191.87    -0.01     0.00     0.00   0.021  254
   162.20    57.87   190.85    -0.01     0.00     0.00   0.020  255
   161.22    58.85   190.85    -0.01     0.00     0.00   0.021    0
   160.24    59.83   191.87    -0.01     0.00     0.00   0.020    1
   160.24    59.83   191.87    -0.01     0.00     0.00   0.021    2
   161.22    59.83   191.87    -0.01     0.00     0.00   0.020    3
   160.24    58.85   190.85    -0.00     0.00     0.00   0.021    4
   161.22    59.83   192.89    -0.00     0.00     0.00   0.020    5
   162.20    58.85   191.87    -0.01     0.00     0.00   0.021    6
   163.18    60.81   192.89    -0.01     0.00     0.00   0.020    7
   162.20    58.85   189.84    -0.01     0.00    -0.00   0.021    8
   162.20    58.85   191.87    -0.00     0.00    -0.00   0.020    9
   162.20    58.85   191.87    -0.01     0.00    -0.00   0.020   10
   162.20    57.87   191.87    -0.01     0.00     0.00   0.021   11
   161.22    57.87   191.87    -0.01     0.00     0.00   0.020   12
   160.24    59.83   191.87    -0.01     0.00     0.00   0.021   13
   161.22    57.87   191.87    -0.01     0.00     0.00   0.020   14
   161.22    57.87   191.87    -0.00     0.00     0.00   0.021   15
   161.22    58.85   189.84    -0.01     0.00     0.00   0.020   16
   161.22    58.85   190.85    -0.01     0.00     0.00   0.021   17
   161.22    58.85   190.85    -0.00     0.00     0.00   0.020   18
   160.24    59.83   192.89    -0.01     0.00    -0.00   0.021   19
   161.22    59.83   192.89    -0.01     0.00     0.00   0.020   20
   161.22    58.85   189.84    -0.01     0.00    -0.00   0.021   21
   160.24    58.85   191.87    -0.01     0.00     0.00   0.020   22
   160.24    58.85   190.85    -0.01     0.00     0.00   0.021   23
   161.22    59.83   190.85    -0.01     0.00    -0.00   0.020   24
   162.20    58.85   192.89    -0.01     0.00    -0.00   0.021   25
   162.20    57.87   191.87    -0.01     0.00     0.00   0.020   26
   160.24    58.85   190.85    -0.01     0.00     0.00   0.021   27
   161.22    59.83   190.85    -0.01     0.00     0.00   0.020   28
   162.20    58.85   190.85    -0.00     0.00    -0.00   0.021   29
   162.20    58.85   191.87    -0.01     0.00     0.00   0.020   30
   161.22    57.87   189.84    -0.01     0.00     0.00   0.021   31
   162.20    58.85   191.87    -0.01     0.00     0.00   0.020   32
   161.22    59.83   191.87    -0.01     0.00    -0.00   0.021   33
   160.24    58.85   191.87    -0.00     0.00     0.00   0.020   34
   161.22    57.87   190.85    -0.00     0.00     0.00   0.020   35
   162.20    58.85   192.89    -0.01     0.00     0.00   0.021   36
   160.24    57.87   191.87    -0.00     0.00    -0.00   0.020   37
   161.22    57.87   191.87    -0.01     0.00     0.00   0.021   38
   162.20    57.87   190.85    -0.01     0.00     0.00   0.020   39
   162.20    57.87   191.87    -0.01     0.00     0.00   0.021   40
   161.22    58.85   190.85    -0.01     0.00     0.00   0.020   41
   162.20    58.85   192.89    -0.01     0.00    -0.00   0.021   42
   161.22    58.85   191.87    -0.01     0.00     0.00   0.020   43
   162.20    58.85   192.89    -0.01     0.00     0.00   0.021   44
   161.22    58.85   191.87    -0.01     0.00     0.00   0.020   45
   163.18    57.87   192.89    -0.01     0.00     0.00   0.021   46
   161.22    58.85   191.87    -0.01     0.00     0.00   0.020   47
   162.20    58.85   191.87    -0.01     0.00     0.00   0.021   48
   160.24    57.87   190.85    -0.00     0.00     0.00   0.020   49
   161.22    58.85   190.85    -0.01     0.00    -0.00   0.021   50
   161.22    58.85   190.85    -0.00     0.00     0.00   0.020   51
   162.20    57.87   191.87    -0.01     0.00     0.00   0.021   52
   161.22    58.85   192.89    -0.01     0.00     0.00   0.020   53
   161.22    59.83   191.87    -0.00     0.00     0.00   0.021   54
   161.22    58.85   191.87    -0.01     0.00     0.00   0.020   55
   162.20    59.83   191.87    -0.01     0.00    -0.00   0.021   56
   161.22    58.85   191.87    -0.01     0.00     0.00   0.020   57
   162.20    59.83   191.87    -0.01     0.00    -0.00   0.021   58
   162.20    58.85   191.87    -0.00     0.00     0.00   0.020   59
   161.22    58.85   191.87    -0.00     0.00     0.00   0.020   60
   161.22    58.85   190.85    -0.00     0.00     0.00   0.021   61
   162.20    58.85   191.87    -0.01     0.00    -0.00   0.020   62
   161.22    57.87   190.85    -0.01     0.00    -0.00   0.021   63
   161.22    57.87   192.89    -0.00     0.00     0.00   0.020   64
   161.22    57.87   190.85    -0.00     0.00    -0.00   0.021   65
   162.20    58.85   191.87    -0.01     0.00     0.00   0.020   66
   161.22    58.85   191.87    -0.01     0.00     0.00   0.021   67
   163.18    59.83   192.89    -0.01     0.00     0.00   0.020   68
   162.20    58.85   190.85    -0.01     0.00     0.00   0.021   69
   163.18    58.85   190.85    -0.01     0.00     0.00   0.020   70
   161.22    59.83   191.87    -0.01     0.00     0.00   0.021   71
   162.20    59.83   193.91    -0.01     0.00    -0.00   0.020   72
   162.20    58.85   191.87    -0.00     0.00    -0.00   0.021   73
   161.22    57.87   191.87    -0.00     0.00    -0.00   0.020   74
   161.22    57.87   190.85    -0.00     0.00    -0.00   0.021   75
   162.20    57.87   190.85    -0.00     0.00    -0.00   0.020   76
   162.20    57.87   190.85    -0.00     0.00    -0.00   0.021   77
   161.22    58.85   190.85    -0.01     0.00     0.00   0.020   78
   160.24    58.85   192.89    -0.01     0.00     0.00   0.021   79
   161.22    58.85   191.87    -0.01     0.00     0.00   0.020   80
   160.24    59.83   192.89    -0.01    -0.00     0.00   0.021   81
   160.24    58.85   191.87    -0.01    -0.00    -0.00   0.020   82
   162.20    58.85   190.85    -0.00    -0.00     0.00   0.021   83
   161.22    58.85   190.85    -0.00    -0.00    -0.00   0.020   84
   162.20    58.85   193.91    -0.00     0.00    -0.00   0.020   85
   160.24    58.85   191.87    -0.00     0.00    -0.00   0.021   86
   162.20    58.85   190.85    -0.01     0.00    -0.00   0.020   87
   161.22    59.83   192.89    -0.01     0.00     0.00   0.021   88
   162.20    58.85   191.87    -0.01     0.00     0.00   0.020   89
   161.22    56.89   191.87    -0.01     0.00     0.00   0.021   90
   162.20    58.85   192.89    -0.01     0.00     0.00   0.020   91
   161.22    58.85   189.84    -0.01     0.00     0.00   0.021   92
   162.20    57.87   190.85    -0.01     0.00     0.00   0.020   93
   161.22    58.85   191.87    -0.01     0.00     0.00   0.021   94
   161.22    59.83   192.89    -0.01     0.00     0.00   0.020   95
   161.22    59.83   190.85    -0.01     0.00     0.00   0.021   96
   163.18    58.85   192.89    -0.00     0.00    -0.00   0.020   97
   162.20    57.87   191.87    -0.01     0.00    -0.00   0.021   98
   162.20    57.87   191.87    -0.01     0.00     0.00   0.020   99
   161.22    60.81   191.87    -0.01     0.00     0.00   0.021  100
   162.20    59.83   192.89    -0.01     0.00     0.00   0.020  101
   162.20    60.81   190.85    -0.01     0.00     0.00   0.021  102
   161.22    58.85   192.89    -0.01     0.00     0.00   0.020  103
   161.22    57.87   189.84    -0.01     0.00     0.00   0.021  104
   162.20    57.87   192.89    -0.01     0.00     0.00   0.020  105
   162.20    57.87   191.87    -0.00    -0.00    -0.00   0.021  106
   161.22    58.85   191.87    -0.00     0.00    -0.00   0.020  107
   161.22    57.87   190.85    -0.00     0.00    -0.00   0.021  108
   161.22    59.83   192.89    -0.00     0.00    -0.00   0.020  109
   160.24    58.85   192.89    -0.01     0.00    -0.00   0.020  110
   162.20    58.85   191.87    -0.01     0.00     0.00   0.021  111
   160.24    58.85   190.85    -0.01     0.00     0.00   0.020  112
   161.22    58.85   192.89    -0.01     0.00    -0.00   0.021  113
   162.20    58.85   191.87    -0.01     0.00     0.00   0.020  114
   162.20    58.85   190.85    -0.01     0.00    -0.00   0.021  115
   161.22    58.85   190.85    -0.00     0.00    -0.00   0.020  116
   161.22    57.87   191.87    -0.00     0.00     0.00   0.021  117
   161.22    58.85   189.84    -0.01     0.00     0.00   0.020  118
   161.22    58.85   191.87    -0.01     0.00     0.00   0.021  119
   161.22    56.89   190.85    -0.01     0.00     0.00   0.020  120
   161.22    58.85   190.85    -0.01     0.00     0.00   0.021  121
   161.22    57.87   192.89    -0.01     0.00     0.00   0.020  122
   161.22    58.85   191.87    -0.01    -0.00     0.00   0.021  123
   160.24    58.85   191.87    -0.01    -0.00     0.00   0.020  124
   162.20    60.81   193.91    -0.00    -0.00     0.00   0.021  125
   162.20    57.87   191.87    -0.00     0.00     0.00   0.020  126
   164.15    57.87   191.87    -0.00     0.00    -0.00   0.021  127
   160.24    59.83   192.89    -0.00     0.00    -0.00   0.020  128
   161.22    59.83   192.89    -0.00     0.00    -0.00   0.021  129
   161.22    58.85   191.87    -0.00     0.00    -0.00   0.020  130
   162.20    60.81   191.87    -0.00    -0.00    -0.00   0.021  131
   160.24    58.85   189.84    -0.01     0.00     0.00   0.020  132
   162.20    59.83   192.89    -0.00     0.00     0.00   0.021  133
   162.20    57.87   191.87    -0.00     0.00     0.00   0.020  134
   161.22    58.85   191.87    -0.01     0.00     0.00   0.020  135
   160.24    58.85   191.87    -0.01     0.00     0.00   0.021  136
   162.20    58.85   191.87    -0.01     0.00     0.00   0.020  137
   161.22    58.85   191.87    -0.01     0.00     0.00   0.021  138
   161.22    59.83   191.87    -0.00     0.00     0.00   0.020  139
   161.22    57.87   191.87    -0.01     0.00     0.00   0.021  140
   162.20    57.87   193.91    -0.01     0.00     0.00   0.020  141
   161.22    58.85   190.85    -0.00     0.00    -0.00   0.021  142
   161.22    58.85   191.87    -0.00     0.00    -0.00   0.020  143
   160.24    58.85   192.89    -0.01     0.00     0.00   0.021  144
   161.22    58.85   192.89    -0.00     0.00     0.00   0.020  145
   161.22    59.83   190.85    -0.01     0.00     0.00   0.021  146
   160.24    58.85   190.85    -0.01     0.00     0.00   0.020  147
   161.22    58.85   190.85    -0.01     0.00     0.00   0.021  148
   160.24    59.83   190.85    -0.01     0.00     0.00   0.020  149
   161.22    58.85   191.87    -0.01     0.00     0.00   0.021  150
   161.22    59.83   192.89    -0.01     0.00     0.00   0.020  151
   162.20    58.85   192.89    -0.01     0.00     0.00   0.021  152
   161.22    58.85   192.89    -0.01     0.00     0.00   0.020  153
   161.22    59.83   191.87    -0.01     0.00     0.00   0.021  154
   162.20    60.81   191.87    -0.01     0.00     0.00   0.020  155
   161.22    58.85   191.87    -0.01     0.00     0.00   0.021  156
   163.18    57.87   193.91    -0.01     0.00    -0.00   0.020  157
   161.22    57.87   190.85    -0.00     0.00    -0.00   0.021  158
   161.22    58.85   192.89    -0.00     0.00    -0.00   0.020  159
   160.24    59.83   190.85    -0.00     0.00     0.00   0.020  160
   161.22    59.83   191.87    -0.00     0.00     0.00   0.021  161
   161.22    57.87   191.87    -0.01     0.00     0.00   0.020  162
   161.22    57.87   191.87    -0.01     0.00     0.00   0.021  163
   161.22    58.85   191.87    -0.01     0.00     0.00   0.020  164
   162.20    58.85   193.91    -0.01     0.00     0.00   0.021  165
   161.22    58.85   192.89    -0.01    -0.00     0.00   0.020  166
   162.20    58.85   192.89    -0.00     0.00     0.00   0.021  167
   161.22    57.87   191.87    -0.00    -0.00    -0.00   0.020  168
   162.20    57.87   191.87    -0.00     0.00    -0.00   0.021  169
   162.20    58.85   191.87    -0.00     0.00    -0.00   0.020  170
   162.20    58.85   191.87    -0.00     0.00    -0.00   0.021  171
   161.22    58.85   191.87    -0.01     0.00     0.00   0.020  172
   163.18    57.87   191.87    -0.01    -0.00     0.00   0.021  173
   161.22    58.85   191.87    -0.00    -0.00     0.00   0.020  174
   161.22    58.85   191.87    -0.01    -0.00     0.00   0.021  175
   162.20    58.85   190.85    -0.01    -0.00     0.00   0.020  176
   164.15    57.87   191.87    -0.01     0.00     0.00   0.021  177
   161.22    59.83   192.89    -0.01     0.00     0.00   0.020  178
   161.22    57.87   193.91    -0.01     0.00     0.00   0.021  179
   161.22    57.87   190.85    -0.01     0.00    -0.00   0.020  180
   161.22    57.87   191.87    -0.01     0.00     0.00   0.021  181
   161.22    58.85   192.89    -0.01    -0.00     0.00   0.020  182
   161.22    57.87   191.87    -0.01    -0.00    -0.00   0.021  183
   161.22    59.83   190.85    -0.00    -0.00    -0.00   0.020  184
   162.20    57.87   192.89    -0.00     0.00    -0.00   0.020  185
   162.20    57.87   189.84    -0.01     0.00    -0.00   0.021  186
   161.22    57.87   191.87    -0.01     0.00     0.00   0.020  187
   159.27    59.83   189.84    -0.01     0.00     0.00   0.021  188
   161.22    59.83   191.87    -0.00     0.00     0.00   0.020  189
   162.20    59.83   192.89    -0.00     0.00    -0.00   0.021  190
   162.20    56.89   190.85    -0.00    -0.00    -0.00   0.020  191
   161.22    58.85   192.89    -0.00     0.00    -0.00   0.021  192
   161.22    58.85   191.87    -0.00     0.00    -0.00   0.020  193
   162.20    58.85   191.87    -0.01     0.00     0.00   0.021  194
   161.22    58.85   191.87    -0.01     0.00     0.00   0.020  195
   162.20    58.85   191.87    -0.01     0.00     0.00   0.021  196
   161.22    58.85   192.89    -0.01     0.00     0.00   0.020  197
   162.20    58.85   191.87    -0.01     0.00     0.00   0.021  198
   160.24    58.85   191.87    -0.01     0.00     0.00   0.020  199
   161.22    59.83   192.89    -0.01     0.00     0.00   0.021  200
   161.22    58.85   192.89    -0.01     0.00     0.00   0.020  201
   163.18    58.85   192.89    -0.00     0.00    -0.00   0.021  202
   162.20    58.85   191.87    -0.00     0.00    -0.00   0.020  203
   162.20    57.87   191.87    -0.00     0.00    -0.00   0.021  204
   160.24    57.87   193.91    -0.00     0.00    -0.00   0.020  205
   161.22    59.83   191.87    -0.00     0.00    -0.00   0.021  206
   162.20    57.87   192.89    -0.00     0.00    -0.00   0.020  207
   160.24    58.85   191.87    -0.00     0.00     0.00   0.021  208
   161.22    57.87   190.85    -0.01     0.00     0.00   0.020  209
   162.20    58.85   190.85    -0.01     0.00     0.00   0.020  210
   161.22    58.85   190.85    -0.01     0.00     0.00   0.021  211
   161.22    58.85   190.85    -0.01     0.00     0.00   0.020  212
   161.22    57.87   191.87    -0.01     0.00     0.00   0.021  213
   162.20    58.85   192.89    -0.01     0.00     0.00   0.020  214
   162.20    57.87   190.85    -0.01     0.00     0.00   0.021  215
   163.18    57.87   191.87    -0.01     0.00     0.00   0.020  216
   161.22    57.87   192.89    -0.01     0.00     0.00   0.021  217
   162.20    58.85   192.89    -0.00     0.00     0.00   0.020  218
   161.22    58.85   189.84    -0.01     0.00    -0.00   0.021  219
   161.22    57.87   192.89    -0.01     0.00    -0.00   0.020  220
   161.22    58.85   191.87    -0.01     0.00     0.00   0.021  221
   162.20    58.85   192.89    -0.01     0.00     0.00   0.020  222
   162.20    58.85   191.87    -0.01     0.00     0.00   0.021  223
   161.22    59.83   190.85    -0.01     0.00     0.00   0.020  224
   160.24    58.85   191.87    -0.00     0.00     0.00   0.021  225
   162.20    58.85   191.87    -0.00     0.00    -0.00   0.020  226
   160.24    57.87   192.89    -0.00     0.00    -0.00   0.021  227
   160.24    58.85   193.91    -0.00     0.00     0.00   0.020  228
   161.22    58.85   192.89    -0.01     0.00    -0.00   0.021  229
   161.22    59.83   191.87    -0.00     0.00     0.00   0.020  230
   160.24    58.85   190.85    -0.01     0.00     0.00   0.021  231
   163.18    58.85   190.85    -0.01     0.00     0.00   0.020  232
   162.20    58.85   192.89    -0.01     0.00     0.00   0.021  233
   161.22    59.83   192.89    -0.01     0.00     0.00   0.020  234
   160.24    58.85   192.89    -0.01     0.00     0.00   0.020  235
   160.24    59.83   191.87    -0.01     0.00     0.00   0.021  236
   160.24    58.85   191.87    -0.01     0.00     0.00   0.020  237
   162.20    58.85   192.89    -0.01     0.00     0.00   0.021  238
   161.22    57.87   192.89    -0.01     0.00     0.00   0.020  239
   161.22    57.87   190.85    -0.01     0.00     0.00   0.021  240
   161.22    57.87   190.85    -0.01     0.00     0.00   0.020  241
   160.24    57.87   190.85    -0.00     0.00    -0.00   0.021  242
   162.20    58.85   191.87    -0.00     0.00    -0.00   0.020  243
   161.22    57.87   190.85    -0.00     0.00    -0.00   0.021  244
   161.22    57.87   192.89    -0.00     0.00    -0.00   0.020  245
   163.18    58.85   190.85    -0.00     0.00    -0.00   0.021  246
   162.20    58.85   192.89    -0.00     0.00    -0.00   0.020  247
   162.20    57.87   191.87    -0.00     0.00    -0.00   0.021  248
   161.22    58.85   191.87    -0.01     0.00    -0.00   0.020  249
   160.24    59.83   191.87    -0.01     0.00     0.00   0.021  250
   161.22    58.85   192.89    -0.00     0.00    -0.00   0.020  251
   162.20    58.85   192.89    -0.01     0.00     0.00   0.021  252
   163.18    57.87   192.89    -0.01     0.00     0.00   0.020  253
   160.24    58.85   192.89    -0.01     0.00     0.00   0.021  254
   161.22    58.85   192.89    -0.01     0.00     0.00   0.020  255
   160.24    57.87   191.87    -0.01     0.00     0.00   0.021    0
   162.20    58.85   191.87    -0.01     0.00    -0.00   0.020    1
   161.22    57.87   190.85    -0.01     0.00     0.00   0.021    2
   163.18    58.85   191.87    -0.01     0.00    -0.00   0.020    3
   161.22    58.85   191.87    -0.01     0.00     0.00   0.020    4
   162.20    58.85   192.89    -0.01     0.00     0.00   0.021    5
   162.20    57.87   192.89    -0.01     0.00     0.00   0.020    6
   162.20    58.85   192.89    -0.01     0.00     0.00   0.021    7
   162.20    58.85   189.84    -0.01     0.00     0.00   0.020    8
   161.22    58.85   190.85    -0.01     0.00    -0.00   0.021    9
   162.20    58.85   190.85    -0.00     0.00    -0.00   0.020   10
   160.24    59.83   191.87    -0.00     0.00    -0.00   0.021   11
   161.22    57.87   191.87    -0.00    -0.00    -0.00   0.020   12
   161.22    57.87   191.87    -0.01     0.00     0.00   0.021   13
   161.22    58.85   190.85    -0.00     0.00    -0.00   0.020   14
   161.22    57.87   191.87    -0.00     0.00    -0.00   0.021   15
   162.20    58.85   191.87    -0.00     0.00     0.00   0.020   16
   162.20    58.85   190.85    -0.01     0.00     0.00   0.021   17
   161.22    57.87   190.85    -0.01     0.00     0.00   0.020   18
   162.20    58.85   191.87    -0.01     0.00     0.00   0.021   19
   161.22    58.85   190.85    -0.01     0.00     0.00   0.020   20
   162.20    58.85   191.87    -0.01     0.00     0.00   0.021   21
   161.22    57.87   190.85    -0.01     0.00     0.00   0.020   22
   161.22    58.85   191.87    -0.01     0.00     0.00   0.021   23
   162.20    57.87   192.89    -0.01     0.00     0.00   0.020   24
   162.20    57.87   192.89    -0.01     0.00     0.00   0.021   25
   160.24    57.87   190.85    -0.01     0.00     0.00   0.020   26
   162.20    59.83   191.87    -0.01     0.00     0.00   0.021   27
   161.22    58.85   190.85    -0.01     0.00     0.00   0.020   28
   161.22    59.83   191.87    -0.01     0.00     0.00   0.020   29
   161.22    57.87   190.85    -0.01     0.00     0.00   0.021   30
   161.22    57.87   191.87    -0.01     0.00     0.00   0.020   31
   160.24    59.83   190.85    -0.01     0.00    -0.00   0.021   32
   162.20    58.85   190.85    -0.01     0.00     0.00   0.020   33
   161.22    58.85   191.87    -0.01     0.00     0.00   0.021   34
   162.20    57.87   190.85    -0.01     0.00     0.00   0.020   35
   161.22    57.87   191.87    -0.01     0.00     0.00   0.021   36
   161.22    57.87   190.85    -0.01     0.00     0.00   0.020   37
   162.20    57.87   192.89    -0.01     0.00     0.00   0.021   38
   162.20    57.87   191.87    -0.01     0.00    -0.00   0.020   39
   162.20    57.87   192.89    -0.00     0.00    -0.00   0.021   40
   161.22    58.85   191.87    -0.01     0.00    -0.00   0.020   41
   162.20    57.87   191.87    -0.01     0.00    -0.00   0.021   42
   161.22    58.85   191.87    -0.01     0.00    -0.00   0.020   43
   160.24    58.85   191.87    -0.01     0.00    -0.00   0.021   44
   161.22    57.87   192.89    -0.01     0.00     0.00   0.020   45
   161.22    57.87   192.89    -0.01     0.00    -0.00   0.021   46
   162.20    56.89   191.87    -0.01     0.00     0.00   0.020   47
   161.22    57.87   191.87    -0.00     0.00    -0.00   0.021   48
   160.24    57.87   190.85    -0.01     0.00    -0.00   0.020   49
   162.20    58.85   191.87    -0.01     0.00     0.00   0.021   50
   160.24    58.85   190.85    -0.01     0.00     0.00   0.020   51
   161.22    59.83   192.89    -0.01     0.00     0.00   0.021   52
   162.20    58.85   191.87    -0.01     0.00     0.00   0.020   53
   162.20    59.83   192.89    -0.01     0.00    -0.00   0.020   54
   162.20    58.85   191.87    -0.01     0.00    -0.00   0.021   55
   161.22    59.83   191.87    -0.00     0.00    -0.00   0.020   56
   162.20    58.85   190.85    -0.01     0.00    -0.00   0.021   57
   161.22    58.85   192.89    -0.01     0.00     0.00   0.020   58
   162.20    58.85   190.85    -0.00     0.00     0.00   0.021   59
   161.22    59.83   191.87    -0.00     0.00     0.00   0.020   60
   160.24    59.83   190.85    -0.00     0.00    -0.00   0.021   61
   161.22    58.85   192.89    -0.01     0.00     0.00   0.020   62
   161.22    57.87   191.87    -0.01     0.00     0.00   0.021   63
   163.18    58.85   191.87    -0.01     0.00     0.00   0.020   64
   161.22    58.85   192.89    -0.01     0.00    -0.00   0.021   65
   162.20    58.85   191.87    -0.01     0.00    -0.00   0.020   66
   160.24    58.85   190.85    -0.01     0.00     0.00   0.021   67
   162.20    59.83   190.85    -0.01     0.00     0.00   0.020   68
   161.22    57.87   191.87    -0.01     0.00    -0.00   0.021   69
   161.22    60.81   189.84    -0.01     0.00     0.00   0.020   70
   160.24    58.85   191.87    -0.01     0.00     0.00   0.021   71
   161.22    58.85   191.87    -0.01     0.00     0.00   0.020   72
   162.20    57.87   190.85    -0.01     0.00     0.00   0.021   73
   161.22    58.85   191.87    -0.00     0.00     0.00   0.020   74
   160.24    57.87   189.84    -0.01     0.00     0.00   0.021   75
   161.22    57.87   192.89    -0.00     0.00    -0.00   0.020   76
   161.22    57.87   191.87    -0.01     0.00    -0.00   0.021   77
   162.20    58.85   191.87    -0.00     0.00    -0.00   0.020   78
   161.22    57.87   189.84    -0.00     0.00    -0.00   0.020   79
   161.22    59.83   191.87    -0.00     0.00    -0.00   0.021   80
   161.22    57.87   190.85    -0.01     0.00     0.00   0.020   81
   163.18    59.83   191.87    -0.01     0.00     0.00   0.021   82
   161.22    57.87   191.87    -0.01     0.00     0.00   0.020   83
   161.22    59.83   191.87    -0.01     0.00     0.00   0.021   84
   161.22    56.89   191.87    -0.01     0.00     0.00   0.020   85
   162.20    58.85   191.87    -0.01     0.00     0.00   0.021   86
   161.22    56.89   190.85    -0.01     0.00     0.00   0.020   87
   161.22    58.85   191.87    -0.01     0.00    -0.00   0.021   88
   160.24    58.85   190.85    -0.01     0.00    -0.00   0.020   89
   160.24    58.85   191.87    -0.01     0.00     0.00   0.021   90
   161.22    58.85   190.85    -0.01     0.00     0.00   0.020   91
   162.20    58.85   190.85    -0.01     0.00     0.00   0.021   92
   161.22    57.87   190.85    -0.01     0.00     0.00   0.020   93
   162.20    56.89   191.87    -0.01     0.00     0.00   0.021   94
   160.24    59.83   191.87    -0.01     0.00     0.00   0.020   95
   161.22    58.85   192.89    -0.01     0.00     0.00   0.021   96
   161.22    57.87   190.85    -0.01     0.00     0.00   0.020   97
   161.22    57.87   192.89    -0.01     0.00     0.00   0.021   98
   161.22    58.85   191.87    -0.01     0.00     0.00   0.020   99
   161.22    58.85   189.84    -0.00     0.00    -0.00   0.021  100
   160.24    58.85   190.85    -0.01     0.00    -0.00   0.020  101
   162.20    58.85   191.87    -0.00     0.00    -0.00   0.021  102
   161.22    58.85   190.85    -0.00     0.00     0.00   0.020  103
   162.20    57.87   191.87    -0.01     0.00    -0.00   0.020  104
   160.24    58.85   191.87    -0.01     0.00     0.00   0.021  105
   161.22    58.85   192.89    -0.01     0.00     0.00   0.020  106
   162.20    58.85   191.87    -0.01     0.00     0.00   0.021  107
   162.20    57.87   192.89    -0.01     0.00    -0.00   0.020  108
   160.24    58.85   191.87    -0.00     0.00    -0.00   0.021  109
   162.20    58.85   192.89    -0.01     0.00     0.00   0.020  110
   161.22    57.87   190.85    -0.01     0.00     0.00   0.021  111
   161.22    59.83   192.89    -0.01     0.00    -0.00   0.020  112
   160.24    58.85   191.87    -0.01     0.00     0.00   0.021  113
   162.20    58.85   191.87    -0.01     0.00     0.00   0.020  114
   161.22    56.89   192.89    -0.01     0.00    -0.00   0.021  115
   162.20    57.87   189.84    -0.01     0.00    -0.00   0.020  116
   160.24    57.87   190.85    -0.00     0.00     0.00   0.021  117
   160.24    58.85   191.87    -0.00     0.00    -0.00   0.020  118
   160.24    58.85   190.85    -0.01     0.00    -0.00   0.021  119
   161.22    59.83   192.89    -0.01     0.00    -0.00   0.020  120
   160.24    57.87   190.85    -0.01     0.00     0.00   0.021  121
   161.22    57.87   191.87    -0.01     0.00     0.00   0.020  122
   161.22    58.85   190.85    -0.00     0.00     0.00   0.021  123
   161.22    57.87   192.89    -0.01     0.00     0.00   0.020  124
   162.20    58.85   191.87    -0.01     0.00     0.00   0.021  125
   162.20    57.87   192.89    -0.00     0.00     0.00   0.020  126
   162.20    57.87   191.87    -0.01     0.00     0.00   0.021  127
   162.20    57.87   190.85    -0.01     0.00    -0.00   0.020  128
   161.22    57.87   190.85    -0.01     0.00     0.00   0.020  129
   160.24    58.85   190.85    -0.01     0.00     0.00   0.021  130
   160.24    58.85   191.87    -0.01     0.00     0.00   0.020  131
   161.22    58.85   190.85    -0.01     0.00     0.00   0.021  132
   161.22    58.85   191.87    -0.01     0.00     0.00   0.020  133
   162.20    58.85   191.87    -0.01     0.00     0.00   0.021  134
   162.20    58.85   192.89    -0.00     0.00    -0.00   0.020  135
   162.20    58.85   191.87    -0.01     0.00     0.00   0.021  136
   162.20    57.87   191.87    -0.01     0.00    -0.00   0.020  137
   162.20    57.87   190.85    -0.00     0.00    -0.00   0.021  138
   161.22    57.87   191.87    -0.01     0.00    -0.00   0.020  139
   162.20    57.87   191.87    -0.01     0.00     0.00   0.021  140
   161.22    57.87   191.87    -0.01     0.00     0.00   0.020  141
   161.22    57.87   191.87    -0.01     0.00     0.00   0.021  142
   160.24    58.85   190.85    -0.01     0.00     0.00   0.020  143
   161.22    57.87   192.89    -0.01     0.00     0.00   0.021  144
   162.20    56.89   192.89    -0.01     0.00     0.00   0.020  145
   162.20    57.87   191.87    -0.00     0.00     0.00   0.021  146
   161.22    59.83   190.85    -0.01     0.00     0.00   0.020  147
   161.22    59.83   190.85    -0.00     0.00     0.00   0.021  148
   161.22    57.87   192.89    -0.01     0.00    -0.00   0.020  149
   162.20    58.85   193.91    -0.01     0.00     0.00   0.021  150
   160.24    57.87   189.84    -0.01     0.00     0.00   0.020  151
   161.22    58.85   191.87    -0.01     0.00     0.00   0.021  152
   162.20    57.87   191.87    -0.01     0.00     0.00   0.020  153
   161.22    57.87   192.89    -0.01     0.00     0.00   0.020  154
   161.22    57.87   191.87    -0.01     0.00    -0.00   0.021  155
   162.20    59.83   192.89    -0.01     0.00     0.00   0.020  156
   161.22    58.85   190.85    -0.00     0.00     0.00   0.021  157
   162.20    58.85   192.89    -0.01     0.00     0.00   0.020  158
   161.22    58.85   191.87    -0.00     0.00     0.00   0.021  159
   163.18    57.87   191.87    -0.00     0.00    -0.00   0.020  160
   161.22    59.83   192.89    -0.01     0.00     0.00   0.021  161
   162.20    58.85   191.87    -0.00     0.00    -0.00   0.020  162
   161.22    58.85   191.87    -0.01     0.00     0.00   0.021  163
   161.22    58.85   190.85    -0.01     0.00     0.00   0.020  164
   163.18    59.83   191.87    -0.01     0.00     0.00   0.021  165
   162.20    57.87   191.87    -0.01     0.00    -0.00   0.020  166
   162.20    58.85   192.89    -0.01     0.00     0.00   0.021  167
   161.22    57.87   190.85    -0.01     0.00    -0.00   0.020  168
   162.20    57.87   191.87    -0.01     0.00    -0.00   0.021  169
   160.24    56.89   189.84    -0.01     0.00     0.00   0.020  170
   162.20    57.87   192.89    -0.01     0.00     0.00   0.021  171
   161.22    57.87   190.85    -0.01     0.00    -0.00   0.020  172
   162.20    56.89   191.87    -0.01     0.00     0.00   0.021  173
   162.20    57.87   191.87    -0.01     0.00    -0.00   0.020  174
   162.20    59.83   191.87    -0.01     0.00     0.00   0.021  175
   162.20    57.87   191.87    -0.01     0.00    -0.00   0.020  176
   164.15    59.83   190.85    -0.01     0.00     0.00   0.021  177
   161.22    58.85   191.87    -0.01     0.00     0.00   0.020  178
   162.20    56.89   191.87    -0.01     0.00     0.00   0.020  179
   162.20    57.87   190.85    -0.01     0.00     0.00   0.021  180
   161.22    57.87   190.85    -0.01     0.00    -0.00   0.020  181
   161.22    57.87   193.91    -0.01     0.00     0.00   0.021  182
   162.20    58.85   192.89    -0.00     0.00     0.00   0.020  183
   161.22    58.85   191.87    -0.01     0.00    -0.00   0.021  184
   161.22    58.85   191.87    -0.01     0.00     0.00   0.020  185
   161.22    59.83   193.91    -0.01     0.00    -0.00   0.021  186
   161.22    58.85   191.87    -0.01     0.00     0.00   0.020  187
   163.18    58.85   190.85    -0.01     0.00     0.00   0.021  188
   161.22    56.89   190.85    -0.01     0.00     0.00   0.020  189
   161.22    57.87   192.89    -0.00     0.00     0.00   0.021  190
   160.24    57.87   191.87    -0.00     0.00     0.00   0.020  191
   162.20    58.85   192.89    -0.01     0.00    -0.00   0.021  192
   161.22    57.87   192.89    -0.01     0.00     0.00   0.020  193
   161.22    57.87   191.87    -0.01     0.00     0.00   0.021  194
   161.22    58.85   190.85    -0.01     0.00     0.00   0.020  195
   161.22    58.85   191.87    -0.01     0.00    -0.00   0.021  196
   161.22    57.87   191.87    -0.01     0.00     0.00   0.020  197
   162.20    59.83   192.89    -0.01     0.00     0.00   0.021  198
   162.20    57.87   190.85    -0.00     0.00     0.00   0.020  199
   161.22    57.87   192.89    -0.00     0.00     0.00   0.021  200
   161.22    58.85   190.85    -0.00     0.00     0.00   0.020  201
   162.20    57.87   190.85    -0.01     0.00    -0.00   0.021  202
   161.22    57.87   190.85    -0.00     0.00     0.00   0.020  203
   161.22    57.87   191.87    -0.01    -0.00     0.00   0.020  204
   160.24    57.87   191.87    -0.01     0.00    -0.00   0.021  205
   162.20    57.87   192.89    -0.01     0.00    -0.00   0.020  206
   163.18    57.87   192.89    -0.01     0.00     0.00   0.021  207
   161.22    57.87   192.89    -0.01     0.00    -0.00   0.020  208
   161.22    57.87   191.87    -0.01     0.00     0.00   0.021  209
   161.22    58.85   191.87    -0.01     0.00     0.00   0.020  210
   161.22    57.87   192.89    -0.01     0.00    -0.00   0.021  211
   162.20    57.87   192.89    -0.00     0.00    -0.00   0.020  212
   161.22    58.85   192.89    -0.00     0.00    -0.00   0.021  213
   161.22    57.87   191.87    -0.01     0.00     0.00   0.020  214
   163.18    57.87   189.84    -0.01     0.00    -0.00   0.021  215
   162.20    56.89   191.87    -0.01     0.00     0.00   0.020  216
   160.24    58.85   190.85    -0.00     0.00    -0.00   0.021  217
   161.22    57.87   191.87    -0.00     0.00     0.00   0.020  218
   160.24    58.85   190.85    -0.01     0.00     0.00   0.021  219
   162.20    57.87   190.85    -0.01     0.00     0.00   0.020  220
   161.22    58.85   190.85    -0.01     0.00     0.00   0.021  221
   162.20    57.87   191.87    -0.01     0.00     0.00   0.020  222
   160.24    58.85   191.87    -0.01     0.00    -0.00   0.021  223
   161.22    58.85   191.87    -0.01     0.00    -0.00   0.020  224
   162.20    58.85   191.87    -0.01     0.00     0.00   0.021  225
   161.22    57.87   190.85    -0.00     0.00     0.00   0.020  226
   161.22    58.85   191.87    -0.01     0.00    -0.00   0.021  227
   160.24    58.85   192.89    -0.01     0.00     0.00   0.020  228
   161.22    58.85   191.87    -0.01     0.00     0.00   0.020  229
   160.24    57.87   191.87    -0.01     0.00     0.00   0.021  230
   162.20    58.85   192.89    -0.01     0.00     0.00   0.020  231
   161.22    57.87   191.87    -0.01     0.00    -0.00   0.021  232
   162.20    60.81   192.89    -0.01     0.00     0.00   0.020  233
   162.20    57.87   191.87    -0.01     0.00     0.00   0.021  234
   162.20    58.85   192.89    -0.01     0.00     0.00   0.020  235
   161.22    57.87   190.85    -0.01     0.00     0.00   0.021  236
   162.20    57.87   192.89    -0.01     0.00    -0.00   0.020  237
   160.24    57.87   190.85    -0.01     0.00     0.00   0.021  238
   162.20    58.85   191.87    -0.01     0.00     0.00   0.020  239
   162.20    58.85   191.87    -0.01     0.00     0.00   0.021  240
   161.22    57.87   191.87    -0.01     0.00     0.00   0.020  241
   161.22    58.85   190.85    -0.01     0.00     0.00   0.021  242
   161.22    58.85   191.87    -0.00     0.00     0.00   0.020  243
   162.20    58.85   191.87    -0.01     0.00     0.00   0.021  244
   163.18    58.85   191.87    -0.01     0.00    -0.00   0.020  245
   161.22    58.85   191.87    -0.01     0.00     0.00   0.021  246
   162.20    58.85   192.89    -0.01     0.00    -0.00   0.020  247
   161.22    58.85   191.87    -0.01     0.00     0.00   0.021  248
   161.22    58.85   191.87    -0.01     0.00     0.00   0.020  249
   161.22    58.85   192.89    -0.01     0.00    -0.00   0.021  250
   161.22    57.87   192.89    -0.01     0.00     0.00   0.020  251
