   170.02    52.97   184.75     0.01     0.00    -0.00   0.021    0
   168.06    52.97   184.75     0.01     0.00    -0.00   0.020    1
   170.02    51.98   185.77     0.01     0.00    -0.00   0.021    2
   168.06    52.97   184.75     0.01     0.00    -0.00   0.020    3
   169.04    52.97   184.75     0.01     0.00    -0.00   0.021    4
   169.04    51.98   183.73     0.01     0.00     0.00   0.020    5
   170.02    51.98   184.75     0.01     0.00    -0.00   0.021    6
   169.04    51.98   182.71     0.01     0.00    -0.00   0.020    7
   168.06    51.98   182.71     0.01     0.00    -0.00   0.021    8
   170.02    52.97   183.73     0.01     0.00    -0.00   0.020    9
   169.04    51.00   183.73     0.01     0.00    -0.00   0.021   10
   169.04    51.00   183.73     0.01     0.00    -0.00   0.020   11
   169.04    51.98   183.73     0.01     0.00    -0.00   0.021   12
   169.04    51.98   183.73     0.01     0.00    -0.00   0.020   13
   170.02    52.97   183.73     0.00     0.00    -0.00   0.021   14
   168.06    51.98   182.71     0.01     0.00    -0.00   0.020   15
   169.04    52.97   183.73     0.00     0.00     0.00   0.020   16
   169.04    51.98   182.71     0.01     0.00     0.00   0.021   17
   170.02    51.98   184.75     0.01     0.00    -0.00   0.020   18
   169.04    51.98   183.73     0.01     0.00    -0.00   0.021   19
   170.02    52.97   184.75     0.01     0.00    -0.00   0.020   20
   170.99    51.98   185.77     0.01     0.00    -0.00   0.021   21
   169.04    51.98   184.75     0.01     0.00    -0.00   0.020   22
   169.04    52.97   183.73     0.01     0.00    -0.00   0.021   23
   169.04    51.98   182.71     0.01     0.00    -0.00   0.020   24
   168.06    51.98   185.77     0.01     0.00     0.00   0.021   25
   168.06    51.98   183.73     0.00     0.00     0.00   0.020   26
   169.04    52.97   183.73     0.00     0.00    -0.00   0.021   27
   169.04    51.98   184.75     0.01     0.00     0.00   0.020   28
   169.04    51.98   185.77     0.01     0.00    -0.00   0.021   29
   169.04    51.98   183.73     0.01     0.00    -0.00   0.020   30
   170.02    52.97   184.75     0.01     0.00    -0.00   0.021   31
   170.02    51.98   184.75     0.01     0.00     0.00   0.020   32
   171.97    51.98   185.77     0.01     0.00    -0.00   0.021   33
   170.02    51.98   183.73     0.01     0.00    -0.00   0.020   34
   169.04    52.97   185.77     0.01     0.00    -0.00   0.021   35
   169.04    52.97   183.73     0.01     0.00     0.00   0.020   36
   169.04    51.98   183.73     0.01     0.00     0.00   0.021   37
   169.04    51.98   182.71     0.01     0.00    -0.00   0.020   38
   168.06    52.97   184.75     0.01     0.00    -0.00   0.021   39
   170.02    52.97   183.73     0.01     0.00    -0.00   0.020   40
   170.02    52.97   183.73     0.01     0.00    -0.00   0.020   41
   169.04    51.98   182.71     0.01     0.00    -0.00   0.021   42
   169.04    51.00   181.69     0.01     0.00    -0.00   0.020   43
   169.04    51.98   184.75     0.01     0.00    -0.00   0.021   44
   169.04    51.00   185.77     0.00     0.00     0.00   0.020   45
   169.04    51.98   185.77     0.00     0.00    -0.00   0.021   46
   169.04    51.98   183.73     0.01     0.00    -0.00   0.020   47
   170.99    51.98   183.73     0.01     0.00     0.00   0.021   48
   167.08    51.98   183.73     0.01     0.00    -0.00   0.020   49
   169.04    51.98   184.75     0.01     0.00    -0.00   0.021   50
   170.02    52.97   185.77     0.01     0.00    -0.00   0.020   51
   170.02    51.98   185.77     0.01     0.00    -0.00   0.021   52
   168.06    52.97   185.77     0.01     0.00    -0.00   0.020   53
   169.04    51.98   184.75     0.01     0.00    -0.00   0.021   54
   170.02    51.98   184.75     0.01     0.00    -0.00   0.020   55
   169.04    51.98   182.71     0.01     0.00    -0.00   0.021   56
   169.04    52.97   185.77     0.01     0.00     0.00   0.020   57
   168.06    52.97   184.75     0.01     0.00     0.00   0.021   58
   170.02    51.98   183.73     0.01     0.00     0.00   0.020   59
   170.99    51.98   182.71     0.01     0.00    -0.00   0.021   60
   169.04    52.97   183.73     0.01     0.00    -0.00   0.020   61
   169.04    51.98   181.69     0.01     0.00    -0.00   0.021   62
   169.04    51.98   184.75     0.01     0.00    -0.00   0.020   63
   169.04    52.97   182.71     0.01     0.00    -0.00   0.021   64
   169.04    51.00   184.75     0.01     0.00    -0.00   0.020   65
   170.02    51.98   183.73     0.01     0.00     0.00   0.020   66
   170.02    51.98   185.77     0.01     0.00     0.00   0.021   67
   169.04    51.98   184.75     0.01     0.00    -0.00   0.020   68
   168.06    51.98   184.75     0.01     0.00    -0.00   0.021   69
   169.04    51.98   184.75     0.01     0.00     0.00   0.020   70
   169.04    51.00   182.71     0.01     0.00    -0.00   0.021   71
   170.02    51.98   183.73     0.01     0.00     0.00   0.020   72
   168.06    51.98   184.75     0.01     0.00    -0.00   0.021   73
   170.02    51.98   184.75     0.01     0.00    -0.00   0.020   74
   170.02    51.98   184.75     0.01     0.00    -0.00   0.021   75
   170.99    51.98   185.77     0.00     0.00    -0.00   0.020   76
   169.04    52.97   183.73     0.01     0.00    -0.00   0.021   77
   168.06    51.98   184.75     0.01     0.00    -0.00   0.020   78
   168.06    52.97   184.75     0.01     0.00    -0.00   0.021   79
   169.04    51.98   184.75     0.01     0.00     0.00   0.020   80
   169.04    52.97   184.75     0.01     0.00     0.00   0.021   81
   167.08    51.98   183.73     0.01     0.00    -0.00   0.020   82
   170.02    53.95   183.73     0.01     0.00     0.00   0.021   83
   170.02    51.98   185.77     0.01     0.00    -0.00   0.020   84
   170.02    52.97   184.75     0.01     0.00     0.00   0.021   85
   170.02    52.97   184.75     0.01     0.00     0.00   0.020   86
   170.02    51.98   184.75     0.01     0.00     0.00   0.021   87
   169.04    51.98   183.73     0.01     0.00     0.00   0.020   88
   168.06    51.98   182.71     0.01     0.00     0.00   0.021   89
   168.06    52.97   182.71     0.01     0.00    -0.00   0.020   90
   168.06    51.98   184.75     0.01     0.00    -0.00   0.020   91
   170.99    52.97   183.73     0.01     0.00    -0.00   0.021   92
   169.04    51.98   184.75     0.01     0.00    -0.00   0.020   93
   170.02    52.97   185.77     0.01     0.00    -0.00   0.021   94
   169.04    51.98   185.77     0.01     0.00     0.00   0.020   95
   169.04    51.98   184.75     0.01     0.00     0.00   0.021   96
   169.04    51.98   183.73     0.01     0.00    -0.00   0.020   97
   170.02    51.98   185.77     0.01     0.00    -0.00   0.021   98
   169.04    51.00   184.75     0.01     0.00    -0.00   0.020   99
   168.06    51.98   183.73     0.01     0.00    -0.00   0.021  100
   169.04    52.97   184.75     0.01     0.00    -0.00   0.020  101
   169.04    52.97   183.73     0.01     0.00    -0.00   0.021  102
   170.02    52.97   185.77     0.01     0.00    -0.00   0.020  103
   169.04    51.00   183.73     0.01     0.00    -0.00   0.021  104
   170.02    51.00   184.75     0.01     0.00    -0.00   0.020  105
   167.08    51.98   183.73     0.01     0.00    -0.00   0.021  106
   169.04    52.97   183.73     0.01     0.00    -0.00   0.020  107
   170.02    51.98   181.69     0.01     0.00     0.00   0.021  108
   169.04    52.97   184.75     0.00     0.00     0.00   0.020  109
   168.06    51.98   182.71     0.00     0.00    -0.00   0.021  110
   169.04    51.00   183.73     0.01     0.00    -0.00   0.020  111
   168.06    52.97   183.73     0.01     0.00     0.00   0.021  112
   169.04    51.00   183.73     0.01     0.00    -0.00   0.020  113
   170.02    51.98   184.75     0.01     0.00    -0.00   0.021  114
   168.06    51.98   184.75     0.01     0.00    -0.00   0.020  115
   168.06    52.97   183.73     0.01     0.00    -0.00   0.020  116
   169.04    51.00   183.73     0.00     0.00     0.00   0.021  117
   169.04    51.98   183.73     0.01     0.00    -0.00   0.020  118
   169.04    51.98   184.75     0.01     0.00    -0.00   0.021  119
   169.04    51.00   184.75     0.01     0.00    -0.00   0.020  120
   169.04    51.98   183.73     0.01     0.00    -0.00   0.021  121
   168.06    51.00   183.73     0.01     0.00    -0.00   0.020  122
   168.06    52.97   183.73     0.01     0.00    -0.00   0.021  123
   169.04    51.98   185.77     0.01     0.00    -0.00   0.020  124
   170.02    51.98   186.78     0.01     0.00    -0.00   0.021  125
   169.04    51.98   182.71     0.01     0.00    -0.00   0.020  126
   170.02    51.98   184.75     0.01     0.00    -0.00   0.021  127
   168.06    51.98   184.75     0.01     0.00    -0.00   0.020  128
   169.04    51.98   184.75     0.01     0.00    -0.00   0.021  129
   170.99    51.98   183.73     0.01     0.00    -0.00   0.020  130
   169.04    51.98   184.75     0.01     0.00    -0.00   0.021  131
   170.02    51.98   184.75     0.01     0.00    -0.00   0.020  132
   168.06    51.98   183.73     0.01     0.00    -0.00   0.021  133
   169.04    52.97   184.75     0.01     0.00    -0.00   0.020  134
   169.04    52.97   183.73     0.00     0.00     0.00   0.021  135
   168.06    51.98   185.77     0.00     0.00     0.00   0.020  136
   169.04    51.98   184.75     0.00     0.00     0.00   0.021  137
   169.04    51.00   184.75     0.01     0.00     0.00   0.020  138
   167.08    51.98   183.73     0.00     0.00     0.00   0.021  139
   170.02    51.98   183.73     0.00     0.00     0.00   0.020  140
   168.06    51.98   184.75     0.00     0.00     0.00   0.020  141
   169.04    51.98   183.73     0.00     0.00     0.00   0.021  142
   169.04    51.98   183.73     0.00     0.00     0.00   0.020  143
   170.02    51.98   184.75     0.00     0.00     0.00   0.021  144
   169.04    51.98   184.75     0.00     0.00    -0.00   0.020  145
   167.08    51.00   184.75     0.01     0.00     0.00   0.021  146
   170.02    51.98   184.75     0.00     0.00     0.00   0.020  147
   168.06    51.00   184.75     0.00     0.00    -0.00   0.021  148
   169.04    52.97   185.77     0.01     0.00     0.00   0.020  149
   168.06    51.00   183.73     0.01     0.00     0.00   0.021  150
   169.04    51.98   183.73     0.01     0.00    -0.00   0.020  151
   168.06    51.98   183.73     0.01     0.00    -0.00   0.021  152
   169.04    52.97   186.78     0.01     0.00     0.00   0.020  153
   168.06    51.98   183.73     0.01     0.00    -0.00   0.021  154
   169.04    52.97   184.75     0.01     0.00     0.00   0.020  155
   168.06    51.98   185.77     0.01     0.00    -0.00   0.021  156
   167.08    51.00   184.75     0.01     0.00    -0.00   0.020  157
   169.04    51.98   183.73     0.01     0.00    -0.00   0.021  158
   170.02    51.00   184.75     0.01     0.00    -0.00   0.020  159
   168.06    51.00   182.71     0.01     0.00    -0.00   0.021  160
   168.06    51.00   182.71     0.01     0.00    -0.00   0.020  161
   168.06    51.00   184.75     0.01     0.00     0.00   0.021  162
   168.06    51.98   183.73     0.01     0.00    -0.00   0.020  163
   169.04    52.97   185.77     0.01     0.00    -0.00   0.021  164
   169.04    51.98   184.75     0.01     0.00    -0.00   0.020  165
   168.06    52.97   184.75     0.01     0.00    -0.00   0.020  166
   168.06    51.98   185.77     0.01     0.00    -0.00   0.021  167
   168.06    51.98   183.73     0.01     0.00    -0.00   0.020  168
   168.06    51.98   183.73     0.01     0.00     0.00   0.021  169
   169.04    51.00   184.75     0.01     0.00    -0.00   0.020  170
   169.04    51.98   184.75     0.01     0.00    -0.00   0.021  171
   169.04    51.98   183.73     0.01     0.00     0.00   0.020  172
   169.04    51.98   183.73     0.00     0.00    -0.00   0.021  173
   169.04    50.02   184.75     0.01     0.00    -0.00   0.020  174
   169.04    51.98   185.77     0.01     0.00     0.00   0.021  175
   168.06    51.00   184.75     0.01     0.00    -0.00   0.020  176
   169.04    51.98   185.77     0.01     0.00     0.00   0.021  177
   168.06    50.02   184.75     0.01     0.00    -0.00   0.020  178
   168.06    51.98   185.77     0.01     0.00     0.00   0.021  179
   168.06    51.98   184.75     0.01     0.00    -0.00   0.020  180
   169.04    52.97   184.75     0.01     0.00     0.00   0.021  181
   169.04    50.02   183.73     0.01     0.00     0.00   0.020  182
   169.04    51.98   183.73     0.01     0.00    -0.00   0.021  183
   168.06    51.98   184.75     0.01     0.00    -0.00   0.020  184
   169.04    51.98   184.75     0.01     0.00     0.00   0.021  185
   169.04    51.98   184.75     0.01     0.00     0.00   0.020  186
   168.06    51.00   183.73     0.01     0.00    -0.00   0.021  187
   168.06    51.98   183.73     0.01     0.00    -0.00   0.020  188
   168.06    50.02   183.73     0.01     0.00    -0.00   0.021  189
   168.06    51.98   184.75     0.01     0.00    -0.00   0.020  190
   169.04    51.00   185.77     0.01     0.00    -0.00   0.020  191
   169.04    51.98   185.77     0.01     0.00     0.00   0.021  192
   170.02    51.00   184.75     0.01     0.00    -0.00   0.020  193
   170.02    51.98   185.77     0.01     0.00     0.00   0.021  194
   168.06    50.02   183.73     0.01     0.00    -0.00   0.020  195
   169.04    51.98   185.77     0.01     0.00     0.00   0.021  196
   168.06    51.00   184.75     0.01     0.00    -0.00   0.020  197
   169.04    51.98   184.75     0.00     0.00     0.00   0.021  198
   168.06    51.98   184.75     0.00     0.00    -0.00   0.020  199
   169.04    51.98   184.75     0.01     0.00     0.00   0.021  200
   168.06    51.98   183.73     0.00     0.00    -0.00   0.020  201
   170.02    51.98   184.75     0.01     0.00     0.00   0.021  202
   168.06    51.00   184.75     0.01     0.00     0.00   0.020  203
   168.06    52.97   186.78     0.00     0.00     0.00   0.021  204
   168.06    51.98   184.75     0.00     0.00    -0.00   0.020  205
   169.04    51.98   185.77     0.01     0.00     0.00   0.021  206
   169.04    50.02   183.73     0.01     0.00     0.00   0.020  207
   168.06    51.98   184.75     0.01     0.00     0.00   0.021  208
   168.06    51.00   183.73     0.01     0.00    -0.00   0.020  209
   168.06    51.98   185.77     0.01     0.00    -0.00   0.021  210
   168.06    51.00   183.73     0.01     0.00    -0.00   0.020  211
   168.06    51.00   184.75     0.01     0.00    -0.00   0.021  212
   168.06    51.98   185.77     0.01     0.00    -0.00   0.020  213
   168.06    51.00   185.77     0.01     0.00    -0.00   0.021  214
   168.06    51.00   184.75     0.01     0.00    -0.00   0.020  215
   168.06    50.02   183.73     0.01     0.00    -0.00   0.020  216
   169.04    51.00   185.77     0.01     0.00    -0.00   0.021  217
   168.06    51.00   185.77     0.01     0.00     0.00   0.020  218
   168.06    51.98   184.75     0.01     0.00    -0.00   0.021  219
   168.06    51.98   183.73     0.01     0.00     0.00   0.020  220
   170.02    51.98   184.75     0.01     0.00    -0.00   0.021  221
   169.04    51.00   184.75     0.01     0.00     0.00   0.020  222
   168.06    51.00   184.75     0.01     0.00    -0.00   0.021  223
   168.06    51.98   185.77     0.01     0.00    -0.00   0.020  224
   169.04    51.00   184.75     0.01     0.00    -0.00   0.021  225
   168.06    51.00   183.73     0.01     0.00    -0.00   0.020  226
   168.06    51.00   185.77     0.01     0.00    -0.00   0.021  227
   169.04    51.98   184.75     0.01     0.00     0.00   0.020  228
   168.06    51.00   184.75     0.01     0.00    -0.00   0.021  229
   170.02    51.98   185.77     0.01    -0.00    -0.00   0.020  230
   169.04    51.98   183.73     0.00     0.00    -0.00   0.021  231
   168.06    51.98   184.75     0.01     0.00    -0.00   0.020  232
   168.06    51.00   184.75     0.01     0.00    -0.00   0.021  233
   169.04    51.98   185.77     0.01     0.00    -0.00   0.020  234
   167.08    51.00   185.77     0.01     0.00    -0.00   0.021  235
   168.06    51.00   186.78     0.01     0.00    -0.00   0.020  236
   167.08    51.00   185.77     0.01     0.00    -0.00   0.021  237
   168.06    51.00   184.75     0.01     0.00    -0.00   0.020  238
   167.08    51.00   183.73     0.01     0.00    -0.00   0.021  239
   168.06    51.00   183.73     0.01     0.00    -0.00   0.020  240
   167.08    51.98   184.75     0.01     0.00    -0.00   0.020  241
   168.06    51.00   184.75     0.01     0.00     0.00   0.021  242
   168.06    51.98   185.77     0.01     0.00    -0.00   0.020  243
   167.08    51.00   183.73     0.01     0.00    -0.00   0.021  244
   168.06    51.00   186.78     0.01     0.00    -0.00   0.020  245
   168.06    51.00   184.75     0.01     0.00    -0.00   0.021  246
   168.06    51.00   184.75     0.01     0.00    -0.00   0.020  247
   167.08    51.00   184.75     0.01     0.00    -0.00   0.021  248
   170.99    51.98   185.77     0.01     0.00    -0.00   0.020  249
   169.04    51.00   184.75     0.01     0.00    -0.00   0.021  250
   169.04    51.00   185.77     0.01     0.00    -0.00   0.020  251
   168.06    51.98   185.77     0.01     0.00    -0.00   0.021  252
   168.06    51.00   184.75     0.01     0.00     0.00   0.020  253
   169.04    51.00   185.77     0.01     0.00    -0.00   0.021  254
   169.04    51.00   184.75     0.01     0.00     0.00   0.020  255
   168.06    51.00   185.77     0.01     0.00    -0.00   0.021    0
   169.04    51.00   185.77     0.01     0.00    -0.00   0.020    1
   169.04    51.98   185.77     0.01     0.00    -0.00   0.021    2
   168.06    51.98   183.73     0.01     0.00    -0.00   0.020    3
   170.02    51.98   186.78     0.01    -0.00    -0.00   0.021    4
   168.06    51.98   185.77     0.01    -0.00    -0.00   0.020    5
   169.04    51.00   185.77     0.01     0.00    -0.00   0.021    6
   168.06    51.00   184.75     0.01     0.00    -0.00   0.020    7
   168.06    51.00   185.77     0.01     0.00    -0.00   0.021    8
   167.08    51.00   183.73     0.01     0.00     0.00   0.020    9
   168.06    51.00   185.77     0.01     0.00    -0.00   0.020   10
   168.06    51.00   185.77     0.01     0.00    -0.00   0.021   11
   169.04    51.00   185.77     0.01     0.00    -0.00   0.020   12
   168.06    51.98   184.75     0.01     0.00     0.00   0.021   13
   169.04    51.00   184.75     0.01     0.00     0.00   0.020   14
   169.04    51.98   184.75     0.01     0.00    -0.00   0.021   15
   167.08    51.00   184.75     0.01     0.00    -0.00   0.020   16
   168.06    51.00   184.75     0.00     0.00     0.00   0.021   17
   168.06    51.00   185.77     0.01     0.00     0.00   0.020   18
   168.06    51.00   184.75     0.01     0.00    -0.00   0.021   19
   168.06    51.00   184.75     0.01     0.00    -0.00   0.020   20
   169.04    51.98   185.77     0.01     0.00    -0.00   0.021   21
   167.08    51.00   184.75     0.01     0.00    -0.00   0.020   22
   168.06    51.98   185.77     0.01     0.00    -0.00   0.021   23
   169.04    51.98   185.77     0.01     0.00    -0.00   0.020   24
   168.06    51.98   183.73     0.01     0.00    -0.00   0.021   25
   169.04    51.98   184.75     0.01     0.00    -0.00   0.020   26
   168.06    51.00   184.75     0.01     0.00    -0.00   0.021   27
   169.04    51.98   185.77     0.01     0.00    -0.00   0.020   28
   168.06    51.00   184.75     0.01     0.00    -0.00   0.021   29
   168.06    51.00   185.77     0.01     0.00    -0.00   0.020   30
   167.08    51.98   182.71     0.01     0.00     0.00   0.021   31
   168.06    51.00   184.75     0.01     0.00    -0.00   0.020   32
   169.04    51.98   185.77     0.01     0.00    -0.00   0.021   33
   168.06    51.98   184.75     0.01     0.00    -0.00   0.020   34
   168.06    51.00   183.73     0.01    -0.00     0.00   0.020   35
   168.06    51.00   184.75     0.01    -0.00    -0.00   0.021   36
   168.06    51.00   183.73     0.01    -0.00    -0.00   0.020   37
   168.06    51.00   185.77     0.01     0.00    -0.00   0.021   38
   168.06    51.98   183.73     0.01    -0.00    -0.00   0.020   39
   167.08    51.00   185.77     0.01     0.00    -0.00   0.021   40
   169.04    51.98   185.77     0.01     0.00     0.00   0.020   41
   168.06    51.00   184.75     0.01     0.00    -0.00   0.021   42
   168.06    51.98   184.75     0.01     0.00    -0.00   0.020   43
   168.06    51.00   184.75     0.01     0.00    -0.00   0.021   44
   169.04    51.00   184.75     0.01     0.00     0.00   0.020   45
   169.04    51.00   184.75     0.01     0.00    -0.00   0.021   46
   168.06    51.98   185.77     0.01     0.00    -0.00   0.020   47
   168.06    51.98   185.77     0.01     0.00    -0.00   0.021   48
   168.06    51.00   183.73     0.01     0.00    -0.00   0.020   49
   170.02    51.00   184.75     0.01     0.00    -0.00   0.021   50
   168.06    51.00   184.75     0.01     0.00    -0.00   0.020   51
   169.04    51.00   184.75     0.01     0.00    -0.00   0.021   52
   168.06    51.00   184.75     0.01     0.00    -0.00   0.020   53
   168.06    51.98   185.77     0.01     0.00     0.00   0.021   54
   168.06    51.00   185.77     0.01     0.00    -0.00   0.020   55
   169.04    51.98   185.77     0.01     0.00    -0.00   0.021   56
   168.06    51.98   184.75     0.01     0.00    -0.00   0.020   57
   168.06    51.00   185.77     0.01     0.00    -0.00   0.021   58
   169.04    51.00   185.77     0.01     0.00    -0.00   0.020   59
   168.06    51.98   183.73     0.01     0.00    -0.00   0.020   60
   168.06    51.98   184.75     0.01     0.00    -0.00   0.021   61
   168.06    51.98   185.77     0.01     0.00    -0.00   0.020   62
   169.04    51.98   184.75     0.01     0.00    -0.00   0.021   63
   168.06    51.98   184.75     0.01     0.00    -0.00   0.020   64
   169.04    51.00   185.77     0.01     0.00    -0.00   0.021   65
   169.04    51.00   185.77     0.01     0.00    -0.00   0.020   66
   168.06    51.00   184.75     0.01    -0.00    -0.00   0.021   67
   167.08    51.00   184.75     0.01    -0.00    -0.00   0.020   68
   168.06    51.00   184.75     0.01    -0.00    -0.00   0.021   69
   167.08    51.98   185.77     0.01    -0.00    -0.00   0.020   70
   169.04    51.00   184.75     0.01    -0.00    -0.00   0.021   71
   169.04    51.98   184.75     0.01    -0.00    -0.00   0.020   72
   168.06    51.00   184.75     0.01    -0.00    -0.00   0.021   73
   169.04    51.98   185.77     0.01    -0.00     0.00   0.020   74
   168.06    51.98   184.75     0.01     0.00    -0.00   0.021   75
   168.06    51.00   186.78     0.01     0.00     0.00   0.020   76
   168.06    50.02   184.75     0.01     0.00    -0.00   0.021   77
   168.06    51.00   185.77     0.01     0.00    -0.00   0.020   78
   168.06    51.00   183.73     0.01     0.00    -0.00   0.021   79
   168.06    51.00   184.75     0.01     0.00    -0.00   0.020   80
   168.06    51.98   184.75     0.01     0.00    -0.00   0.021   81
   169.04    51.00   183.73     0.01     0.00    -0.00   0.020   82
   169.04    51.00   184.75     0.01     0.00     0.00   0.021   83
   168.06    51.98   184.75     0.01     0.00     0.00   0.020   84
   168.06    51.98   183.73     0.01     0.00    -0.00   0.020   85
   168.06    51.00   183.73     0.01     0.00    -0.00   0.021   86
   168.06    51.00   185.77     0.01     0.00    -0.00   0.020   87
   168.06    51.98   183.73     0.01     0.00    -0.00   0.021   88
   168.06    51.98   184.75     0.01     0.00     0.00   0.020   89
   168.06    51.00   185.77     0.01     0.00    -0.00   0.021   90
   169.04    51.98   185.77     0.01     0.00    -0.00   0.020   91
   168.06    51.00   184.75     0.01     0.00    -0.00   0.021   92
   168.06    51.98   184.75     0.01     0.00    -0.00   0.020   93
   168.06    51.98   185.77     0.01     0.00    -0.00   0.021   94
   168.06    51.98   185.77     0.01     0.00     0.00   0.020   95
   168.06    51.98   184.75     0.01     0.00    -0.00   0.021   96
   168.06    51.98   184.75     0.01     0.00    -0.00   0.020   97
   168.06    51.00   184.75     0.01     0.00    -0.00   0.021   98
   168.06    51.98   186.78     0.01     0.00    -0.00   0.020   99
   168.06    51.98   184.75     0.01     0.00    -0.00   0.021  100
   168.06    51.00   185.77     0.01     0.00    -0.00   0.020  101
   168.06    51.00   186.78     0.01     0.00    -0.00   0.021  102
   168.06    51.98   185.77     0.01    -0.00    -0.00   0.020  103
   169.04    51.98   185.77     0.01    -0.00     0.00   0.021  104
   167.08    51.00   185.77     0.01    -0.00    -0.00   0.020  105
   168.06    51.98   184.75     0.01    -0.00    -0.00   0.021  106
   168.06    51.00   183.73     0.01    -0.00    -0.00   0.020  107
   168.06    51.00   184.75     0.01     0.00    -0.00   0.021  108
   168.06    51.00   184.75     0.01     0.00    -0.00   0.020  109
   169.04    51.98   184.75     0.01     0.00    -0.00   0.020  110
   167.08    51.98   184.75     0.01     0.00    -0.00   0.021  111
   169.04    51.98   186.78     0.01     0.00    -0.00   0.020  112
   168.06    51.98   185.77     0.01     0.00     0.00   0.021  113
   168.06    51.00   185.77     0.01     0.00     0.00   0.020  114
   168.06    51.98   184.75     0.01     0.00    -0.00   0.021  115
   168.06    51.00   185.77     0.01     0.00    -0.00   0.020  116
   167.08    51.00   184.75     0.01     0.00     0.00   0.021  117
   168.06    51.00   185.77     0.01     0.00    -0.00   0.020  118
   167.08    51.00   183.73     0.01     0.00    -0.00   0.021  119
   168.06    51.00   184.75     0.01     0.00    -0.00   0.020  120
   167.08    52.97   186.78     0.01     0.00     0.00   0.021  121
   168.06    51.00   185.77     0.01     0.00    -0.00   0.020  122
   168.06    51.98   184.75     0.01     0.00    -0.00   0.021  123
   168.06    51.00   185.77     0.01     0.00    -0.00   0.020  124
   169.04    51.98   185.77     0.01     0.00    -0.00   0.021  125
   167.08    51.00   184.75     0.01     0.00    -0.00   0.020  126
   168.06    51.98   185.77     0.01     0.00    -0.00   0.021  127
   167.08    51.00   185.77     0.01     0.00    -0.00   0.020  128
   168.06    51.00   185.77     0.01     0.00    -0.00   0.021  129
   168.06    51.98   184.75     0.01     0.00    -0.00   0.020  130
   169.04    51.98   184.75     0.01     0.00    -0.00   0.021  131
   168.06    51.98   184.75     0.01     0.00    -0.00   0.020  132
   167.08    51.00   183.73     0.01     0.00    -0.00   0.021  133
   168.06    51.98   185.77     0.01     0.00    -0.00   0.020  134
   168.06    51.00   185.77     0.01     0.00     0.00   0.020  135
   168.06    51.00   185.77     0.01     0.00    -0.00   0.021  136
   167.08    51.00   183.73     0.01    -0.00    -0.00   0.020  137
   169.04    51.00   185.77     0.01    -0.00    -0.00   0.021  138
   168.06    51.00   185.77     0.01    -0.00    -0.00   0.020  139
   169.04    51.98   185.77     0.01     0.00    -0.00   0.021  140
   167.08    51.98   184.75     0.01    -0.00    -0.00   0.020  141
   168.06    51.98   185.77     0.01     0.00    -0.00   0.021  142
   169.04    51.98   182.71     0.01    -0.00    -0.00   0.020  143
   167.08    51.00   184.75     0.01     0.00    -0.00   0.021  144
   169.04    51.00   184.75     0.01    -0.00    -0.00   0.020  145
   167.08    51.98   185.77     0.01     0.00     0.00   0.021  146
   168.06    51.98   185.77     0.01     0.00    -0.00   0.020  147
   168.06    51.00   184.75     0.01     0.00    -0.00   0.021  148
   168.06    51.98   184.75     0.01     0.00    -0.00   0.020  149
   168.06    51.00   184.75     0.01     0.00    -0.00   0.021  150
   169.04    51.00   185.77     0.01     0.00    -0.00   0.020  151
   168.06    50.02   185.77     0.01     0.00    -0.00   0.021  152
   169.04    51.00   184.75     0.01     0.00    -0.00   0.020  153
   167.08    51.98   183.73     0.01     0.00    -0.00   0.021  154
   168.06    50.02   184.75     0.01     0.00     0.00   0.020  155
   169.04    51.98   185.77     0.01     0.00    -0.00   0.021  156
   169.04    51.00   184.75     0.01     0.00    -0.00   0.020  157
   169.04    51.98   184.75     0.01     0.00     0.00   0.021  158
   167.08    51.00   184.75     0.01     0.00     0.00   0.020  159
   169.04    51.98   185.77     0.01     0.00    -0.00   0.020  160
   167.08    51.00   185.77     0.01     0.00    -0.00   0.021  161
   169.04    51.98   185.77     0.01    -0.00    -0.00   0.020  162
   168.06    51.00   183.73     0.01     0.00    -0.00   0.021  163
   168.06    51.98   185.77     0.01     0.00    -0.00   0.020  164
   167.08    51.00   183.73     0.01     0.00    -0.00   0.021  165
   168.06    51.98   185.77     0.01     0.00    -0.00   0.020  166
   168.06    51.00   185.77     0.01     0.00    -0.00   0.021  167
   169.04    51.98   186.78     0.01     0.00    -0.00   0.020  168
   168.06    51.98   185.77     0.01     0.00    -0.00   0.021  169
   168.06    51.00   184.75     0.01     0.00    -0.00   0.020  170
   169.04    51.98   185.77     0.01    -0.00    -0.00   0.021  171
   168.06    51.98   184.75     0.01     0.00    -0.00   0.020  172
   168.06    51.00   183.73     0.01    -0.00     0.00   0.021  173
   167.08    51.00   184.75     0.01     0.00    -0.00   0.020  174
   167.08    51.98   182.71     0.01    -0.00    -0.00   0.021  175
   169.04    51.00   184.75     0.01     0.00    -0.00   0.020  176
   168.06    51.98   184.75     0.01     0.00    -0.00   0.021  177
   168.06    51.98   184.75     0.00     0.00    -0.00   0.020  178
   169.04    51.00   184.75     0.01     0.00     0.00   0.021  179
   168.06    51.98   185.77     0.01     0.00    -0.00   0.020  180
   168.06    51.98   184.75     0.01     0.00    -0.00   0.021  181
   167.08    51.00   184.75     0.01     0.00    -0.00   0.020  182
   168.06    51.98   185.77     0.01     0.00    -0.00   0.021  183
   167.08    51.00   184.75     0.00     0.00    -0.00   0.020  184
   167.08    51.00   183.73     0.01     0.00    -0.00   0.020  185
   168.06    50.02   184.75     0.01     0.00    -0.00   0.021  186
   169.04    51.98   186.78     0.01     0.00    -0.00   0.020  187
   169.04    51.00   184.75     0.01     0.00    -0.00   0.021  188
   168.06    51.98   185.77     0.01     0.00    -0.00   0.020  189
   168.06    51.00   185.77     0.01     0.00    -0.00   0.021  190
   168.06    51.98   186.78     0.01     0.00    -0.00   0.020  191
   167.08    51.00   185.77     0.01     0.00    -0.00   0.021  192
   168.06    51.00   185.77     0.01     0.00    -0.00   0.020  193
   167.08    51.98   184.75     0.01     0.00    -0.00   0.021  194
   167.08    51.98   184.75     0.01     0.00    -0.00   0.020  195
   168.06    51.98   185.77     0.01     0.00    -0.00   0.021  196
   168.06    51.98   184.75     0.01     0.00    -0.00   0.020  197
   168.06    51.00   184.75     0.01     0.00    -0.00   0.021  198
   167.08    51.98   185.77     0.01     0.00    -0.00   0.020  199
   167.08    51.98   185.77     0.01     0.00    -0.00   0.021  200
   167.08    51.98   184.75     0.01     0.00    -0.00   0.020  201
   168.06    51.00   184.75     0.01     0.00    -0.00   0.021  202
   168.06    51.00   185.77     0.01     0.00    -0.00   0.020  203
   167.08    51.98   184.75     0.01    -0.00    -0.00   0.021  204
   167.08    51.00   184.75     0.01    -0.00    -0.00   0.020  205
   168.06    51.98   184.75     0.01    -0.00    -0.00   0.021  206
   168.06    50.02   184.75     0.00     0.00     0.00   0.020  207
   169.04    51.98   186.78     0.01    -0.00     0.00   0.021  208
   169.04    51.98   185.77     0.01    -0.00     0.00   0.020  209
   167.08    51.00   183.73     0.01     0.00     0.00   0.020  210
   169.04    51.98   185.77     0.01     0.00     0.00   0.021  211
   167.08    51.98   186.78     0.01     0.00    -0.00   0.020  212
   168.06    51.00   185.77     0.01     0.00    -0.00   0.021  213
   168.06    50.02   185.77     0.01     0.00    -0.00   0.020  214
   169.04    51.98   186.78     0.01     0.00     0.00   0.021  215
   167.08    51.98   184.75     0.01    -0.00     0.00   0.020  216
   167.08    51.98   184.75     0.01    -0.00    -0.00   0.021  217
   168.06    51.98   185.77     0.01     0.00    -0.00   0.020  218
   168.06    51.00   184.75     0.01     0.00    -0.00   0.021  219
   167.08    51.98   185.77     0.01     0.00    -0.00   0.020  220
   169.04    51.00   185.77     0.01     0.00    -0.00   0.021  221
   169.04    51.98   185.77     0.01     0.00    -0.00   0.020  222
   167.08    51.00   184.75     0.01     0.00    -0.00   0.021  223
   170.02    51.00   185.77     0.01     0.00    -0.00   0.020  224
   168.06    51.98   184.75     0.01     0.00    -0.00   0.021  225
   168.06    51.98   184.75     0.01     0.00    -0.00   0.020  226
   168.06    51.00   185.77     0.01    -0.00     0.00   0.021  227
   167.08    51.00   186.78     0.01     0.00    -0.00   0.020  228
   165.13    51.00   183.73     0.01     0.00     0.00   0.021  229
   167.08    51.00   185.77     0.01     0.00    -0.00   0.020  230
   167.08    51.98   184.75     0.01     0.00    -0.00   0.021  231
   168.06    51.98   185.77     0.01     0.00    -0.00   0.020  232
   168.06    51.00   184.75     0.01     0.00    -0.00   0.021  233
   168.06    51.00   184.75     0.01     0.00    -0.00   0.020  234
   168.06    51.98   185.77     0.01     0.00    -0.00   0.020  235
   167.08    51.98   184.75     0.01     0.00    -0.00   0.021  236
   167.08    51.98   184.75     0.01     0.00     0.00   0.020  237
   167.08    51.00   184.75     0.01    -0.00     0.00   0.021  238
   168.06    51.00   184.75     0.01    -0.00    -0.00   0.020  239
   167.08    51.00   184.75     0.01     0.00     0.00   0.021  240
   168.06    51.98   185.77     0.01     0.00    -0.00   0.020  241
   169.04    51.98   184.75     0.01     0.00    -0.00   0.021  242
   167.08    51.00   186.78     0.01     0.00    -0.00   0.020  243
   168.06    51.00   185.77     0.01     0.00    -0.00   0.021  244
   167.08    51.98   184.75     0.01     0.00    -0.00   0.020  245
   168.06    51.00   184.75     0.01     0.00     0.00   0.021  246
   167.08    51.00   184.75     0.01     0.00    -0.00   0.020  247
   168.06    51.98   184.75     0.01     0.00    -0.00   0.021  248
   168.06    51.00   184.75     0.01     0.00     0.00   0.020  249
   168.06    51.98   184.75     0.01     0.00    -0.00   0.021  250
   168.06    51.98   185.77     0.01     0.00    -0.00   0.020  251
   168.06    51.00   185.77     0.01    -0.00    -0.00   0.021  252
   168.06    51.00   186.78     0.01     0.00    -0.00   0.020  253
   168.06    51.98   184.75     0.01     0.00     0.00   0.021  254
   168.06    51.00   185.77     0.01     0.00    -0.00   0.020  255
   167.08    51.00   183.73     0.01     0.00    -0.00   0.021    0
   169.04    51.00   185.77     0.01     0.00    -0.00   0.020    1
   167.08    51.98   183.73     0.01     0.00    -0.00   0.021    2
   169.04    51.98   186.78     0.01     0.00    -0.00   0.020    3
   168.06    51.00   184.75     0.01     0.00    -0.00   0.020    4
   168.06    51.98   184.75     0.01     0.00    -0.00   0.021    5
   168.06    51.98   185.77     0.01     0.00     0.00   0.020    6
   167.08    51.98   184.75     0.01     0.00     0.00   0.021    7
   168.06    51.98   185.77     0.01     0.00    -0.00   0.020    8
   168.06    51.00   185.77     0.01     0.00    -0.00   0.021    9
   168.06    51.98   186.78     0.01     0.00    -0.00   0.020   10
   168.06    51.00   185.77     0.01     0.00    -0.00   0.021   11
   168.06    51.00   185.77     0.01     0.00    -0.00   0.020   12
   167.08    51.00   185.77     0.01     0.00    -0.00   0.021   13
   167.08    51.00   184.75     0.01     0.00    -0.00   0.020   14
   167.08    50.02   184.75     0.01    -0.00    -0.00   0.021   15
   168.06    51.98   184.75     0.01     0.00     0.00   0.020   16
   168.06    51.00   184.75     0.01    -0.00    -0.00   0.021   17
   167.08    51.98   184.75     0.01    -0.00     0.00   0.020   18
   169.04    50.02   184.75     0.01    -0.00    -0.00   0.021   19
   168.06    51.98   184.75     0.01     0.00    -0.00   0.020   20
   167.08    51.98   186.78     0.01    -0.00    -0.00   0.021   21
   169.04    50.02   185.77     0.01     0.00    -0.00   0.020   22
   168.06    51.00   185.77     0.01     0.00    -0.00   0.021   23
   167.08    50.02   184.75     0.01     0.00    -0.00   0.020   24
   168.06    51.98   184.75     0.01     0.00    -0.00   0.021   25
   167.08    51.00   183.73     0.01     0.00    -0.00   0.020   26
   168.06    51.98   186.78     0.01     0.00     0.00   0.021   27
   168.06    51.00   184.75     0.01     0.00    -0.00   0.020   28
   168.06    51.98   185.77     0.01     0.00    -0.00   0.020   29
   168.06    51.00   184.75     0.01     0.00    -0.00   0.021   30
   168.06    51.98   186.78     0.01     0.00     0.00   0.020   31
   168.06    51.00   184.75     0.01     0.00    -0.00   0.021   32
   167.08    51.00   185.77     0.01     0.00    -0.00   0.020   33
   167.08    51.00   184.75     0.01     0.00    -0.00   0.021   34
   168.06    50.02   185.77     0.01    -0.00    -0.00   0.020   35
   167.08    51.00   183.73     0.01     0.00    -0.00   0.021   36
   167.08    51.00   185.77     0.01     0.00    -0.00   0.020   37
   168.06    51.00   184.75     0.01     0.00    -0.00   0.021   38
   168.06    51.00   186.78     0.01     0.00    -0.00   0.020   39
   169.04    51.00   186.78     0.01     0.00     0.00   0.021   40
   168.06    50.02   184.75     0.01     0.00    -0.00   0.020   41
   169.04    51.00   185.77     0.01     0.00    -0.00   0.021   42
   167.08    51.00   185.77     0.01     0.00    -0.00   0.020   43
   168.06    51.00   186.78     0.01     0.00    -0.00   0.021   44
   168.06    51.00   184.75     0.01     0.00    -0.00   0.020   45
   168.06    51.00   183.73     0.01     0.00    -0.00   0.021   46
   168.06    51.00   184.75     0.01     0.00    -0.00   0.020   47
   168.06    51.00   184.75     0.01    -0.00    -0.00   0.021   48
   167.08    51.98   184.75     0.01    -0.00    -0.00   0.020   49
   168.06    50.02   185.77     0.01    -0.00    -0.00   0.021   50
   167.08    51.98   185.77     0.01    -0.00    -0.00   0.020   51
   167.08    50.02   185.77     0.01     0.00    -0.00   0.021   52
   168.06    51.00   184.75     0.01     0.00    -0.00   0.020   53
   168.06    50.02   184.75     0.01     0.00    -0.00   0.020   54
   168.06    51.98   184.75     0.01     0.00    -0.00   0.021   55
   168.06    51.00   184.75     0.01     0.00     0.00   0.020   56
   168.06    51.00   184.75     0.01     0.00     0.00   0.021   57
   167.08    51.98   184.75     0.01     0.00    -0.00   0.020   58
   169.04    51.00   183.73     0.01     0.00    -0.00   0.021   59
   168.06    51.00   184.75     0.01     0.00    -0.00   0.020   60
   168.06    51.98   185.77     0.01     0.00    -0.00   0.021   61
   168.06    51.00   184.75     0.01     0.00     0.00   0.020   62
   170.02    51.98   186.78     0.01     0.00    -0.00   0.021   63
   166.11    51.98   185.77     0.01     0.00    -0.00   0.020   64
   169.04    51.98   185.77     0.01     0.00     0.00   0.021   65
   167.08    51.00   183.73     0.01     0.00    -0.00   0.020   66
   168.06    51.98   185.77     0.01     0.00    -0.00   0.021   67
   169.04    51.98   184.75     0.01     0.00    -0.00   0.020   68
   168.06    51.98   185.77     0.01     0.00    -0.00   0.021   69
   168.06    51.98   186.78     0.01     0.00     0.00   0.020   70
   168.06    51.98   186.78     0.01     0.00    -0.00   0.021   71
   168.06    51.98   185.77     0.01     0.00     0.00   0.020   72
   168.06    51.00   184.75     0.01     0.00    -0.00   0.021   73
   169.04    51.98   186.78     0.01     0.00    -0.00   0.020   74
   168.06    51.00   185.77     0.01     0.00    -0.00   0.021   75
   168.06    51.98   184.75     0.01     0.00    -0.00   0.020   76
   167.08    51.00   183.73     0.01     0.00    -0.00   0.021   77
   169.04    51.00   185.77     0.01    -0.00    -0.00   0.020   78
   168.06    51.00   185.77     0.01     0.00     0.00   0.020   79
   167.08    51.98   186.78     0.01    -0.00    -0.00   0.021   80
   167.08    51.00   183.73     0.01     0.00     0.00   0.020   81
   169.04    51.98   186.78     0.01    -0.00     0.00   0.021   82
   168.06    51.98   185.77     0.01     0.00    -0.00   0.020   83
   168.06    51.00   187.80     0.01    -0.00     0.00   0.021   84
   169.04    51.98   185.77     0.01     0.00    -0.00   0.020   85
   168.06    51.98   184.75     0.01     0.00    -0.00   0.021   86
   168.06    51.98   185.77     0.01     0.00     0.00   0.020   87
   167.08    52.97   184.75     0.01     0.00    -0.00   0.021   88
   168.06    51.00   185.77     0.01     0.00    -0.00   0.020   89
   167.08    51.00   185.77     0.01    -0.00    -0.00   0.021   90
   168.06    51.00   185.77     0.01     0.00    -0.00   0.020   91
   168.06    51.00   184.75     0.01     0.00    -0.00   0.021   92
   168.06    51.00   185.77     0.01     0.00     0.00   0.020   93
   168.06    51.98   185.77     0.01    -0.00     0.00   0.021   94
   170.02    51.00   185.77     0.01     0.00    -0.00   0.020   95
   168.06    51.00   185.77     0.01     0.00    -0.00   0.021   96
   167.08    52.97   186.78     0.01     0.00    -0.00   0.020   97
   168.06    51.00   184.75     0.01     0.00    -0.00   0.021   98
   168.06    51.00   185.77     0.01     0.00    -0.00   0.020   99
   167.08    51.98   184.75     0.01     0.00    -0.00   0.021  100
   168.06    51.98   185.77     0.01     0.00     0.00   0.020  101
   168.06    50.02   184.75     0.00     0.00     0.00   0.021  102
   168.06    51.00   185.77     0.01     0.00     0.00   0.020  103
   168.06    51.00   184.75     0.00     0.00    -0.00   0.020  104
   167.08    51.98   186.78     0.01     0.00    -0.00   0.021  105
   168.06    51.00   186.78     0.01     0.00     0.00   0.020  106
   168.06    51.00   186.78     0.01     0.00    -0.00   0.021  107
   168.06    51.98   185.77     0.01     0.00    -0.00   0.020  108
   169.04    51.98   185.77     0.01    -0.00    -0.00   0.021  109
   168.06    51.98   184.75     0.01    -0.00    -0.00   0.020  110
   169.04    51.98   185.77     0.01    -0.00    -0.00   0.021  111
   168.06    51.00   183.73     0.01    -0.00    -0.00   0.020  112
   168.06    51.98   185.77     0.01    -0.00     0.00   0.021  113
   169.04    51.00   184.75     0.01    -0.00    -0.00   0.020  114
   169.04    51.98   184.75     0.01     0.00    -0.00   0.021  115
   168.06    51.98   185.77     0.01     0.00     0.00   0.020  116
   169.04    51.00   185.77     0.01     0.00    -0.00   0.021  117
   168.06    51.00   186.78     0.01     0.00    -0.00   0.020  118
   169.04    51.00   186.78     0.01     0.00    -0.00   0.021  119
   168.06    51.98   187.80     0.01    -0.00     0.00   0.020  120
   168.06    51.00   185.77     0.01     0.00    -0.00   0.021  121
   168.06    51.00   184.75     0.01     0.00    -0.00   0.020  122
   168.06    51.98   185.77     0.01     0.00    -0.00   0.021  123
   167.08    51.98   185.77     0.01     0.00     0.00   0.020  124
   168.06    51.00   184.75     0.01    -0.00    -0.00   0.021  125
   167.08    51.00   184.75     0.00     0.00    -0.00   0.020  126
   168.06    51.98   187.80     0.01     0.00     0.00   0.021  127
   168.06    51.00   184.75     0.01     0.00     0.00   0.020  128
   168.06    51.00   185.77     0.01     0.00     0.00   0.020  129
   170.02    50.02   184.75     0.01    -0.00     0.00   0.021  130
   168.06    51.00   183.73     0.00     0.00     0.00   0.020  131
   168.06    51.00   184.75     0.00    -0.00     0.00   0.021  132
   167.08    50.02   185.77     0.00     0.00     0.00   0.020  133
   169.04    51.00   186.78     0.01     0.00    -0.00   0.021  134
   168.06    51.00   184.75     0.01     0.00    -0.00   0.020  135
   168.06    51.00   184.75     0.01     0.00    -0.00   0.021  136
   168.06    51.00   184.75     0.01     0.00    -0.00   0.020  137
   168.06    51.98   184.75     0.01     0.00    -0.00   0.021  138
   168.06    51.00   185.77     0.01     0.00    -0.00   0.020  139
   169.04    51.00   186.78     0.01    -0.00    -0.00   0.021  140
   168.06    51.00   184.75     0.01    -0.00    -0.00   0.020  141
   169.04    51.00   184.75     0.01    -0.00    -0.00   0.021  142
   168.06    51.00   185.77     0.01     0.00    -0.00   0.020  143
   168.06    51.98   185.77     0.01    -0.00    -0.00   0.021  144
   169.04    51.00   185.77     0.01    -0.00     0.00   0.020  145
   168.06    51.00   184.75     0.01     0.00    -0.00   0.021  146
   168.06    52.97   186.78     0.01     0.00    -0.00   0.020  147
   168.06    51.98   184.75     0.01     0.00    -0.00   0.021  148
   168.06    51.00   187.80     0.01     0.00    -0.00   0.020  149
   168.06    51.00   185.77     0.01     0.00    -0.00   0.021  150
   168.06    51.00   184.75     0.01     0.00    -0.00   0.020  151
   168.06    51.98   186.78     0.01     0.00     0.00   0.021  152
   168.06    51.00   185.77     0.01    -0.00    -0.00   0.020  153
   168.06    51.98   186.78     0.01     0.00    -0.00   0.020  154
   169.04    51.98   184.75     0.01     0.00    -0.00   0.021  155
   169.04    51.98   185.77     0.01    -0.00    -0.00   0.020  156
   168.06    51.00   185.77     0.01     0.00    -0.00   0.021  157
   167.08    51.98   186.78     0.01     0.00    -0.00   0.020  158
   168.06    51.98   185.77     0.01     0.00    -0.00   0.021  159
   168.06    51.98   185.77     0.01     0.00    -0.00   0.020  160
   167.08    51.00   184.75     0.01     0.00    -0.00   0.021  161
   168.06    51.00   184.75     0.01     0.00    -0.00   0.020  162
   167.08    50.02   184.75     0.01     0.00    -0.00   0.021  163
   168.06    50.02   185.77     0.01     0.00    -0.00   0.020  164
   168.06    51.98   185.77     0.01     0.00    -0.00   0.021  165
   170.02    52.97   186.78     0.01     0.00     0.00   0.020  166
   167.08    51.98   185.77     0.01     0.00    -0.00   0.021  167
   168.06    51.00   184.75     0.01     0.00    -0.00   0.020  168
   168.06    51.00   186.78     0.01     0.00    -0.00   0.021  169
   168.06    51.98   184.75     0.01     0.00    -0.00   0.020  170
   168.06    51.00   185.77     0.01     0.00    -0.00   0.021  171
   167.08    51.00   185.77     0.01    -0.00    -0.00   0.020  172
   167.08    51.00   184.75     0.01     0.00     0.00   0.021  173
   166.11    51.00   184.75     0.01    -0.00    -0.00   0.020  174
   167.08    51.00   184.75     0.01    -0.00     0.00   0.021  175
   168.06    51.98   185.77     0.01    -0.00    -0.00   0.020  176
   168.06    51.98   184.75     0.01     0.00    -0.00   0.021  177
   168.06    50.02   184.75     0.01     0.00    -0.00   0.020  178
   169.04    51.98   185.77     0.01     0.00    -0.00   0.020  179
   167.08    51.00   185.77     0.01     0.00    -0.00   0.021  180
   168.06    51.98   185.77     0.01     0.00    -0.00   0.020  181
   167.08    51.00   184.75     0.01     0.00    -0.00   0.021  182
   169.04    51.98   184.75     0.01     0.00    -0.00   0.020  183
   168.06    51.00   184.75     0.01     0.00    -0.00   0.021  184
   167.08    51.00   184.75     0.01     0.00     0.00   0.020  185
   168.06    51.00   184.75     0.01     0.00    -0.00   0.021  186
   169.04    51.98   186.78     0.01     0.00    -0.00   0.020  187
   168.06    51.00   185.77     0.01     0.00    -0.00   0.021  188
   168.06    50.02   184.75     0.01     0.00     0.00   0.020  189
   168.06    51.98   185.77     0.01     0.00    -0.00   0.021  190
   168.06    51.00   185.77     0.01     0.00     0.00   0.020  191
   168.06    51.00   184.75     0.01     0.00    -0.00   0.021  192
   168.06    51.00   184.75     0.01     0.00    -0.00   0.020  193
   169.04    51.00   185.77     0.01     0.00    -0.00   0.021  194
   168.06    50.02   184.75     0.01     0.00    -0.00   0.020  195
   168.06    51.98   185.77     0.01    -0.00    -0.00   0.021  196
   168.06    51.00   184.75     0.01     0.00    -0.00   0.020  197
   167.08    51.98   186.78     0.01     0.00    -0.00   0.021  198
   167.08    51.98   185.77     0.01     0.00    -0.00   0.020  199
   167.08    51.98   184.75     0.01     0.00    -0.00   0.021  200
   168.06    51.00   185.77     0.01     0.00    -0.00   0.020  201
   167.08    51.00   186.78     0.01     0.00    -0.00   0.021  202
   169.04    51.98   185.77     0.01     0.00    -0.00   0.020  203
   167.08    51.98   185.77     0.01     0.00    -0.00   0.020  204
   167.08    51.98   186.78     0.01    -0.00    -0.00   0.021  205
   168.06    51.00   183.73     0.01     0.00    -0.00   0.020  206
   167.08    51.98   184.75     0.01     0.00    -0.00   0.021  207
   168.06    51.00   185.77     0.01     0.00    -0.00   0.020  208
   169.04    51.00   185.77     0.01     0.00    -0.00   0.021  209
   168.06    50.02   184.75     0.01    -0.00     0.00   0.020  210
   168.06    51.00   185.77     0.01     0.00    -0.00   0.021  211
   168.06    50.02   185.77     0.01     0.00    -0.00   0.020  212
   168.06    51.00   186.78     0.01     0.00     0.00   0.021  213
   167.08    51.00   186.78     0.01     0.00    -0.00   0.020  214
   169.04    51.00   185.77     0.01     0.00    -0.00   0.021  215
   168.06    50.02   185.77     0.01     0.00     0.00   0.020  216
   169.04    51.00   187.80     0.01    -0.00    -0.00   0.021  217
   168.06    51.98   185.77     0.01     0.00    -0.00   0.020  218
   168.06    50.02   184.75     0.01     0.00    -0.00   0.021  219
   168.06    51.00   185.77     0.01     0.00    -0.00   0.020  220
   169.04    51.00   185.77     0.01     0.00    -0.00   0.021  221
   168.06    51.00   185.77     0.01     0.00    -0.00   0.020  222
   169.04    50.02   185.77     0.01     0.00    -0.00   0.021  223
   168.06    51.00   184.75     0.01     0.00    -0.00   0.020  224
   167.08    51.00   185.77     0.01     0.00     0.00   0.021  225
   168.06    51.98   185.77     0.01     0.00    -0.00   0.020  226
   168.06    51.00   185.77     0.01     0.00    -0.00   0.021  227
   168.06    51.00   185.77     0.01     0.00    -0.00   0.020  228
   168.06    51.00   185.77     0.01     0.00    -0.00   0.020  229
   169.04    51.00   184.75     0.01     0.00    -0.00   0.021  230
   167.08    51.98   185.77     0.01     0.00    -0.00   0.020  231
   169.04    51.00   185.77     0.01     0.00    -0.00   0.021  232
   167.08    51.00   184.75     0.01     0.00    -0.00   0.020  233
   169.04    51.00   185.77     0.01     0.00    -0.00   0.021  234
   167.08    51.00   186.78     0.01     0.00    -0.00   0.020  235
   169.04    51.98   185.77     0.01    -0.00    -0.00   0.021  236
   169.04    51.00   184.75     0.01    -0.00    -0.00   0.020  237
   167.08    51.00   185.77     0.01    -0.00    -0.00   0.021  238
   168.06    51.00   186.78     0.01    -0.00    -0.00   0.020  239
   168.06    51.00   183.73     0.01    -0.00    -0.00   0.021  240
   169.04    51.98   186.78     0.01    -0.00    -0.00   0.020  241
   168.06    51.00   185.77     0.01    -0.00     0.00   0.021  242
   169.04    51.00   186.78     0.01     0.00    -0.00   0.020  243
   167.08    51.00   184.75     0.01     0.00    -0.00   0.021  244
   167.08    52.97   187.80     0.01     0.00     0.00   0.020  245
   168.06    51.00   185.77     0.01     0.00    -0.00   0.021  246
   168.06    51.00   185.77     0.01     0.00    -0.00   0.020  247
   168.06    51.98   185.77     0.01     0.00    -0.00   0.021  248
   168.06    51.00   185.77     0.01     0.00    -0.00   0.020  249
   168.06    50.02   185.77     0.01     0.00    -0.00   0.021  250
   168.06    51.00   183.73     0.01     0.00    -0.00   0.020  251
   168.06    51.98   184.75     0.01     0.00    -0.00   0.021  252
   168.06    51.98   185.77     0.01     0.00    -0.00   0.020  253
   168.06    51.00   185.77     0.01     0.00     0.00   0.020  254
   168.06    51.98   185.77     0.01     0.00    -0.00   0.021  255
   168.06    51.98   184.75     0.01     0.00    -0.00   0.020    0
   168.06    51.00   185.77     0.01     0.00     0.00   0.021    1
   169.04    51.98   186.78     0.01     0.00    -0.00   0.020    2
   167.08    51.00   185.77     0.01     0.00    -0.00   0.021    3
   168.06    51.00   185.77     0.01     0.00    -0.00   0.020    4
   169.04    51.00   184.75     0.01     0.00    -0.00   0.021    5
   167.08    51.98   185.77     0.01     0.00    -0.00   0.020    6
   167.08    51.98   185.77     0.01     0.00    -0.00   0.021    7
   168.06    51.98   185.77     0.01     0.00    -0.00   0.020    8
   167.08    51.00   185.77     0.01     0.00    -0.00   0.021    9
   169.04    51.98   185.77     0.01     0.00     0.00   0.020   10
   168.06    51.00   185.77     0.01     0.00    -0.00   0.021   11
   167.08    51.98   185.77     0.01     0.00    -0.00   0.020   12
   168.06    51.98   185.77     0.01     0.00    -0.00   0.021   13
   168.06    50.02   184.75     0.01    -0.00    -0.00   0.020   14
   166.11    51.00   184.75     0.01     0.00    -0.00   0.021   15
   168.06    51.00   185.77     0.01    -0.00     0.00   0.020   16
   167.08    51.00   184.75     0.01    -0.00    -0.00   0.021   17
   167.08    51.00   183.73     0.01    -0.00     0.00   0.020   18
   167.08    51.00   184.75     0.01    -0.00    -0.00   0.021   19
   168.06    51.00   186.78     0.01     0.00    -0.00   0.020   20
   169.04    51.00   183.73     0.01     0.00    -0.00   0.021   21
   170.02    51.00   186.78     0.01     0.00    -0.00   0.020   22
   168.06    51.00   185.77     0.01     0.00     0.00   0.020   23
   167.08    51.00   183.73     0.01    -0.00    -0.00   0.021   24
   168.06    51.98   184.75     0.01     0.00    -0.00   0.020   25
   167.08    51.00   183.73     0.01     0.00    -0.00   0.021   26
   168.06    50.02   185.77     0.01     0.00    -0.00   0.020   27
   168.06    51.00   184.75     0.01     0.00    -0.00   0.021   28
   168.06    51.98   186.78     0.01     0.00    -0.00   0.020   29
   167.08    51.98   184.75     0.01     0.00    -0.00   0.021   30
   167.08    51.98   185.77     0.01     0.00    -0.00   0.020   31
   168.06    51.00   185.77     0.01     0.00     0.00   0.021   32
   168.06    51.98   185.77     0.01     0.00    -0.00   0.020   33
   168.06    51.00   187.80     0.01     0.00    -0.00   0.021   34
   167.08    51.98   186.78     0.01     0.00     0.00   0.020   35
   167.08    51.00   185.77     0.01     0.00     0.00   0.021   36
   167.08    51.00   184.75     0.01     0.00    -0.00   0.020   37
   168.06    51.00   185.77     0.01    -0.00    -0.00   0.021   38
   167.08    51.00   186.78     0.01     0.00    -0.00   0.020   39
   168.06    51.98   184.75     0.01    -0.00     0.00   0.021   40
   170.02    51.00   184.75     0.01     0.00    -0.00   0.020   41
   167.08    51.00   185.77     0.01     0.00    -0.00   0.021   42
   166.11    50.02   185.77     0.01     0.00    -0.00   0.020   43
   167.08    51.98   184.75     0.01     0.00    -0.00   0.021   44
   168.06    49.04   184.75     0.01     0.00    -0.00   0.020   45
   168.06    51.00   185.77     0.01     0.00     0.00   0.021   46
   168.06    50.02   185.77     0.01     0.00    -0.00   0.020   47
   169.04    51.98   186.78     0.01     0.00    -0.00   0.020   48
   168.06    51.00   184.75     0.01    -0.00    -0.00   0.021   49
   168.06    51.00   186.78     0.01    -0.00    -0.00   0.020   50
   168.06    51.00   184.75     0.01    -0.00    -0.00   0.021   51
   167.08    50.02   185.77     0.01    -0.00    -0.00   0.020   52
   168.06    51.00   185.77     0.01     0.00     0.00   0.021   53
   168.06    51.00   183.73     0.01    -0.00    -0.00   0.020   54
   167.08    51.00   183.73     0.01     0.00     0.00   0.021   55
   167.08    51.00   185.77     0.01     0.00    -0.00   0.020   56
   168.06    51.98   184.75     0.01     0.00    -0.00   0.021   57
   168.06    50.02   185.77     0.01     0.00    -0.00   0.020   58
   169.04    51.98   185.77     0.01     0.00     0.00   0.021   59
   168.06    51.00   184.75     0.01     0.00    -0.00   0.020   60
   168.06    51.00   184.75     0.01     0.00     0.00   0.021   61
   167.08    51.98   185.77     0.01     0.00    -0.00   0.020   62
   168.06    51.00   185.77     0.01     0.00     0.00   0.021   63
   168.06    50.02   184.75     0.01     0.00    -0.00   0.020   64
   167.08    51.00   184.75     0.01     0.00     0.00   0.021   65
   168.06    50.02   184.75     0.01     0.00    -0.00   0.020   66
   168.06    51.00   184.75     0.01    -0.00    -0.00   0.021   67
   168.06    50.02   185.77     0.01     0.00    -0.00   0.020   68
   168.06    51.00   185.77     0.01     0.00     0.00   0.021   69
   168.06    51.98   184.75     0.01     0.00    -0.00   0.020   70
   167.08    50.02   184.75     0.01     0.00    -0.00   0.021   71
   168.06    51.98   186.78     0.01     0.00    -0.00   0.020   72
   166.11    51.00   185.77     0.01     0.00    -0.00   0.020   73
   168.06    51.00   185.77     0.01     0.00    -0.00   0.021   74
   167.08    50.02   184.75     0.01     0.00    -0.00   0.020   75
   169.04    51.00   185.77     0.01     0.00    -0.00   0.021   76
   167.08    50.02   185.77     0.01     0.00    -0.00   0.020   77
   168.06    50.02   185.77     0.01     0.00    -0.00   0.021   78
   167.08    51.00   185.77     0.00     0.00    -0.00   0.020   79
   168.06    51.00   184.75     0.01     0.00    -0.00   0.021   80
   168.06    51.98   184.75     0.01     0.00    -0.00   0.020   81
   167.08    51.00   183.73     0.01     0.00    -0.00   0.021   82
   168.06    51.00   185.77     0.01     0.00    -0.00   0.020   83
   167.08    51.00   185.77     0.01     0.00     0.00   0.021   84
   169.04    51.98   185.77     0.01    -0.00    -0.00   0.020   85
   168.06    51.00   185.77     0.01    -0.00    -0.00   0.021   86
   167.08    51.98   184.75     0.01    -0.00    -0.00   0.020   87
   169.04    51.00   184.75     0.01    -0.00    -0.00   0.021   88
   168.06    51.98   186.78     0.01    -0.00    -0.00   0.020   89
   168.06    51.00   184.75     0.01     0.00     0.00   0.021   90
   167.08    51.00   185.77     0.01     0.00    -0.00   0.020   91
   169.04    51.00   185.77     0.01     0.00    -0.00   0.021   92
   168.06    50.02   184.75     0.01     0.00    -0.00   0.020   93
   168.06    51.98   185.77     0.01     0.00    -0.00   0.021   94
   168.06    51.00   184.75     0.01     0.00    -0.00   0.020   95
   168.06    51.00   185.77     0.01     0.00    -0.00   0.021   96
   167.08    51.00   184.75     0.01     0.00    -0.00   0.020   97
   169.04    51.00   183.73     0.01     0.00    -0.00   0.020   98
   166.11    50.02   184.75     0.01     0.00    -0.00   0.021   99
   170.02    51.00   186.78     0.01     0.00    -0.00   0.020  100
   168.06    50.02   183.73     0.01     0.00    -0.00   0.021  101
   168.06    51.00   185.77     0.01     0.00    -0.00   0.020  102
   167.08    51.00   184.75     0.01     0.00    -0.00   0.021  103
   170.02    51.98   186.78     0.01     0.00    -0.00   0.020  104
   168.06    51.00   185.77     0.01     0.00    -0.00   0.021  105
   169.04    51.00   187.80     0.01     0.00    -0.00   0.020  106
   168.06    51.00   185.77     0.01     0.00    -0.00   0.021  107
   169.04    51.00   185.77     0.01     0.00    -0.00   0.020  108
   168.06    51.00   185.77     0.01     0.00    -0.00   0.021  109
   167.08    51.00   184.75     0.01     0.00    -0.00   0.020  110
   167.08    50.02   184.75     0.01     0.00    -0.00   0.021  111
   166.11    51.00   185.77     0.01     0.00     0.00   0.020  112
   168.06    51.00   184.75     0.01     0.00    -0.00   0.021  113
   168.06    50.02   184.75     0.01     0.00    -0.00   0.020  114
   167.08    51.00   184.75     0.01     0.00    -0.00   0.021  115
   168.06    51.00   184.75     0.01     0.00    -0.00   0.020  116
   168.06    51.00   184.75     0.01     0.00    -0.00   0.021  117
   168.06    51.00   184.75     0.01     0.00    -0.00   0.020  118
   167.08    51.98   184.75     0.01     0.00     0.00   0.021  119
   168.06    50.02   184.75     0.01    -0.00    -0.00   0.020  120
   168.06    51.98   185.77     0.01    -0.00    -0.00   0.021  121
   168.06    51.00   185.77     0.01    -0.00    -0.00   0.020  122
   167.08    51.00   185.77     0.01    -0.00    -0.00   0.020  123
   169.04    50.02   185.77     0.01    -0.00    -0.00   0.021  124
   168.06    51.00   186.78     0.01     0.00     0.00   0.020  125
   169.04    51.00   184.75     0.01     0.00    -0.00   0.021  126
   169.04    51.00   186.78     0.01    -0.00    -0.00   0.020  127
   169.04    51.00   184.75     0.01     0.00     0.00   0.021  128
   168.06    51.00   184.75     0.01     0.00    -0.00   0.020  129
   168.06    51.00   185.77     0.01     0.00    -0.00   0.021  130
   168.06    51.00   185.77     0.01     0.00     0.00   0.020  131
   167.08    51.00   184.75     0.01     0.00     0.00   0.021  132
   169.04    51.00   184.75     0.01     0.00    -0.00   0.020  133
   167.08    51.00   184.75     0.01     0.00    -0.00   0.021  134
   169.04    50.02   185.77     0.01     0.00    -0.00   0.020  135
   168.06    50.02   184.75     0.01     0.00    -0.00   0.021  136
   168.06    51.98   185.77     0.01    -0.00    -0.00   0.020  137
   168.06    51.98   184.75     0.01     0.00    -0.00   0.021  138
   168.06    51.00   185.77     0.01     0.00    -0.00   0.020  139
   169.04    51.00   185.77     0.01     0.00    -0.00   0.021  140
   168.06    51.00   185.77     0.01     0.00     0.00   0.020  141
   168.06    51.00   184.75     0.01     0.00    -0.00   0.021  142
   167.08    51.00   184.75     0.01     0.00    -0.00   0.020  143
   169.04    51.00   185.77     0.01     0.00     0.00   0.021  144
   167.08    51.00   185.77     0.01     0.00    -0.00   0.020  145
   169.04    51.00   185.77     0.01     0.00     0.00   0.021  146
   167.08    51.00   184.75     0.01     0.00     0.00   0.020  147
   167.08    51.98   186.78     0.01     0.00     0.00   0.020  148
   168.06    51.00   185.77     0.01     0.00    -0.00   0.021  149
   168.06    51.00   185.77     0.01     0.00    -0.00   0.020  150
   167.08    51.00   184.75     0.01     0.00    -0.00   0.021  151
   168.06    51.00   184.75     0.01     0.00    -0.00   0.020  152
   167.08    51.00   185.77     0.01     0.00    -0.00   0.021  153
   168.06    51.00   185.77     0.01    -0.00    -0.00   0.020  154
   168.06    51.00   185.77     0.01     0.00     0.00   0.021  155
   167.08    51.98   185.77     0.01     0.00    -0.00   0.020  156
   166.11    51.98   183.73     0.01    -0.00    -0.00   0.021  157
   168.06    51.00   184.75     0.01     0.00    -0.00   0.020  158
   167.08    51.98   184.75     0.01     0.00    -0.00   0.021  159
   168.06    51.00   185.77     0.01     0.00     0.00   0.020  160
   168.06    51.00   184.75     0.01     0.00     0.00   0.021  161
   169.04    51.00   185.77     0.01     0.00     0.00   0.020  162
   169.04    51.00   185.77     0.01     0.00    -0.00   0.021  163
   167.08    51.00   186.78     0.01     0.00    -0.00   0.020  164
   167.08    51.98   185.77     0.01     0.00    -0.00   0.021  165
   168.06    51.00   184.75     0.01     0.00    -0.00   0.020  166
   167.08    51.98   184.75     0.01     0.00     0.00   0.021  167
   167.08    50.02   184.75     0.01     0.00    -0.00   0.020  168
   168.06    51.00   185.77     0.01     0.00    -0.00   0.021  169
   167.08    51.00   185.77     0.01     0.00    -0.00   0.020  170
   168.06    51.00   185.77     0.01     0.00    -0.00   0.021  171
   168.06    50.02   186.78     0.01     0.00    -0.00   0.020  172
   168.06    51.00   184.75     0.01     0.00     0.00   0.020  173
   167.08    51.00   184.75     0.01     0.00    -0.00   0.021  174
   167.08    50.02   185.77     0.01     0.00    -0.00   0.020  175
   168.06    50.02   185.77     0.01     0.00     0.00   0.021  176
   167.08    51.00   184.75     0.01     0.00    -0.00   0.020  177
   168.06    50.02   184.75     0.01     0.00    -0.00   0.021  178
   169.04    51.98   186.78     0.01    -0.00    -0.00   0.020  179
   167.08    51.98   186.78     0.01     0.00    -0.00   0.021  180
   167.08    51.00   184.75     0.01     0.00    -0.00   0.020  181
   168.06    51.00   186.78     0.01     0.00    -0.00   0.021  182
   167.08    51.00   184.75     0.01     0.00    -0.00   0.020  183
   167.08    51.00   184.75     0.01     0.00    -0.00   0.021  184
   168.06    51.00   184.75     0.01     0.00    -0.00   0.020  185
   168.06    51.00   183.73     0.01     0.00    -0.00   0.021  186
   168.06    50.02   184.75     0.01     0.00    -0.00   0.020  187
   168.06    51.98   186.78     0.01     0.00    -0.00   0.021  188
   167.08    51.98   183.73     0.01     0.00    -0.00   0.020  189
   169.04    51.98   187.80     0.01     0.00    -0.00   0.021  190
   168.06    51.00   183.73     0.01    -0.00    -0.00   0.020  191
   168.06    51.00   186.78     0.01    -0.00    -0.00   0.021  192
   167.08    51.98   184.75     0.01     0.00    -0.00   0.020  193
   168.06    51.00   185.77     0.01    -0.00    -0.00   0.021  194
   167.08    51.00   184.75     0.01     0.00    -0.00   0.020  195
   169.04    51.00   185.77     0.01    -0.00    -0.00   0.021  196
   168.06    50.02   185.77     0.01     0.00     0.00   0.020  197
   168.06    51.00   184.75     0.01     0.00    -0.00   0.020  198
   167.08    51.00   185.77     0.01     0.00    -0.00   0.021  199
   167.08    51.98   183.73     0.01     0.00    -0.00   0.020  200
   167.08    51.00   186.78     0.01     0.00    -0.00   0.021  201
   167.08    51.00   185.77     0.01     0.00    -0.00   0.020  202
   168.06    51.00   185.77     0.01     0.00    -0.00   0.021  203
   168.06    50.02   183.73     0.01     0.00    -0.00   0.020  204
   168.06    51.00   185.77     0.01    -0.00    -0.00   0.021  205
   167.08    51.00   184.75     0.01     0.00    -0.00   0.020  206
   169.04    51.98   186.78     0.01     0.00    -0.00   0.021  207
   167.08    51.00   184.75     0.01     0.00    -0.00   0.020  208
   167.08    51.00   185.77     0.01     0.00     0.00   0.021  209
   167.08    51.98   184.75     0.01     0.00    -0.00   0.020  210
   167.08    51.00   185.77     0.01     0.00    -0.00   0.021  211
   168.06    51.00   185.77     0.01     0.00    -0.00   0.020  212
   168.06    51.00   186.78     0.01    -0.00    -0.00   0.021  213
   168.06    51.98   185.77     0.01     0.00    -0.00   0.020  214
   167.08    51.98   185.77     0.01     0.00    -0.00   0.021  215
   167.08    51.00   185.77     0.01     0.00     0.00   0.020  216
   167.08    51.00   185.77     0.01     0.00    -0.00   0.021  217
   168.06    51.00   186.78     0.01     0.00     0.00   0.020  218
   167.08    51.00   185.77     0.01     0.00    -0.00   0.021  219
   167.08    51.00   186.78     0.01     0.00    -0.00   0.020  220
   167.08    50.02   185.77     0.01     0.00    -0.00   0.021  221
   168.06    51.98   184.75     0.01     0.00    -0.00   0.020  222
   166.11    51.00   186.78     0.01     0.00    -0.00   0.020  223
   168.06    51.00   185.77     0.01     0.00    -0.00   0.021  224
   167.08    51.00   185.77     0.01     0.00    -0.00   0.020  225
   168.06    51.00   184.75     0.01     0.00    -0.00   0.021  226
   167.08    51.00   184.75     0.01     0.00    -0.00   0.020  227
   169.04    51.98   185.77     0.01    -0.00    -0.00   0.021  228
   167.08    51.00   186.78     0.01    -0.00     0.00   0.020  229
   169.04    51.98   185.77     0.01    -0.00    -0.00   0.021  230
   168.06    51.00   186.78     0.01     0.00    -0.00   0.020  231
   168.06    51.00   185.77     0.01     0.00    -0.00   0.021  232
   169.04    51.00   186.78     0.01     0.00    -0.00   0.020  233
   168.06    51.00   185.77     0.01     0.00    -0.00   0.021  234
   167.08    51.00   184.75     0.01     0.00    -0.00   0.020  235
   168.06    51.00   185.77     0.01     0.00    -0.00   0.021  236
   168.06    51.00   184.75     0.01     0.00    -0.00   0.020  237
   168.06    51.00   185.77     0.01     0.00    -0.00   0.021  238
   168.06    50.02   185.77     0.01     0.00    -0.00   0.020  239
   167.08    51.98   185.77     0.01     0.00    -0.00   0.021  240
   167.08    51.00   185.77     0.01     0.00    -0.00   0.020  241
   168.06    51.98   185.77     0.01     0.00    -0.00   0.021  242
   168.06    51.00   183.73     0.01     0.00    -0.00   0.020  243
   168.06    50.02   184.75     0.01     0.00    -0.00   0.021  244
   168.06    51.00   185.77     0.01     0.00    -0.00   0.020  245
   168.06    51.00   186.78     0.01     0.00    -0.00   0.021  246
   170.02    51.98   186.78     0.01     0.00    -0.00   0.020  247
   168.06    51.00   184.75     0.01     0.00    -0.00   0.020  248
   168.06    51.98   184.75     0.01     0.00    -0.00   0.021  249
   167.08    51.98   184.75     0.01     0.00    -0.00   0.020  250
   169.04    51.00   186.78     0.01     0.00    -0.00   0.021  251
   168.06    51.00   184.75     0.01     0.00    -0.00   0.020  252
   168.06    51.00   184.75     0.01     0.00    -0.00   0.021  253
   168.06    51.00   184.75     0.01     0.00    -0.00   0.020  254
   167.08    51.00   184.75     0.01     0.00    -0.00   0.021  255
   167.08    51.00   185.77     0.01     0.00    -0.00   0.020    0
   168.06    51.00   186.78     0.01     0.00    -0.00   0.021    1
   168.06    51.00   184.75     0.01     0.00    -0.00   0.020    2
   168.06    51.00   184.75     0.01    -0.00    -0.00   0.021    3
   168.06    50.02   185.77     0.01    -0.00    -0.00   0.020    4
   167.08    51.00   185.77     0.01    -0.00    -0.00   0.021    5
   167.08    51.00   185.77     0.01    -0.00     0.00   0.020    6
   168.06    51.98   186.78     0.01    -0.00    -0.00   0.021    7
   167.08    51.98   185.77     0.01     0.00     0.00   0.020    8
   168.06    50.02   184.75     0.01     0.00    -0.00   0.021    9
   169.04    51.00   185.77     0.01     0.00    -0.00   0.020   10
   168.06    51.00   185.77     0.01     0.00    -0.00   0.021   11
   168.06    51.00   184.75     0.01     0.00    -0.00   0.020   12
   168.06    51.00   185.77     0.01     0.00    -0.00   0.021   13
   167.08    51.00   185.77     0.01     0.00     0.00   0.020   14
   168.06    49.04   185.77     0.01     0.00    -0.00   0.021   15
   168.06    51.00   184.75     0.01     0.00    -0.00   0.020   16
   168.06    51.00   184.75     0.01     0.00    -0.00   0.020   17
   168.06    51.00   184.75     0.01    -0.00    -0.00   0.021   18
   168.06    51.00   184.75     0.01     0.00    -0.00   0.020   19
   168.06    51.98   186.78     0.01     0.00    -0.00   0.021   20
   167.08    51.00   184.75     0.01     0.00    -0.00   0.020   21
   168.06    51.00   184.75     0.01     0.00    -0.00   0.021   22
   168.06    51.00   185.77     0.01     0.00    -0.00   0.020   23
   169.04    51.98   187.80     0.01     0.00    -0.00   0.021   24
   165.13    51.98   184.75     0.01     0.00    -0.00   0.020   25
   168.06    51.98   185.77     0.01     0.00    -0.00   0.021   26
   167.08    51.98   184.75     0.01     0.00    -0.00   0.020   27
   169.04    51.98   185.77     0.01     0.00    -0.00   0.021   28
   169.04    51.00   184.75     0.01     0.00    -0.00   0.020   29
   168.06    51.00   185.77     0.01     0.00     0.00   0.021   30
   167.08    51.00   184.75     0.01     0.00    -0.00   0.020   31
   168.06    51.00   185.77     0.01     0.00    -0.00   0.021   32
   168.06    51.00   183.73     0.01     0.00     0.00   0.020   33
   168.06    51.00   185.77     0.01     0.00    -0.00   0.021   34
   167.08    50.02   185.77     0.01     0.00    -0.00   0.020   35
   167.08    51.00   185.77     0.01    -0.00    -0.00   0.021   36
   167.08    51.00   184.75     0.01     0.00    -0.00   0.020   37
   167.08    50.02   183.73     0.01    -0.00    -0.00   0.021   38
   168.06    51.00   184.75     0.01    -0.00    -0.00   0.020   39
   169.04    51.98   186.78     0.01     0.00    -0.00   0.021   40
   168.06    51.00   185.77     0.01     0.00    -0.00   0.020   41
   168.06    51.98   186.78     0.01    -0.00    -0.00   0.020   42
   169.04    51.00   184.75     0.01     0.00    -0.00   0.021   43
   167.08    51.00   184.75     0.01     0.00    -0.00   0.020   44
   167.08    51.00   185.77     0.01     0.00    -0.00   0.021   45
   168.06    50.02   185.77     0.01     0.00    -0.00   0.020   46
   168.06    51.00   183.73     0.01     0.00    -0.00   0.021   47
   167.08    51.98   185.77     0.01     0.00    -0.00   0.020   48
   167.08    51.00   184.75     0.01     0.00    -0.00   0.021   49
   168.06    51.00   184.75     0.01     0.00    -0.00   0.020   50
   167.08    51.00   184.75     0.01     0.00     0.00   0.021   51
   167.08    51.00   184.75     0.01     0.00    -0.00   0.020   52
   167.08    50.02   183.73     0.01     0.00    -0.00   0.021   53
   169.04    51.00   186.78     0.01     0.00    -0.00   0.020   54
   167.08    50.02   185.77     0.01     0.00    -0.00   0.021   55
   168.06    51.00   184.75     0.01     0.00     0.00   0.020   56
   167.08    51.00   186.78     0.01     0.00     0.00   0.021   57
   168.06    50.02   185.77     0.01     0.00    -0.00   0.020   58
   168.06    51.98   185.77     0.01    -0.00    -0.00   0.021   59
   167.08    51.00   185.77     0.01     0.00    -0.00   0.020   60
   169.04    51.00   185.77     0.01     0.00    -0.00   0.021   61
   167.08    51.00   185.77     0.01     0.00    -0.00   0.020   62
   168.06    51.98   184.75     0.01     0.00    -0.00   0.021   63
   167.08    51.00   184.75     0.01     0.00     0.00   0.020   64
   169.04    51.00   185.77     0.01     0.00    -0.00   0.021   65
   168.06    51.00   186.78     0.01     0.00    -0.00   0.020   66
   168.06    51.00   185.77     0.01     0.00    -0.00   0.020   67
   167.08    50.02   184.75     0.01     0.00    -0.00   0.021   68
   168.06    51.00   185.77     0.01     0.00    -0.00   0.020   69
   167.08    50.02   184.75     0.01    -0.00    -0.00   0.021   70
   168.06    51.98   184.75     0.01    -0.00     0.00   0.020   71
   169.04    50.02   184.75     0.01    -0.00    -0.00   0.021   72
   169.04    50.02   184.75     0.01    -0.00    -0.00   0.020   73
   169.04    51.00   185.77     0.01     0.00    -0.00   0.021   74
   168.06    51.00   185.77     0.01    -0.00    -0.00   0.020   75
   170.02    51.98   188.82     0.01     0.00    -0.00   0.021   76
   167.08    51.00   186.78     0.01     0.00    -0.00   0.020   77
   168.06    50.02   185.77     0.01     0.00    -0.00   0.021   78
   170.02    51.00   185.77     0.01     0.00    -0.00   0.020   79
   167.08    51.00   185.77     0.01     0.00     0.00   0.021   80
   168.06    51.00   186.78     0.01     0.00    -0.00   0.020   81
   168.06    51.98   184.75     0.01     0.00    -0.00   0.021   82
   168.06    51.00   184.75     0.01     0.00    -0.00   0.020   83
   168.06    50.02   185.77     0.01     0.00     0.00   0.021   84
   168.06    51.00   185.77     0.01     0.00     0.00   0.020   85
   168.06    50.02   185.77     0.01     0.00    -0.00   0.021   86
   168.06    51.00   184.75     0.01     0.00     0.00   0.020   87
   168.06    51.00   184.75     0.01     0.00    -0.00   0.021   88
   169.04    51.00   184.75     0.01     0.00    -0.00   0.020   89
   167.08    51.00   183.73     0.01     0.00     0.00   0.021   90
   167.08    51.98   186.78     0.01     0.00    -0.00   0.020   91
   167.08    50.02   183.73     0.01     0.00    -0.00   0.020   92
   167.08    51.00   185.77     0.01     0.00    -0.00   0.021   93
   169.04    51.00   183.73     0.01     0.00    -0.00   0.020   94
   168.06    51.00   186.78     0.01     0.00    -0.00   0.021   95
   168.06    51.00   185.77     0.01     0.00    -0.00   0.020   96
   167.08    51.98   187.80     0.01     0.00    -0.00   0.021   97
   167.08    51.98   184.75     0.01     0.00    -0.00   0.020   98
   168.06    51.00   185.77     0.01     0.00    -0.00   0.021   99
   167.08    51.98   185.77     0.01     0.00    -0.00   0.020  100
   167.08    50.02   185.77     0.01     0.00    -0.00   0.021  101
   168.06    51.00   185.77     0.01     0.00    -0.00   0.020  102
   167.08    51.00   184.75     0.01    -0.00    -0.00   0.021  103
   169.04    50.02   185.77     0.01    -0.00     0.00   0.020  104
   167.08    51.98   185.77     0.01    -0.00    -0.00   0.021  105
   169.04    50.02   185.77     0.01    -0.00    -0.00   0.020  106
   168.06    50.02   185.77     0.01     0.00    -0.00   0.021  107
   168.06    51.00   187.80     0.01    -0.00    -0.00   0.020  108
   168.06    51.98   185.77     0.01     0.00    -0.00   0.021  109
   169.04    51.00   186.78     0.01     0.00    -0.00   0.020  110
   168.06    50.02   183.73     0.01     0.00    -0.00   0.021  111
   168.06    51.98   186.78     0.01     0.00    -0.00   0.020  112
   168.06    51.98   185.77     0.01     0.00    -0.00   0.021  113
   169.04    51.00   185.77     0.01     0.00    -0.00   0.020  114
   168.06    51.00   185.77     0.01     0.00    -0.00   0.021  115
   168.06    51.98   186.78     0.01     0.00    -0.00   0.020  116
   167.08    51.00   185.77     0.01     0.00    -0.00   0.020  117
   169.04    50.02   186.78     0.00     0.00     0.00   0.021  118
   168.06    51.00   185.77     0.01     0.00    -0.00   0.020  119
   169.04    51.00   186.78     0.01     0.00    -0.00   0.021  120
   168.06    51.00   185.77     0.01     0.00    -0.00   0.020  121
   168.06    50.02   185.77     0.01     0.00    -0.00   0.021  122
   169.04    51.00   184.75     0.01     0.00    -0.00   0.020  123
   167.08    50.02   186.78     0.01     0.00    -0.00   0.021  124
   167.08    51.00   186.78     0.01     0.00     0.00   0.020  125
   169.04    50.02   185.77     0.01     0.00    -0.00   0.021  126
   168.06    51.00   184.75     0.01     0.00    -0.00   0.020  127
   167.08    51.00   185.77     0.01     0.00    -0.00   0.021  128
   169.04    51.98   185.77     0.01     0.00    -0.00   0.020  129
   168.06    50.02   185.77     0.01     0.00    -0.00   0.021  130
   168.06    51.00   184.75     0.01     0.00    -0.00   0.020  131
   169.04    50.02   185.77     0.01     0.00    -0.00   0.021  132
   168.06    51.00   185.77     0.01     0.00    -0.00   0.020  133
   167.08    51.00   184.75     0.01     0.00     0.00   0.021  134
   169.04    51.00   185.77     0.01     0.00    -0.00   0.020  135
   166.11    51.98   183.73     0.01    -0.00    -0.00   0.021  136
   169.04    51.00   184.75     0.01    -0.00    -0.00   0.020  137
   168.06    51.00   186.78     0.01     0.00     0.00   0.021  138
   169.04    51.00   186.78     0.01    -0.00    -0.00   0.020  139
   168.06    50.02   184.75     0.01     0.00    -0.00   0.021  140
   168.06    50.02   186.78     0.01    -0.00    -0.00   0.020  141
   167.08    51.98   185.77     0.01     0.00    -0.00   0.020  142
   168.06    50.02   184.75     0.01     0.00    -0.00   0.021  143
   168.06    51.00   186.78     0.01     0.00    -0.00   0.020  144
   169.04    51.98   184.75     0.01     0.00    -0.00   0.021  145
   167.08    51.98   185.77     0.01     0.00    -0.00   0.020  146
   169.04    51.00   185.77     0.01     0.00    -0.00   0.021  147
   169.04    51.98   185.77     0.01    -0.00     0.00   0.020  148
   168.06    51.00   186.78     0.01     0.00    -0.00   0.021  149
   170.99    51.00   185.77     0.01     0.00    -0.00   0.020  150
   167.08    51.98   185.77     0.01     0.00     0.00   0.021  151
   168.06    51.98   185.77     0.01     0.00    -0.00   0.020  152
   167.08    51.00   185.77     0.01     0.00     0.00   0.021  153
   168.06    51.00   184.75     0.01     0.00    -0.00   0.020  154
   169.04    51.00   185.77     0.01     0.00    -0.00   0.021  155
   167.08    51.00   183.73     0.01     0.00    -0.00   0.020  156
   167.08    51.00   184.75     0.01    -0.00    -0.00   0.021  157
   167.08    51.98   186.78     0.01    -0.00    -0.00   0.020  158
   168.06    51.00   185.77     0.01     0.00    -0.00   0.021  159
   169.04    51.00   186.78     0.01     0.00    -0.00   0.020  160
   168.06    50.02   184.75     0.01     0.00    -0.00   0.021  161
   169.04    51.00   184.75     0.01     0.00    -0.00   0.020  162
   168.06    51.00   184.75     0.00     0.00     0.00   0.021  163
   167.08    51.00   185.77     0.01     0.00    -0.00   0.020  164
   167.08    50.02   185.77     0.01     0.00    -0.00   0.021  165
   168.06    51.00   186.78     0.01     0.00    -0.00   0.020  166
   167.08    51.00   184.75     0.01     0.00    -0.00   0.020  167
   168.06    51.00   185.77     0.01     0.00    -0.00   0.021  168
   167.08    50.02   183.73     0.01    -0.00    -0.00   0.020  169
   167.08    51.00   184.75     0.01    -0.00    -0.00   0.021  170
   168.06    51.98   184.75     0.01    -0.00    -0.00   0.020  171
   169.04    51.98   184.75     0.01    -0.00    -0.00   0.021  172
   168.06    51.00   186.78     0.01     0.00    -0.00   0.020  173
   168.06    50.02   185.77     0.01     0.00    -0.00   0.021  174
   167.08    51.00   185.77     0.01     0.00    -0.00   0.020  175
   167.08    51.00   184.75     0.01     0.00    -0.00   0.021  176
   167.08    51.98   186.78     0.01     0.00    -0.00   0.020  177
   168.06    51.00   184.75     0.01     0.00     0.00   0.021  178
   170.02    51.00   185.77     0.01     0.00     0.00   0.020  179
   167.08    51.98   186.78     0.01     0.00    -0.00   0.021  180
   169.04    51.00   187.80     0.01     0.00    -0.00   0.020  181
   168.06    51.00   184.75     0.00     0.00    -0.00   0.021  182
   167.08    51.00   184.75     0.01     0.00    -0.00   0.020  183
   167.08    50.02   184.75     0.01     0.00    -0.00   0.021  184
   168.06    51.00   184.75     0.01     0.00    -0.00   0.020  185
   168.06    50.02   185.77     0.01     0.00    -0.00   0.021  186
   168.06    51.00   186.78     0.01     0.00    -0.00   0.020  187
   167.08    50.02   186.78     0.01     0.00    -0.00   0.021  188
   168.06    51.00   185.77     0.01     0.00    -0.00   0.020  189
   166.11    51.98   185.77     0.01     0.00    -0.00   0.021  190
   169.04    51.00   185.77     0.01     0.00    -0.00   0.020  191
   168.06    51.00   185.77     0.01     0.00    -0.00   0.020  192
   168.06    51.00   185.77     0.01     0.00    -0.00   0.021  193
   168.06    51.98   185.77     0.01     0.00    -0.00   0.020  194
   168.06    51.00   185.77     0.01     0.00     0.00   0.021  195
   168.06    51.00   185.77     0.01     0.00    -0.00   0.020  196
   169.04    51.00   184.75     0.00     0.00    -0.00   0.021  197
   169.04    50.02   185.77     0.01     0.00    -0.00   0.020  198
   167.08    51.00   184.75     0.01     0.00    -0.00   0.021  199
   168.06    51.98   185.77     0.01     0.00    -0.00   0.020  200
   167.08    51.00   185.77     0.01     0.00    -0.00   0.021  201
   169.04    51.98   185.77     0.01     0.00    -0.00   0.020  202
   168.06    51.00   184.75     0.01    -0.00    -0.00   0.021  203
   168.06    51.00   187.80     0.01     0.00     0.00   0.020  204
   168.06    51.00   185.77     0.01    -0.00    -0.00   0.021  205
   168.06    51.98   185.77     0.01    -0.00     0.00   0.020  206
   168.06    50.02   184.75     0.01    -0.00    -0.00   0.021  207
   168.06    51.98   185.77     0.01    -0.00    -0.00   0.020  208
   168.06    51.00   185.77     0.01     0.00    -0.00   0.021  209
   168.06    51.00   185.77     0.01     0.00    -0.00   0.020  210
   167.08    51.00   186.78     0.01     0.00    -0.00   0.021  211
   168.06    51.98   185.77     0.01     0.00    -0.00   0.020  212
   167.08    51.00   184.75     0.01     0.00     0.00   0.021  213
   168.06    51.98   186.78     0.01     0.00    -0.00   0.020  214
   168.06    51.00   185.77     0.01     0.00    -0.00   0.021  215
   168.06    51.00   185.77     0.01     0.00     0.00   0.020  216
   168.06    50.02   184.75     0.01     0.00    -0.00   0.020  217
   167.08    51.00   183.73     0.01    -0.00    -0.00   0.021  218
   168.06    51.98   185.77     0.01     0.00    -0.00   0.020  219
   168.06    51.00   186.78     0.01     0.00     0.00   0.021  220
   167.08    51.98   185.77     0.01     0.00     0.00   0.020  221
   168.06    51.00   186.78     0.01     0.00    -0.00   0.021  222
   168.06    51.00   186.78     0.01     0.00    -0.00   0.020  223
   168.06    51.00   185.77     0.01     0.00    -0.00   0.021  224
   167.08    51.00   185.77     0.01     0.00     0.00   0.020  225
   167.08    51.98   185.77     0.01     0.00    -0.00   0.021  226
   168.06    51.98   186.78     0.01     0.00    -0.00   0.020  227
   168.06    51.00   184.75     0.01     0.00    -0.00   0.021  228
   169.04    50.02   185.77     0.01     0.00     0.00   0.020  229
   167.08    50.02   184.75     0.01     0.00    -0.00   0.021  230
   168.06    51.00   184.75     0.01     0.00    -0.00   0.020  231
   167.08    51.00   184.75     0.00     0.00    -0.00   0.021  232
   168.06    51.00   185.77     0.01     0.00    -0.00   0.020  233
   168.06    50.02   185.77     0.01     0.00    -0.00   0.021  234
   170.02    51.98   186.78     0.01     0.00    -0.00   0.020  235
   169.04    51.00   184.75     0.01     0.00     0.00   0.021  236
   170.02    50.02   184.75     0.01    -0.00    -0.00   0.020  237
   168.06    51.00   185.77     0.01    -0.00     0.00   0.021  238
   169.04    50.02   185.77     0.01    -0.00    -0.00   0.020  239
   169.04    51.00   185.77     0.01    -0.00    -0.00   0.021  240
   168.06    51.00   184.75     0.01     0.00    -0.00   0.020  241
   168.06    50.02   184.75     0.01     0.00    -0.00   0.020  242
   167.08    51.00   184.75     0.01     0.00     0.00   0.021  243
   167.08    51.00   184.75     0.01    -0.00    -0.00   0.020  244
   168.06    51.00   183.73     0.01     0.00    -0.00   0.021  245
   168.06    51.00   185.77     0.01     0.00    -0.00   0.020  246
   168.06    51.00   185.77     0.01     0.00    -0.00   0.021  247
   169.04    51.00   185.77     0.01     0.00    -0.00   0.020  248
   167.08    51.00   185.77     0.01     0.00    -0.00   0.021  249
   168.06    51.00   186.78     0.01     0.00    -0.00   0.020  250
   167.08    51.98   184.75     0.01     0.00    -0.00   0.021  251
   169.04    51.98   186.78     0.01     0.00    -0.00   0.020  252
   167.08    51.00   185.77     0.01    -0.00    -0.00   0.021  253
   168.06    51.00   185.77     0.01     0.00     0.00   0.020  254
   166.11    51.00   185.77     0.01     0.00    -0.00   0.021  255
   168.06    51.00   184.75     0.01     0.00     0.00   0.020    0
   167.08    51.00   183.73     0.01     0.00    -0.00   0.021    1
   168.06    51.00   185.77     0.01     0.00     0.00   0.020    2
   168.06    51.00   185.77     0.01     0.00    -0.00   0.021    3
   168.06    51.98   186.78     0.01     0.00    -0.00   0.020    4
   168.06    51.00   185.77     0.01    -0.00    -0.00   0.021    5
   167.08    51.98   185.77     0.01     0.00    -0.00   0.020    6
   167.08    51.00   184.75     0.01     0.00    -0.00   0.021    7
   168.06    51.00   184.75     0.01     0.00    -0.00   0.020    8
   168.06    51.00   183.73     0.01     0.00    -0.00   0.021    9
   170.02    50.02   185.77     0.01     0.00    -0.00   0.020   10
   168.06    51.00   185.77     0.01     0.00    -0.00   0.020   11
   168.06    51.98   185.77     0.01     0.00    -0.00   0.021   12
   167.08    51.00   184.75     0.01     0.00     0.00   0.020   13
   169.04    51.98   187.80     0.01     0.00    -0.00   0.021   14
   168.06    51.00   184.75     0.01    -0.00    -0.00   0.020   15
   168.06    50.02   184.75     0.01    -0.00    -0.00   0.021   16
   167.08    51.00   185.77     0.01     0.00    -0.00   0.020   17
   167.08    51.00   185.77     0.01    -0.00    -0.00   0.021   18
   167.08    51.00   185.77     0.01     0.00    -0.00   0.020   19
   168.06    51.00   184.75     0.01     0.00    -0.00   0.021   20
   167.08    51.00   184.75     0.01     0.00     0.00   0.020   21
   167.08    51.00   183.73     0.01     0.00    -0.00   0.021   22
   168.06    50.02   184.75     0.01     0.00    -0.00   0.020   23
   167.08    51.98   185.77     0.01     0.00    -0.00   0.021   24
   168.06    51.98   184.75     0.01     0.00    -0.00   0.020   25
   169.04    50.02   186.78     0.01     0.00    -0.00   0.021   26
   168.06    51.98   185.77     0.01     0.00    -0.00   0.020   27
   167.08    50.02   184.75     0.01     0.00    -0.00   0.021   28
   168.06    51.98   184.75     0.01     0.00    -0.00   0.020   29
