   171.97    50.02   180.68     0.01     0.00    -0.00   0.021    0
   172.95    50.02   181.69     0.01     0.00    -0.00   0.020    1
   172.95    50.02   181.69     0.01     0.00    -0.00   0.021    2
   172.95    50.02   181.69     0.01     0.00    -0.00   0.020    3
   172.95    50.02   179.66     0.01     0.00    -0.00   0.021    4
   171.97    49.04   180.68     0.01     0.00    -0.00   0.020    5
   172.95    50.02   182.71     0.01     0.00    -0.00   0.021    6
   171.97    49.04   180.68     0.01     0.00    -0.00   0.020    7
   171.97    50.02   181.69     0.01     0.00    -0.00   0.021    8
   171.97    50.02   180.68     0.01     0.00    -0.00   0.020    9
   170.99    49.04   181.69     0.01     0.00    -0.00   0.021   10
   171.97    49.04   180.68     0.01     0.00    -0.00   0.020   11
   170.99    51.00   181.69     0.01     0.00    -0.00   0.021   12
   170.99    51.00   181.69     0.01     0.00    -0.00   0.020   13
   171.97    50.02   182.71     0.01     0.00    -0.00   0.021   14
   173.92    50.02   180.68     0.01     0.00    -0.00   0.020   15
   171.97    50.02   182.71     0.01     0.00    -0.00   0.020   16
   171.97    50.02   180.68     0.01     0.00    -0.00   0.021   17
   172.95    50.02   182.71     0.01     0.00    -0.00   0.020   18
   172.95    50.02   181.69     0.01     0.00    -0.00   0.021   19
   171.97    50.02   180.68     0.01     0.00    -0.00   0.020   20
   172.95    50.02   180.68     0.01     0.00    -0.00   0.021   21
   172.95    51.00   181.69     0.01     0.00    -0.00   0.020   22
   171.97    49.04   181.69     0.01     0.00    -0.00   0.021   23
   170.99    51.00   181.69     0.01     0.00    -0.00   0.020   24
   172.95    50.02   181.69     0.01     0.00    -0.00   0.021   25
   171.97    50.02   180.68     0.01     0.00    -0.00   0.020   26
   172.95    49.04   181.69     0.01     0.00    -0.00   0.021   27
   172.95    49.04   181.69     0.00     0.00    -0.00   0.020   28
   171.97    50.02   180.68     0.01     0.01    -0.00   0.021   29
   171.97    50.02   182.71     0.01     0.01    -0.00   0.020   30
   170.99    50.02   182.71     0.01     0.00    -0.00   0.021   31
   173.92    50.02   181.69     0.01     0.00    -0.00   0.020   32
   172.95    50.02   182.71     0.01     0.00    -0.00   0.021   33
   171.97    51.00   181.69     0.01     0.00    -0.00   0.020   34
   172.95    50.02   180.68     0.01     0.00    -0.00   0.021   35
   172.95    50.02   182.71     0.01     0.00    -0.00   0.020   36
   171.97    50.02   181.69     0.01     0.00    -0.00   0.021   37
   172.95    50.02   182.71     0.01     0.00    -0.00   0.020   38
   171.97    51.00   182.71     0.01     0.00    -0.00   0.021   39
   172.95    51.00   180.68     0.01     0.00    -0.00   0.020   40
   172.95    50.02   182.71     0.01     0.00    -0.00   0.020   41
   173.92    50.02   181.69     0.01     0.00    -0.00   0.021   42
   172.95    49.04   182.71     0.01     0.00    -0.00   0.020   43
   171.97    51.00   181.69     0.01     0.00    -0.00   0.021   44
   171.97    51.00   181.69     0.01     0.00    -0.00   0.020   45
   172.95    50.02   181.69     0.01     0.00    -0.00   0.021   46
   171.97    50.02   180.68     0.01     0.00    -0.00   0.020   47
   171.97    50.02   180.68     0.01     0.00    -0.00   0.021   48
   171.97    50.02   181.69     0.01     0.00    -0.00   0.020   49
   172.95    51.00   182.71     0.01     0.00    -0.00   0.021   50
   172.95    50.02   179.66     0.01     0.00    -0.00   0.020   51
   171.97    51.00   182.71     0.01     0.00    -0.00   0.021   52
   172.95    51.00   180.68     0.01     0.00    -0.00   0.020   53
   171.97    51.00   183.73     0.01     0.00    -0.00   0.021   54
   172.95    50.02   183.73     0.01     0.00    -0.00   0.020   55
   172.95    50.02   182.71     0.01     0.00    -0.00   0.021   56
   172.95    50.02   181.69     0.01     0.00    -0.00   0.020   57
   172.95    50.02   181.69     0.01     0.00    -0.00   0.021   58
   172.95    50.02   181.69     0.01     0.00    -0.00   0.020   59
   171.97    51.00   180.68     0.01     0.00    -0.00   0.021   60
   171.97    51.00   181.69     0.01     0.00    -0.00   0.020   61
   172.95    50.02   180.68     0.01     0.00    -0.00   0.021   62
   171.97    51.00   181.69     0.01     0.00    -0.00   0.020   63
   172.95    50.02   183.73     0.01     0.00    -0.00   0.021   64
   173.92    50.02   181.69     0.01     0.00    -0.00   0.020   65
   171.97    51.00   181.69     0.00     0.00    -0.00   0.020   66
   172.95    50.02   183.73     0.00     0.00    -0.00   0.021   67
   171.97    50.02   181.69     0.01     0.00    -0.00   0.020   68
   172.95    51.00   182.71     0.01     0.00    -0.00   0.021   69
   171.97    49.04   181.69     0.01     0.00    -0.00   0.020   70
   171.97    50.02   183.73     0.01     0.00    -0.00   0.021   71
   171.97    50.02   181.69     0.01     0.00    -0.00   0.020   72
   170.99    51.00   183.73     0.01     0.00    -0.00   0.021   73
   172.95    49.04   182.71     0.01     0.00    -0.00   0.020   74
   173.92    49.04   181.69     0.00     0.00    -0.00   0.021   75
   172.95    50.02   179.66     0.00     0.00     0.00   0.020   76
   171.97    50.02   181.69     0.01     0.00    -0.00   0.021   77
   172.95    50.02   181.69     0.01     0.00    -0.00   0.020   78
   171.97    50.02   180.68     0.01     0.00    -0.00   0.021   79
   172.95    50.02   180.68     0.01     0.00    -0.00   0.020   80
   172.95    49.04   181.69     0.01     0.00    -0.00   0.021   81
   172.95    50.02   181.69     0.01     0.00     0.00   0.020   82
   171.97    50.02   181.69     0.01     0.00    -0.00   0.021   83
   172.95    50.02   181.69     0.01     0.00    -0.00   0.020   84
   172.95    49.04   180.68     0.01     0.00    -0.00   0.021   85
   172.95    50.02   181.69     0.01     0.00    -0.00   0.020   86
   172.95    51.00   181.69     0.01     0.00    -0.00   0.021   87
   171.97    50.02   181.69     0.01     0.00    -0.00   0.020   88
   170.99    51.00   180.68     0.01     0.00    -0.00   0.021   89
   172.95    50.02   181.69     0.01     0.00    -0.00   0.020   90
   172.95    49.04   181.69     0.01     0.00    -0.00   0.020   91
   171.97    51.00   179.66     0.01     0.00    -0.00   0.021   92
   172.95    50.02   181.69     0.01     0.00    -0.00   0.020   93
   171.97    49.04   181.69     0.01     0.00    -0.00   0.021   94
   172.95    50.02   182.71     0.01     0.00    -0.00   0.020   95
   171.97    50.02   181.69     0.01     0.00    -0.00   0.021   96
   171.97    50.02   181.69     0.01     0.00    -0.00   0.020   97
   173.92    50.02   182.71     0.01     0.00    -0.00   0.021   98
   172.95    50.02   182.71     0.01     0.00    -0.00   0.020   99
   172.95    50.02   182.71     0.01     0.00    -0.00   0.021  100
   172.95    50.02   181.69     0.01     0.00    -0.00   0.020  101
   172.95    49.04   181.69     0.01     0.00    -0.00   0.021  102
   172.95    50.02   181.69     0.01     0.00    -0.00   0.020  103
   171.97    51.00   182.71     0.01     0.00    -0.00   0.021  104
   171.97    51.00   182.71     0.01     0.01    -0.00   0.020  105
   171.97    51.00   180.68     0.01     0.01    -0.00   0.021  106
   171.97    50.02   182.71     0.00     0.00    -0.00   0.020  107
   171.97    49.04   181.69     0.01     0.00    -0.00   0.021  108
   171.97    50.02   180.68     0.01     0.00    -0.00   0.020  109
   172.95    50.02   180.68     0.01     0.00    -0.00   0.021  110
   171.97    50.02   181.69     0.01     0.00    -0.00   0.020  111
   171.97    50.02   181.69     0.01     0.00    -0.00   0.021  112
   172.95    50.02   181.69     0.01     0.00    -0.00   0.020  113
   173.92    50.02   182.71     0.01     0.00    -0.00   0.021  114
   171.97    51.00   181.69     0.01     0.00    -0.00   0.020  115
   172.95    49.04   180.68     0.01     0.00    -0.00   0.020  116
   171.97    50.02   182.71     0.01     0.00    -0.00   0.021  117
   172.95    48.06   181.69     0.00     0.00    -0.00   0.020  118
   173.92    48.06   180.68     0.01     0.00    -0.00   0.021  119
   172.95    50.02   181.69     0.01     0.00    -0.00   0.020  120
   173.92    50.02   179.66     0.01     0.00    -0.00   0.021  121
   171.97    50.02   181.69     0.01     0.00    -0.00   0.020  122
   171.97    50.02   182.71     0.01     0.00    -0.00   0.021  123
   171.97    50.02   182.71     0.01     0.00    -0.00   0.020  124
   172.95    49.04   180.68     0.01     0.00    -0.00   0.021  125
   172.95    50.02   181.69     0.01     0.00    -0.00   0.020  126
   173.92    49.04   180.68     0.01     0.00    -0.00   0.021  127
   171.97    49.04   180.68     0.01     0.00    -0.00   0.020  128
   172.95    50.02   181.69     0.01     0.00    -0.00   0.021  129
   171.97    51.00   179.66     0.01     0.00    -0.00   0.020  130
   172.95    49.04   182.71     0.01     0.00    -0.00   0.021  131
   171.97    49.04   179.66     0.01     0.00    -0.00   0.020  132
   171.97    50.02   182.71     0.01     0.00    -0.00   0.021  133
   173.92    49.04   181.69     0.01     0.00    -0.00   0.020  134
   172.95    49.04   179.66     0.01     0.00    -0.00   0.021  135
   172.95    50.02   180.68     0.01     0.00    -0.00   0.020  136
   171.97    50.02   182.71     0.01     0.00    -0.00   0.021  137
   171.97    50.02   181.69     0.01     0.00    -0.00   0.020  138
   170.99    51.00   181.69     0.01     0.00    -0.00   0.021  139
   172.95    49.04   181.69     0.01     0.00    -0.00   0.020  140
   172.95    50.02   180.68     0.01     0.00    -0.00   0.020  141
   172.95    50.02   180.68     0.01     0.00    -0.00   0.021  142
   171.97    50.02   180.68     0.01     0.00    -0.00   0.020  143
   171.97    50.02   181.69     0.01     0.00    -0.00   0.021  144
   171.97    49.04   181.69     0.01     0.00    -0.00   0.020  145
   171.97    50.02   181.69     0.01     0.00    -0.00   0.021  146
   172.95    49.04   180.68     0.01     0.00    -0.00   0.020  147
   172.95    50.02   181.69     0.01     0.00    -0.00   0.021  148
   171.97    49.04   181.69     0.01     0.00    -0.00   0.020  149
   172.95    50.02   182.71     0.01     0.00    -0.00   0.021  150
   171.97    49.04   181.69     0.01     0.00    -0.00   0.020  151
   170.99    50.02   180.68     0.01     0.00    -0.00   0.021  152
   172.95    49.04   180.68     0.01     0.00    -0.00   0.020  153
   171.97    50.02   179.66     0.01     0.00    -0.00   0.021  154
   172.95    50.02   181.69     0.01     0.00    -0.00   0.020  155
   171.97    50.02   181.69     0.00     0.00    -0.00   0.021  156
   172.95    50.02   180.68     0.00     0.00    -0.00   0.020  157
   171.97    50.02   182.71     0.01     0.00    -0.00   0.021  158
   171.97    50.02   182.71     0.01     0.00    -0.00   0.020  159
   171.97    50.02   181.69     0.01     0.00    -0.00   0.021  160
   172.95    49.04   180.68     0.01     0.00    -0.00   0.020  161
   172.95    50.02   179.66     0.01     0.00    -0.00   0.021  162
   171.97    50.02   181.69     0.01     0.00     0.00   0.020  163
   172.95    50.02   183.73     0.01     0.00    -0.00   0.021  164
   171.97    49.04   181.69     0.01     0.00    -0.00   0.020  165
   171.97    50.02   182.71     0.01     0.00    -0.00   0.020  166
   171.97    50.02   181.69     0.01     0.00    -0.00   0.021  167
   172.95    50.02   183.73     0.01     0.00    -0.00   0.020  168
   172.95    48.06   182.71     0.01     0.00    -0.00   0.021  169
   173.92    49.04   181.69     0.01     0.00    -0.00   0.020  170
   172.95    49.04   180.68     0.01     0.00    -0.00   0.021  171
   171.97    50.02   181.69     0.01     0.00    -0.00   0.020  172
   172.95    49.04   181.69     0.01     0.00    -0.00   0.021  173
   173.92    49.04   182.71     0.01     0.00    -0.00   0.020  174
   171.97    49.04   180.68     0.01     0.00    -0.00   0.021  175
   172.95    50.02   181.69     0.01     0.00    -0.00   0.020  176
   171.97    49.04   181.69     0.01    -0.00    -0.00   0.021  177
   171.97    50.02   182.71     0.01     0.00    -0.00   0.020  178
   172.95    50.02   181.69     0.01     0.00    -0.00   0.021  179
   171.97    51.00   182.71     0.01     0.00    -0.00   0.020  180
   170.99    50.02   181.69     0.01     0.00    -0.00   0.021  181
   172.95    51.00   180.68     0.00     0.00    -0.00   0.020  182
   171.97    49.04   180.68     0.01     0.00    -0.00   0.021  183
   172.95    50.02   180.68     0.01     0.00    -0.00   0.020  184
   171.97    50.02   181.69     0.00     0.00    -0.00   0.021  185
   171.97    50.02   181.69     0.01     0.00    -0.00   0.020  186
   172.95    49.04   180.68     0.01     0.00    -0.00   0.021  187
   171.97    50.02   181.69     0.01     0.00    -0.00   0.020  188
   172.95    49.04   181.69     0.01     0.00    -0.00   0.021  189
   173.92    49.04   181.69     0.01     0.00    -0.00   0.020  190
   171.97    49.04   181.69     0.01     0.00    -0.00   0.020  191
   173.92    50.02   180.68     0.01     0.00    -0.00   0.021  192
   171.97    49.04   180.68     0.01     0.00    -0.00   0.020  193
   172.95    49.04   180.68     0.01     0.00    -0.00   0.021  194
   171.97    49.04   181.69     0.01     0.00    -0.00   0.020  195
   172.95    49.04   180.68     0.01     0.00    -0.00   0.021  196
   172.95    50.02   181.69     0.01     0.00    -0.00   0.020  197
   171.97    50.02   180.68     0.01     0.00    -0.00   0.021  198
   171.97    49.04   182.71     0.01     0.00    -0.00   0.020  199
   172.95    50.02   181.69     0.01     0.00    -0.00   0.021  200
   170.99    50.02   180.68     0.01     0.00    -0.00   0.020  201
   172.95    50.02   180.68     0.01     0.00    -0.00   0.021  202
   171.97    50.02   181.69     0.01     0.00    -0.00   0.020  203
   172.95    49.04   180.68     0.01     0.00    -0.00   0.021  204
   171.97    50.02   181.69     0.01     0.00    -0.00   0.020  205
   172.95    50.02   181.69     0.01     0.00    -0.00   0.021  206
   171.97    50.02   183.73     0.01     0.00    -0.00   0.020  207
   170.99    50.02   181.69     0.01     0.00    -0.00   0.021  208
   171.97    49.04   180.68     0.01     0.00    -0.00   0.020  209
   170.99    50.02   182.71     0.01     0.00    -0.00   0.021  210
   171.97    50.02   181.69     0.01     0.00    -0.00   0.020  211
   172.95    49.04   181.69     0.01     0.00    -0.00   0.021  212
   172.95    50.02   182.71     0.01     0.00    -0.00   0.020  213
   172.95    51.00   181.69     0.01     0.00    -0.00   0.021  214
   172.95    50.02   182.71     0.01     0.00    -0.00   0.020  215
   171.97    50.02   180.68     0.01    -0.00    -0.00   0.020  216
   172.95    49.04   180.68     0.01     0.00    -0.00   0.021  217
   171.97    50.02   181.69     0.01     0.00    -0.00   0.020  218
   170.99    50.02   180.68     0.00     0.00    -0.00   0.021  219
   172.95    50.02   181.69     0.00     0.00    -0.00   0.020  220
   171.97    50.02   181.69     0.00     0.00     0.00   0.021  221
   172.95    49.04   181.69     0.00     0.00    -0.00   0.020  222
   172.95    50.02   181.69     0.01     0.00    -0.00   0.021  223
   172.95    50.02   180.68     0.01     0.00    -0.00   0.020  224
   172.95    50.02   181.69     0.01     0.00    -0.00   0.021  225
   172.95    50.02   180.68     0.01     0.00    -0.00   0.020  226
   172.95    51.00   181.69     0.01     0.00    -0.00   0.021  227
   171.97    49.04   181.69     0.01     0.00    -0.00   0.020  228
   172.95    51.00   181.69     0.01     0.00    -0.00   0.021  229
   171.97    49.04   181.69     0.01     0.00    -0.00   0.020  230
   173.92    49.04   181.69     0.01     0.00    -0.00   0.021  231
   170.99    51.00   179.66     0.01     0.00    -0.00   0.020  232
   172.95    51.00   182.71     0.01     0.00    -0.00   0.021  233
   170.99    50.02   180.68     0.01     0.00    -0.00   0.020  234
   172.95    51.00   181.69     0.01     0.00    -0.00   0.021  235
   171.97    49.04   181.69     0.01     0.00    -0.00   0.020  236
   173.92    50.02   181.69     0.01     0.00    -0.00   0.021  237
   171.97    50.02   182.71     0.01     0.00    -0.00   0.020  238
   171.97    50.02   181.69     0.01     0.00    -0.00   0.021  239
   170.99    49.04   180.68     0.01     0.00    -0.00   0.020  240
   172.95    49.04   180.68     0.01     0.00    -0.00   0.020  241
   173.92    49.04   180.68     0.01     0.00    -0.00   0.021  242
   171.97    50.02   181.69     0.01     0.00    -0.00   0.020  243
   171.97    50.02   182.71     0.01     0.00    -0.00   0.021  244
   172.95    50.02   181.69     0.01     0.00    -0.00   0.020  245
   170.99    50.02   180.68     0.01     0.00    -0.00   0.021  246
   170.99    51.00   181.69     0.01     0.00    -0.00   0.020  247
   172.95    49.04   181.69     0.01     0.00    -0.00   0.021  248
   171.97    50.02   180.68     0.01     0.00    -0.00   0.020  249
   172.95    51.00   180.68     0.01     0.00    -0.00   0.021  250
   172.95    50.02   180.68     0.01     0.00    -0.00   0.020  251
   171.97    50.02   181.69     0.01     0.00    -0.00   0.021  252
   172.95    50.02   182.71     0.01     0.00    -0.00   0.020  253
   170.99    50.02   181.69     0.01     0.00    -0.00   0.021  254
   171.97    50.02   181.69     0.01     0.00    -0.00   0.020  255
   172.95    51.00   181.69     0.01     0.00    -0.00   0.021    0
   173.92    49.04   179.66     0.01     0.00    -0.00   0.020    1
   172.95    49.04   182.71     0.00     0.00    -0.00   0.021    2
   170.99    50.02   181.69     0.00     0.00    -0.00   0.020    3
   171.97    51.00   181.69     0.00     0.00    -0.00   0.021    4
   171.97    49.04   181.69     0.01     0.00    -0.00   0.020    5
   171.97    50.02   180.68     0.01     0.00    -0.00   0.021    6
   172.95    49.04   180.68     0.01     0.00    -0.00   0.020    7
   171.97    50.02   183.73     0.01     0.00    -0.00   0.021    8
   172.95    50.02   181.69     0.01     0.00    -0.00   0.020    9
   172.95    50.02   181.69     0.01    -0.00    -0.00   0.020   10
   172.95    49.04   179.66     0.01     0.00    -0.00   0.021   11
   172.95    50.02   181.69     0.01     0.00    -0.00   0.020   12
   171.97    50.02   181.69     0.01     0.00    -0.00   0.021   13
   172.95    51.00   182.71     0.01     0.00    -0.00   0.020   14
   172.95    50.02   181.69     0.01     0.00    -0.00   0.021   15
   172.95    50.02   181.69     0.01     0.00    -0.00   0.020   16
   171.97    51.00   180.68     0.00     0.00    -0.00   0.021   17
   172.95    49.04   180.68     0.01     0.00    -0.00   0.020   18
   170.99    50.02   181.69     0.01     0.00    -0.00   0.021   19
   172.95    50.02   180.68     0.01     0.00    -0.00   0.020   20
   172.95    50.02   181.69     0.01     0.00    -0.00   0.021   21
   171.97    51.00   180.68     0.01     0.00    -0.00   0.020   22
   171.97    50.02   181.69     0.01     0.00    -0.00   0.021   23
   171.97    51.00   181.69     0.01     0.00    -0.00   0.020   24
   171.97    50.02   180.68     0.01     0.00    -0.00   0.021   25
   171.97    50.02   181.69     0.01     0.00    -0.00   0.020   26
   171.97    50.02   180.68     0.01     0.00    -0.00   0.021   27
   172.95    51.00   181.69     0.01     0.00    -0.00   0.020   28
   172.95    50.02   182.71     0.01     0.00    -0.00   0.021   29
   171.97    50.02   181.69     0.01     0.00    -0.00   0.020   30
   171.97    50.02   181.69     0.01     0.00    -0.00   0.021   31
   173.92    50.02   181.69     0.01     0.00    -0.00   0.020   32
   171.97    50.02   180.68     0.01     0.00    -0.00   0.021   33
   170.99    49.04   181.69     0.01     0.00    -0.00   0.020   34
   171.97    50.02   180.68     0.01     0.00    -0.00   0.020   35
   171.97    50.02   180.68     0.01     0.00    -0.00   0.021   36
   171.97    50.02   182.71     0.01     0.00    -0.00   0.020   37
   172.95    50.02   181.69     0.00     0.00    -0.00   0.021   38
   172.95    50.02   179.66     0.00     0.00    -0.00   0.020   39
   172.95    50.02   181.69     0.01     0.00    -0.00   0.021   40
   172.95    50.02   182.71     0.01     0.00    -0.00   0.020   41
   172.95    49.04   181.69     0.01     0.00    -0.00   0.021   42
   172.95    49.04   181.69     0.01     0.00    -0.00   0.020   43
   171.97    50.02   181.69     0.01     0.00    -0.00   0.021   44
   171.97    50.02   181.69     0.01     0.00    -0.00   0.020   45
   172.95    50.02   182.71     0.01     0.00    -0.00   0.021   46
   172.95    50.02   181.69     0.01     0.00    -0.00   0.020   47
   172.95    49.04   181.69     0.01     0.00    -0.00   0.021   48
   171.97    50.02   181.69     0.01     0.00    -0.00   0.020   49
   171.97    50.02   181.69     0.01     0.00    -0.00   0.021   50
   171.97    50.02   181.69     0.00     0.00    -0.00   0.020   51
   171.97    50.02   180.68     0.01     0.00    -0.00   0.021   52
   172.95    50.02   181.69     0.01     0.00    -0.00   0.020   53
   171.97    51.00   181.69     0.01     0.00    -0.00   0.021   54
   172.95    51.00   181.69     0.01     0.00    -0.00   0.020   55
   172.95    49.04   182.71     0.01     0.00    -0.00   0.021   56
   172.95    50.02   182.71     0.01     0.00    -0.00   0.020   57
   171.97    50.02   182.71     0.01     0.00    -0.00   0.021   58
   172.95    50.02   182.71     0.01     0.00    -0.00   0.020   59
   172.95    49.04   180.68     0.01     0.00    -0.00   0.020   60
   172.95    50.02   181.69     0.01     0.00    -0.00   0.021   61
   171.97    50.02   180.68     0.01     0.00    -0.00   0.020   62
   171.97    50.02   179.66     0.01     0.00    -0.00   0.021   63
   171.97    50.02   181.69     0.01     0.00    -0.00   0.020   64
   171.97    50.02   181.69     0.01     0.00    -0.00   0.021   65
   172.95    51.00   181.69     0.01     0.00    -0.00   0.020   66
   172.95    49.04   181.69     0.01     0.00    -0.00   0.021   67
   171.97    50.02   180.68     0.01     0.00    -0.00   0.020   68
   170.99    50.02   182.71     0.01     0.00    -0.00   0.021   69
   172.95    50.02   180.68     0.01     0.00    -0.00   0.020   70
   171.97    51.00   181.69     0.01     0.00    -0.00   0.021   71
   171.97    50.02   182.71     0.01     0.00    -0.00   0.020   72
   172.95    50.02   181.69     0.01     0.00    -0.00   0.021   73
   172.95    50.02   181.69     0.01     0.00    -0.00   0.020   74
   172.95    50.02   181.69     0.01     0.00    -0.00   0.021   75
   172.95    49.04   181.69     0.01     0.00    -0.00   0.020   76
   171.97    51.00   182.71     0.01     0.00    -0.00   0.021   77
   171.97    50.02   181.69     0.01     0.00    -0.00   0.020   78
   170.99    51.00   181.69     0.01     0.00    -0.00   0.021   79
   171.97    50.02   181.69     0.01     0.00    -0.00   0.020   80
   171.97    50.02   181.69     0.01     0.00    -0.00   0.021   81
   172.95    49.04   182.71     0.01     0.00    -0.00   0.020   82
   172.95    50.02   181.69     0.01     0.00    -0.00   0.021   83
   172.95    50.02   180.68     0.01     0.00    -0.00   0.020   84
   172.95    50.02   181.69     0.01     0.00    -0.00   0.020   85
   171.97    50.02   181.69     0.01     0.00    -0.00   0.021   86
   170.99    50.02   181.69     0.01     0.00    -0.00   0.020   87
   171.97    51.00   181.69     0.01     0.00    -0.00   0.021   88
   171.97    50.02   181.69     0.01     0.00     0.00   0.020   89
   171.97    51.00   181.69     0.01     0.00    -0.00   0.021   90
   171.97    49.04   180.68     0.01     0.00    -0.00   0.020   91
   172.95    50.02   181.69     0.01     0.00    -0.00   0.021   92
   171.97    50.02   181.69     0.01     0.00    -0.00   0.020   93
   171.97    50.02   182.71     0.01     0.00    -0.00   0.021   94
   170.99    51.00   181.69     0.01     0.00    -0.00   0.020   95
   171.97    50.02   181.69     0.01     0.00    -0.00   0.021   96
   172.95    50.02   181.69     0.01     0.00    -0.00   0.020   97
   172.95    51.00   181.69     0.01     0.00    -0.00   0.021   98
   171.97    51.00   181.69     0.01     0.00    -0.00   0.020   99
   172.95    50.02   181.69     0.01     0.00    -0.00   0.021  100
   171.97    50.02   181.69     0.00     0.00     0.00   0.020  101
   171.97    50.02   182.71     0.01     0.00    -0.00   0.021  102
   171.97    50.02   180.68     0.01     0.00    -0.00   0.020  103
   171.97    50.02   180.68     0.01     0.00    -0.00   0.021  104
   171.97    50.02   181.69     0.01     0.00     0.00   0.020  105
   171.97    50.02   181.69     0.01     0.00     0.00   0.021  106
   171.97    51.00   180.68     0.01     0.00    -0.00   0.020  107
   171.97    49.04   179.66     0.01     0.00    -0.00   0.021  108
   172.95    50.02   179.66     0.01    -0.00    -0.00   0.020  109
   171.97    50.02   181.69     0.01     0.00    -0.00   0.020  110
   172.95    50.02   182.71     0.01     0.00    -0.00   0.021  111
   172.95    50.02   182.71     0.01     0.00    -0.00   0.020  112
   171.97    50.02   180.68     0.01     0.00    -0.00   0.021  113
   172.95    50.02   181.69     0.01     0.00    -0.00   0.020  114
   171.97    49.04   180.68     0.01     0.00    -0.00   0.021  115
   171.97    50.02   181.69     0.01     0.00    -0.00   0.020  116
   171.97    49.04   182.71     0.01     0.00    -0.00   0.021  117
   171.97    51.00   181.69     0.01     0.00    -0.00   0.020  118
   171.97    50.02   182.71     0.01     0.00    -0.00   0.021  119
   171.97    50.02   180.68     0.01     0.00    -0.00   0.020  120
   172.95    51.00   181.69     0.01     0.00    -0.00   0.021  121
   171.97    50.02   181.69     0.01     0.00    -0.00   0.020  122
   172.95    50.02   182.71     0.01     0.00    -0.00   0.021  123
   172.95    50.02   181.69     0.01     0.00    -0.00   0.020  124
   171.97    51.00   181.69     0.01     0.00    -0.00   0.021  125
   171.97    50.02   180.68     0.01     0.00    -0.00   0.020  126
   171.97    51.00   181.69     0.01     0.00    -0.00   0.021  127
   172.95    50.02   181.69     0.01     0.00    -0.00   0.020  128
   171.97    50.02   181.69     0.01     0.00    -0.00   0.021  129
   172.95    50.02   181.69     0.01     0.00    -0.00   0.020  130
   171.97    50.02   182.71     0.01     0.00    -0.00   0.021  131
   171.97    51.00   181.69     0.01     0.00    -0.00   0.020  132
   171.97    50.02   181.69     0.01     0.00    -0.00   0.021  133
   171.97    50.02   180.68     0.00     0.00    -0.00   0.020  134
   172.95    50.02   182.71     0.01     0.00    -0.00   0.020  135
   172.95    49.04   182.71     0.01     0.00    -0.00   0.021  136
   171.97    50.02   181.69     0.01     0.00    -0.00   0.020  137
   172.95    49.04   180.68     0.01     0.00    -0.00   0.021  138
   172.95    50.02   180.68     0.01     0.00    -0.00   0.020  139
   173.92    50.02   181.69     0.01     0.00    -0.00   0.021  140
   172.95    51.00   180.68     0.01     0.00    -0.00   0.020  141
   171.97    50.02   181.69     0.01     0.00    -0.00   0.021  142
   171.97    50.02   181.69     0.01     0.00    -0.00   0.020  143
   172.95    50.02   182.71     0.01     0.00    -0.00   0.021  144
   173.92    49.04   182.71     0.01     0.00    -0.00   0.020  145
   171.97    50.02   181.69     0.01     0.00    -0.00   0.021  146
   171.97    51.00   180.68     0.01     0.00    -0.01   0.020  147
   172.95    51.00   181.69     0.01     0.00    -0.00   0.021  148
   173.92    50.02   180.68     0.01     0.00    -0.00   0.020  149
   173.92    50.02   180.68     0.01     0.00    -0.00   0.021  150
   171.97    51.00   181.69     0.01     0.01    -0.00   0.020  151
   172.95    50.02   181.69     0.01     0.00    -0.00   0.021  152
   171.97    51.00   180.68     0.01     0.00    -0.00   0.020  153
   172.95    49.04   180.68     0.01     0.00    -0.00   0.021  154
   171.97    50.02   181.69     0.01     0.00    -0.00   0.020  155
   171.97    50.02   180.68     0.01     0.00    -0.00   0.021  156
   172.95    51.98   180.68     0.01     0.00    -0.00   0.020  157
   172.95    50.02   181.69     0.01     0.00    -0.00   0.021  158
   171.97    51.00   182.71     0.01     0.00    -0.00   0.020  159
   171.97    51.00   180.68     0.01     0.00    -0.00   0.020  160
   171.97    50.02   181.69     0.01     0.00    -0.00   0.021  161
   171.97    51.00   180.68     0.01     0.00    -0.00   0.020  162
   171.97    50.02   182.71     0.01     0.00    -0.00   0.021  163
   172.95    50.02   181.69     0.01     0.00    -0.00   0.020  164
   171.97    50.02   181.69     0.01     0.00    -0.00   0.021  165
   172.95    51.00   181.69     0.01     0.00    -0.00   0.020  166
   173.92    50.02   182.71     0.01     0.00    -0.00   0.021  167
   171.97    50.02   182.71     0.01     0.00    -0.00   0.020  168
   171.97    50.02   180.68     0.01     0.00    -0.00   0.021  169
   172.95    50.02   180.68     0.01     0.00    -0.00   0.020  170
   171.97    50.02   180.68     0.01     0.00    -0.00   0.021  171
   171.97    49.04   181.69     0.01     0.00     0.00   0.020  172
   171.97    51.00   181.69     0.00     0.00    -0.00   0.021  173
   173.92    50.02   181.69     0.01     0.00    -0.00   0.020  174
   171.97    50.02   183.73     0.01     0.00    -0.00   0.021  175
   172.95    49.04   181.69     0.01     0.00    -0.00   0.020  176
   171.97    50.02   183.73     0.01     0.00    -0.00   0.021  177
   173.92    51.00   181.69     0.01     0.00    -0.00   0.020  178
   172.95    49.04   182.71     0.01     0.00    -0.00   0.021  179
   170.99    50.02   181.69     0.01     0.00    -0.00   0.020  180
   171.97    50.02   182.71     0.01     0.00    -0.00   0.021  181
   171.97    51.00   181.69     0.01     0.00    -0.00   0.020  182
   172.95    50.02   182.71     0.01     0.00    -0.00   0.021  183
   171.97    51.00   180.68     0.01     0.00    -0.00   0.020  184
   172.95    51.00   180.68     0.01     0.00    -0.00   0.020  185
   172.95    50.02   180.68     0.01     0.00    -0.00   0.021  186
   171.97    51.98   180.68     0.01     0.00    -0.00   0.020  187
   171.97    49.04   181.69     0.00     0.00    -0.00   0.021  188
   170.99    50.02   182.71     0.01     0.00    -0.00   0.020  189
   171.97    50.02   181.69     0.01     0.00    -0.00   0.021  190
   172.95    51.00   181.69     0.01     0.00    -0.00   0.020  191
   171.97    50.02   182.71     0.01     0.00    -0.00   0.021  192
   171.97    50.02   181.69     0.01     0.00    -0.00   0.020  193
   172.95    50.02   181.69     0.01     0.00    -0.00   0.021  194
   172.95    49.04   181.69     0.01     0.00    -0.00   0.020  195
   171.97    50.02   182.71     0.01     0.00    -0.00   0.021  196
   172.95    50.02   181.69     0.01     0.00    -0.00   0.020  197
   171.97    51.00   181.69     0.01     0.00    -0.00   0.021  198
   172.95    49.04   180.68     0.01     0.00    -0.00   0.020  199
   171.97    49.04   179.66     0.01     0.00    -0.00   0.021  200
   173.92    50.02   181.69     0.01     0.00    -0.00   0.020  201
   172.95    51.00   181.69     0.01     0.00    -0.00   0.021  202
   172.95    50.02   181.69     0.01     0.00     0.00   0.020  203
   171.97    51.00   180.68     0.01     0.00    -0.00   0.021  204
   171.97    50.02   182.71     0.01     0.00    -0.00   0.020  205
   171.97    50.02   181.69     0.01     0.00    -0.00   0.021  206
   171.97    51.00   181.69     0.01     0.00    -0.00   0.020  207
   173.92    51.00   180.68     0.01     0.00    -0.00   0.021  208
   173.92    48.06   182.71     0.01     0.00    -0.00   0.020  209
   171.97    50.02   180.68     0.01     0.00    -0.00   0.020  210
   170.99    50.02   180.68     0.01     0.00    -0.00   0.021  211
   172.95    49.04   181.69     0.01     0.00    -0.00   0.020  212
   173.92    50.02   182.71     0.01     0.00    -0.00   0.021  213
   172.95    50.02   182.71     0.01     0.00    -0.00   0.020  214
   172.95    50.02   180.68     0.01     0.00    -0.00   0.021  215
   172.95    50.02   181.69     0.01     0.00    -0.00   0.020  216
   171.97    50.02   181.69     0.01     0.00    -0.00   0.021  217
   172.95    50.02   182.71     0.01     0.00    -0.00   0.020  218
   171.97    50.02   181.69     0.01     0.00    -0.00   0.021  219
   172.95    51.00   181.69     0.01     0.00    -0.00   0.020  220
   171.97    50.02   181.69     0.01     0.00    -0.00   0.021  221
   172.95    51.00   181.69     0.01     0.00    -0.00   0.020  222
   172.95    50.02   181.69     0.01     0.00    -0.00   0.021  223
   171.97    51.00   181.69     0.01     0.00    -0.00   0.020  224
   171.97    51.00   180.68     0.00     0.00    -0.00   0.021  225
   171.97    50.02   180.68     0.00     0.00    -0.00   0.020  226
   170.99    50.02   180.68     0.01     0.00    -0.00   0.021  227
   171.97    50.02   182.71     0.01     0.00    -0.00   0.020  228
   172.95    50.02   181.69     0.01     0.00    -0.00   0.021  229
   172.95    51.00   181.69     0.01     0.00    -0.00   0.020  230
   172.95    50.02   181.69     0.01     0.00    -0.00   0.021  231
   172.95    51.00   180.68     0.01     0.00    -0.00   0.020  232
   171.97    51.00   181.69     0.01     0.00    -0.00   0.021  233
   172.95    51.00   181.69     0.01     0.00    -0.00   0.020  234
   172.95    50.02   180.68     0.01     0.00    -0.00   0.020  235
   171.97    51.00   180.68     0.01     0.00    -0.00   0.021  236
   171.97    50.02   181.69     0.01     0.00    -0.00   0.020  237
   170.99    50.02   182.71     0.01     0.00     0.00   0.021  238
   172.95    49.04   181.69     0.01     0.00    -0.00   0.020  239
   172.95    50.02   179.66     0.01     0.00    -0.00   0.021  240
   171.97    50.02   182.71     0.01     0.00    -0.00   0.020  241
   172.95    48.06   180.68     0.01     0.00    -0.00   0.021  242
   171.97    49.04   181.69     0.01     0.00    -0.00   0.020  243
   171.97    50.02   181.69     0.01     0.00    -0.00   0.021  244
   171.97    50.02   182.71     0.01     0.00    -0.00   0.020  245
   172.95    50.02   180.68     0.01     0.00    -0.00   0.021  246
   172.95    50.02   181.69     0.01     0.00    -0.00   0.020  247
   171.97    51.00   180.68     0.01     0.00    -0.00   0.021  248
   172.95    50.02   181.69     0.01     0.00    -0.00   0.020  249
   172.95    50.02   180.68     0.01     0.00    -0.00   0.021  250
   172.95    50.02   180.68     0.01     0.00    -0.00   0.020  251
   171.97    50.02   181.69     0.01     0.00    -0.00   0.021  252
   172.95    50.02   182.71     0.01     0.00    -0.00   0.020  253
   172.95    50.02   182.71     0.01    -0.00    -0.00   0.021  254
   171.97    51.00   182.71     0.01     0.00    -0.00   0.020  255
   171.97    50.02   181.69     0.01     0.00    -0.00   0.021    0
   171.97    50.02   181.69     0.01     0.00    -0.00   0.020    1
   172.95    49.04   180.68     0.01     0.00    -0.00   0.021    2
   171.97    50.02   179.66     0.01     0.00    -0.00   0.020    3
   172.95    50.02   181.69     0.01     0.00    -0.00   0.020    4
   171.97    50.02   182.71     0.01     0.00    -0.00   0.021    5
   171.97    51.00   181.69     0.01     0.00    -0.00   0.020    6
   172.95    51.00   182.71     0.01     0.00    -0.00   0.021    7
   171.97    49.04   182.71     0.01     0.00    -0.00   0.020    8
   171.97    50.02   180.68     0.01     0.00    -0.00   0.021    9
   171.97    50.02   182.71     0.01     0.00    -0.00   0.020   10
   170.99    50.02   181.69     0.01     0.00    -0.00   0.021   11
   173.92    50.02   182.71     0.01     0.00    -0.00   0.020   12
   173.92    50.02   181.69     0.01     0.00    -0.00   0.021   13
   172.95    51.00   181.69     0.01    -0.00    -0.00   0.020   14
   172.95    49.04   181.69     0.01    -0.00    -0.00   0.021   15
   173.92    50.02   181.69     0.01     0.00    -0.00   0.020   16
   171.97    50.02   181.69     0.01     0.00    -0.00   0.021   17
   173.92    50.02   180.68     0.01     0.00    -0.00   0.020   18
   171.97    50.02   181.69     0.01     0.00    -0.00   0.021   19
   171.97    51.00   182.71     0.01     0.00    -0.00   0.020   20
   172.95    48.06   181.69     0.01     0.00    -0.00   0.021   21
   172.95    50.02   180.68     0.01     0.00    -0.00   0.020   22
   171.97    51.00   181.69     0.01     0.00    -0.00   0.021   23
   173.92    50.02   181.69     0.01     0.00    -0.00   0.020   24
   172.95    49.04   181.69     0.01     0.00    -0.00   0.021   25
   172.95    50.02   182.71     0.01     0.00    -0.00   0.020   26
   172.95    50.02   182.71     0.01     0.00    -0.00   0.021   27
   172.95    51.00   181.69     0.01     0.00    -0.00   0.020   28
   172.95    50.02   181.69     0.01     0.00    -0.00   0.020   29
   171.97    51.00   180.68     0.01     0.00    -0.00   0.021   30
   171.97    49.04   181.69     0.01     0.00    -0.00   0.020   31
   172.95    48.06   181.69     0.01     0.00    -0.00   0.021   32
   173.92    49.04   180.68     0.01     0.00    -0.00   0.020   33
   172.95    51.00   180.68     0.01     0.00    -0.00   0.021   34
   172.95    50.02   181.69     0.01     0.00    -0.00   0.020   35
   171.97    51.00   181.69     0.01     0.00    -0.00   0.021   36
   172.95    51.00   183.73     0.01    -0.00    -0.00   0.020   37
   172.95    51.00   181.69     0.01     0.00    -0.00   0.021   38
   171.97    50.02   182.71     0.01     0.00    -0.00   0.020   39
   171.97    50.02   179.66     0.01     0.00    -0.00   0.021   40
   171.97    51.00   181.69     0.01     0.00    -0.00   0.020   41
   171.97    51.00   182.71     0.00     0.00    -0.00   0.021   42
   172.95    49.04   180.68     0.01     0.00    -0.00   0.020   43
   171.97    50.02   181.69     0.01     0.00    -0.00   0.021   44
   172.95    49.04   180.68     0.01     0.00    -0.00   0.020   45
   170.99    50.02   180.68     0.01     0.00     0.00   0.021   46
   170.99    49.04   182.71     0.01     0.00    -0.00   0.020   47
   172.95    50.02   181.69     0.01     0.00    -0.00   0.021   48
   171.97    51.00   180.68     0.01     0.00    -0.00   0.020   49
   171.97    51.00   181.69     0.01     0.00    -0.00   0.021   50
   171.97    51.00   182.71     0.01     0.00    -0.00   0.020   51
   171.97    50.02   182.71     0.01     0.00    -0.00   0.021   52
   171.97    51.00   182.71     0.01     0.00    -0.00   0.020   53
   171.97    50.02   180.68     0.01     0.00    -0.00   0.020   54
   171.97    50.02   180.68     0.01     0.00    -0.00   0.021   55
   171.97    51.00   182.71     0.01     0.00    -0.00   0.020   56
   172.95    50.02   183.73     0.01     0.00    -0.00   0.021   57
   172.95    50.02   181.69     0.01     0.00    -0.00   0.020   58
   171.97    50.02   181.69     0.01     0.00    -0.00   0.021   59
   171.97    50.02   180.68     0.00     0.00    -0.00   0.020   60
   171.97    50.02   181.69     0.01     0.00    -0.00   0.021   61
   171.97    50.02   181.69     0.01     0.00    -0.00   0.020   62
   172.95    49.04   180.68     0.01     0.00    -0.00   0.021   63
   171.97    50.02   181.69     0.01     0.00    -0.00   0.020   64
   171.97    50.02   180.68     0.01     0.00    -0.00   0.021   65
   172.95    50.02   181.69     0.01     0.00    -0.00   0.020   66
   173.92    49.04   180.68     0.01     0.00    -0.00   0.021   67
   172.95    50.02   182.71     0.01     0.00    -0.00   0.020   68
   171.97    49.04   182.71     0.01     0.00    -0.00   0.021   69
   171.97    50.02   181.69     0.01     0.00    -0.00   0.020   70
   171.97    50.02   181.69     0.01     0.00    -0.00   0.021   71
   171.97    50.02   181.69     0.01     0.00    -0.00   0.020   72
   172.95    49.04   182.71     0.01     0.00    -0.00   0.021   73
   171.97    50.02   181.69     0.00     0.00    -0.00   0.020   74
   172.95    50.02   182.71     0.01     0.00    -0.00   0.021   75
   172.95    51.00   181.69     0.01     0.00    -0.00   0.020   76
   172.95    51.00   181.69     0.01     0.00    -0.00   0.021   77
   172.95    50.02   181.69     0.01     0.00    -0.00   0.020   78
   171.97    49.04   180.68     0.01     0.00    -0.00   0.020   79
   172.95    49.04   181.69     0.01     0.00    -0.00   0.021   80
   172.95    50.02   181.69     0.01     0.00    -0.00   0.020   81
   171.97    51.00   182.71     0.01     0.00    -0.00   0.021   82
   171.97    50.02   181.69     0.01     0.00    -0.00   0.020   83
   173.92    50.02   183.73     0.01     0.00    -0.00   0.021   84
   170.99    50.02   180.68     0.01     0.00    -0.00   0.020   85
   172.95    50.02   181.69     0.01     0.00    -0.00   0.021   86
   171.97    50.02   181.69     0.01     0.00    -0.00   0.020   87
   172.95    50.02   181.69     0.01     0.00    -0.00   0.021   88
   172.95    50.02   181.69     0.01     0.00    -0.00   0.020   89
   172.95    50.02   183.73     0.01     0.00    -0.00   0.021   90
   171.97    51.00   181.69     0.01     0.00    -0.00   0.020   91
   170.99    50.02   181.69     0.01     0.00    -0.00   0.021   92
   171.97    49.04   181.69     0.01     0.00    -0.00   0.020   93
   171.97    51.00   180.68     0.01     0.00    -0.00   0.021   94
   172.95    49.04   181.69     0.01     0.00    -0.00   0.020   95
   171.97    50.02   181.69     0.01     0.00    -0.00   0.021   96
   171.97    50.02   181.69     0.01     0.00    -0.00   0.020   97
   172.95    50.02   180.68     0.01     0.00    -0.00   0.021   98
   172.95    50.02   182.71     0.01     0.00    -0.00   0.020   99
   170.99    51.00   182.71     0.01     0.00    -0.00   0.021  100
   170.99    51.00   181.69     0.01     0.00    -0.00   0.020  101
   172.95    51.00   180.68     0.01     0.00    -0.00   0.021  102
   172.95    51.00   180.68     0.01     0.00    -0.00   0.020  103
   170.99    51.00   180.68     0.01     0.00    -0.00   0.020  104
   171.97    50.02   180.68     0.01     0.00    -0.00   0.021  105
   171.97    50.02   181.69     0.01     0.00    -0.00   0.020  106
   172.95    51.00   181.69     0.01     0.00    -0.00   0.021  107
   172.95    49.04   181.69     0.00     0.00    -0.00   0.020  108
   171.97    50.02   181.69     0.00     0.00    -0.00   0.021  109
   172.95    50.02   182.71     0.01     0.00    -0.00   0.020  110
   171.97    50.02   182.71     0.01     0.00    -0.00   0.021  111
   171.97    51.00   181.69     0.01     0.00    -0.00   0.020  112
   172.95    50.02   180.68     0.01     0.00    -0.00   0.021  113
   172.95    50.02   181.69     0.01     0.00    -0.00   0.020  114
   172.95    50.02   180.68     0.01     0.00    -0.00   0.021  115
   171.97    50.02   181.69     0.01     0.00    -0.00   0.020  116
   171.97    51.00   181.69     0.01     0.00    -0.00   0.021  117
   171.97    50.02   181.69     0.01     0.00    -0.00   0.020  118
   172.95    50.02   180.68     0.00     0.01    -0.00   0.021  119
   173.92    51.00   181.69     0.01     0.00    -0.00   0.020  120
   171.97    49.04   179.66     0.00     0.00    -0.00   0.021  121
   171.97    50.02   179.66     0.01     0.00    -0.00   0.020  122
   172.95    49.04   180.68     0.01     0.00    -0.00   0.021  123
   173.92    49.04   179.66     0.01     0.00    -0.00   0.020  124
   171.97    50.02   181.69     0.01     0.00    -0.00   0.021  125
   172.95    50.02   181.69     0.01     0.00    -0.00   0.020  126
   171.97    50.02   180.68     0.01     0.00    -0.00   0.021  127
   171.97    51.00   182.71     0.01     0.00    -0.00   0.020  128
   171.97    50.02   181.69     0.01     0.00    -0.00   0.020  129
   170.99    50.02   181.69     0.01     0.00    -0.00   0.021  130
   171.97    50.02   181.69     0.01     0.00    -0.00   0.020  131
   172.95    50.02   182.71     0.01     0.00    -0.00   0.021  132
   171.97    49.04   180.68     0.00     0.00    -0.00   0.020  133
   173.92    51.00   181.69     0.01     0.00    -0.00   0.021  134
   171.97    49.04   181.69     0.01     0.00    -0.00   0.020  135
   170.99    51.00   181.69     0.01     0.00    -0.00   0.021  136
   171.97    50.02   181.69     0.01     0.00    -0.00   0.020  137
   171.97    51.00   179.66     0.01     0.00    -0.00   0.021  138
   172.95    49.04   181.69     0.01     0.00    -0.00   0.020  139
   171.97    51.98   180.68     0.01     0.00    -0.00   0.021  140
   171.97    51.00   181.69     0.01     0.00    -0.00   0.020  141
   171.97    50.02   181.69     0.01     0.00    -0.00   0.021  142
   171.97    50.02   181.69     0.01     0.00    -0.00   0.020  143
   172.95    50.02   180.68     0.01     0.00    -0.00   0.021  144
   172.95    50.02   181.69     0.01     0.00    -0.00   0.020  145
   172.95    50.02   181.69     0.01     0.00    -0.00   0.021  146
   172.95    50.02   181.69     0.01     0.00    -0.00   0.020  147
   171.97    50.02   181.69     0.01     0.00    -0.00   0.021  148
   171.97    50.02   180.68     0.01     0.00    -0.00   0.020  149
   173.92    49.04   182.71     0.01     0.00    -0.00   0.021  150
   171.97    50.02   179.66     0.01     0.00    -0.00   0.020  151
   172.95    50.02   182.71     0.01     0.00    -0.00   0.021  152
   172.95    50.02   180.68     0.01     0.00    -0.00   0.020  153
   171.97    50.02   182.71     0.01     0.00    -0.00   0.020  154
   171.97    50.02   182.71     0.01     0.00    -0.00   0.021  155
   173.92    49.04   181.69     0.01     0.00    -0.00   0.020  156
   171.97    49.04   181.69     0.00     0.00    -0.00   0.021  157
   172.95    50.02   181.69     0.01     0.00    -0.00   0.020  158
   171.97    50.02   181.69     0.00     0.00    -0.00   0.021  159
   172.95    50.02   181.69     0.01     0.00     0.00   0.020  160
   171.97    50.02   180.68     0.01     0.00     0.00   0.021  161
   171.97    50.02   181.69     0.01     0.00    -0.00   0.020  162
   172.95    49.04   181.69     0.01     0.00    -0.00   0.021  163
   172.95    51.00   182.71     0.01    -0.00    -0.00   0.020  164
   171.97    50.02   181.69     0.01     0.00    -0.00   0.021  165
   172.95    50.02   181.69     0.01     0.00    -0.00   0.020  166
   171.97    50.02   181.69     0.01     0.00    -0.00   0.021  167
   171.97    50.02   180.68     0.01     0.00    -0.00   0.020  168
   172.95    50.02   181.69     0.01    -0.00    -0.00   0.021  169
   171.97    50.02   181.69     0.01     0.00    -0.00   0.020  170
   172.95    50.02   180.68     0.01     0.00    -0.00   0.021  171
   172.95    50.02   182.71     0.01     0.00    -0.00   0.020  172
   171.97    50.02   179.66     0.01     0.00    -0.00   0.021  173
   172.95    51.00   180.68     0.01     0.00    -0.00   0.020  174
   171.97    51.00   180.68     0.01     0.00    -0.00   0.021  175
   171.97    51.00   180.68     0.01     0.00    -0.00   0.020  176
   172.95    50.02   181.69     0.01     0.00    -0.00   0.021  177
   171.97    51.00   182.71     0.01     0.00    -0.00   0.020  178
   171.97    49.04   180.68     0.01     0.00    -0.00   0.020  179
   171.97    50.02   181.69     0.01     0.00    -0.00   0.021  180
   171.97    50.02   180.68     0.01     0.00    -0.00   0.020  181
   172.95    51.00   181.69     0.01     0.00    -0.00   0.021  182
   171.97    49.04   181.69     0.01     0.00    -0.00   0.020  183
   172.95    49.04   180.68     0.01     0.00    -0.00   0.021  184
   172.95    50.02   181.69     0.01     0.00    -0.00   0.020  185
   170.99    51.00   182.71     0.01     0.00    -0.00   0.021  186
   171.97    49.04   180.68     0.01     0.00    -0.00   0.020  187
   172.95    50.02   181.69     0.01     0.00    -0.00   0.021  188
   171.97    49.04   180.68     0.01     0.00    -0.00   0.020  189
   171.97    50.02   182.71     0.01     0.00    -0.00   0.021  190
   171.97    50.02   181.69     0.01     0.00    -0.00   0.020  191
   171.97    50.02   180.68     0.01     0.00    -0.00   0.021  192
   171.97    51.00   181.69     0.01     0.00    -0.00   0.020  193
   171.97    50.02   181.69     0.01     0.00    -0.00   0.021  194
   171.97    50.02   181.69     0.01     0.00    -0.00   0.020  195
   171.97    51.00   181.69     0.01     0.00    -0.00   0.021  196
   171.97    51.00   180.68     0.01     0.00    -0.00   0.020  197
   172.95    51.00   180.68     0.01     0.00    -0.00   0.021  198
   171.97    50.02   180.68     0.01     0.00    -0.00   0.020  199
   172.95    49.04   181.69     0.01     0.00    -0.00   0.021  200
   171.97    50.02   180.68     0.01     0.00    -0.00   0.020  201
   171.97    51.00   181.69     0.01     0.00    -0.00   0.021  202
   171.97    51.00   181.69     0.01     0.00    -0.00   0.020  203
   171.97    51.00   181.69     0.01     0.00    -0.00   0.020  204
   172.95    49.04   181.69     0.01     0.00    -0.00   0.021  205
   171.97    50.02   180.68     0.01     0.00    -0.00   0.020  206
   172.95    50.02   181.69     0.01     0.00    -0.00   0.021  207
   171.97    50.02   180.68     0.01     0.00    -0.00   0.020  208
   170.02    50.02   179.66     0.01     0.00    -0.00   0.021  209
   172.95    50.02   181.69     0.01     0.00    -0.00   0.020  210
   171.97    50.02   181.69     0.01     0.00    -0.00   0.021  211
   172.95    50.02   182.71     0.01     0.00    -0.00   0.020  212
   171.97    51.00   180.68     0.01     0.00    -0.00   0.021  213
   170.99    51.00   181.69     0.01     0.00    -0.00   0.020  214
   171.97    49.04   180.68     0.01     0.00    -0.00   0.021  215
   171.97    51.00   179.66     0.01     0.00    -0.00   0.020  216
   170.99    49.04   180.68     0.01     0.00    -0.00   0.021  217
   171.97    50.02   180.68     0.01     0.00    -0.00   0.020  218
   172.95    50.02   181.69     0.01     0.00    -0.00   0.021  219
   171.97    49.04   180.68     0.01     0.00    -0.00   0.020  220
   172.95    49.04   181.69     0.01     0.00    -0.00   0.021  221
   171.97    50.02   181.69     0.01     0.00    -0.00   0.020  222
   172.95    50.02   182.71     0.01     0.00    -0.00   0.021  223
   172.95    50.02   180.68     0.01     0.00    -0.00   0.020  224
   171.97    50.02   180.68     0.01     0.00    -0.00   0.021  225
   172.95    51.00   181.69     0.01     0.00    -0.00   0.020  226
   172.95    48.06   181.69     0.01     0.00    -0.00   0.021  227
   172.95    49.04   180.68     0.01     0.00    -0.00   0.020  228
   172.95    51.00   182.71     0.01     0.00    -0.00   0.020  229
   172.95    51.00   181.69     0.01     0.00    -0.00   0.021  230
   172.95    51.00   182.71     0.01     0.00    -0.00   0.020  231
   171.97    51.00   181.69     0.01     0.00    -0.00   0.021  232
   171.97    50.02   181.69     0.01     0.00    -0.00   0.020  233
   172.95    50.02   181.69     0.00     0.00    -0.00   0.021  234
   171.97    49.04   180.68     0.01     0.00    -0.00   0.020  235
   171.97    51.00   181.69     0.01     0.00    -0.00   0.021  236
   172.95    51.00   181.69     0.01     0.00    -0.00   0.020  237
   172.95    49.04   181.69     0.01     0.00    -0.00   0.021  238
   171.97    50.02   181.69     0.01     0.00    -0.00   0.020  239
   171.97    50.02   180.68     0.01     0.00    -0.00   0.021  240
   171.97    51.00   180.68     0.01     0.00    -0.00   0.020  241
   171.97    50.02   181.69     0.01     0.00    -0.00   0.021  242
   171.97    50.02   180.68     0.01     0.00    -0.00   0.020  243
   171.97    50.02   180.68     0.01     0.00    -0.00   0.021  244
   170.99    50.02   181.69     0.01     0.00    -0.00   0.020  245
   172.95    49.04   181.69     0.01     0.00    -0.00   0.021  246
   172.95    49.04   180.68     0.01     0.00    -0.00   0.020  247
   171.97    51.00   182.71     0.01     0.00    -0.00   0.021  248
   170.99    50.02   181.69     0.01     0.00    -0.00   0.020  249
   171.97    50.02   182.71     0.01     0.00    -0.00   0.021  250
   172.95    50.02   181.69     0.01     0.00    -0.00   0.020  251
   171.97    49.04   180.68     0.01     0.00    -0.00   0.021  252
   172.95    50.02   182.71     0.01     0.00    -0.00   0.020  253
   171.97    50.02   183.73     0.01     0.00    -0.00   0.020  254
   172.95    50.02   182.71     0.01     0.00    -0.00   0.021  255
   171.97    50.02   181.69     0.01     0.00    -0.00   0.020    0
   171.97    49.04   181.69     0.01     0.00    -0.00   0.021    1
   171.97    50.02   181.69     0.01     0.00    -0.00   0.020    2
   171.97    50.02   182.71     0.01     0.00    -0.00   0.021    3
   172.95    50.02   181.69     0.01     0.00    -0.00   0.020    4
   171.97    50.02   181.69     0.01     0.00    -0.00   0.021    5
   171.97    50.02   181.69     0.01     0.00    -0.00   0.020    6
   171.97    50.02   181.69     0.01     0.00    -0.00   0.021    7
   171.97    49.04   180.68     0.01     0.00    -0.00   0.020    8
   172.95    50.02   181.69     0.01     0.00    -0.00   0.021    9
   171.97    50.02   180.68     0.01     0.00    -0.00   0.020   10
   172.95    50.02   180.68     0.01     0.00    -0.00   0.021   11
   172.95    50.02   181.69     0.01     0.00    -0.00   0.020   12
   173.92    51.00   182.71     0.01     0.00    -0.00   0.021   13
   172.95    51.00   182.71     0.01     0.00    -0.00   0.020   14
   172.95    51.00   181.69     0.00     0.00     0.00   0.021   15
   172.95    50.02   181.69     0.00     0.00     0.00   0.020   16
   173.92    50.02   181.69     0.01     0.00    -0.00   0.021   17
   171.97    51.00   181.69     0.01     0.00    -0.00   0.020   18
   172.95    50.02   181.69     0.01     0.00    -0.00   0.021   19
   170.99    50.02   180.68     0.01     0.00    -0.00   0.020   20
   172.95    50.02   181.69     0.01     0.00    -0.00   0.021   21
   171.97    50.02   181.69     0.01     0.00    -0.00   0.020   22
   171.97    50.02   181.69     0.01     0.00    -0.00   0.020   23
   171.97    51.00   181.69     0.01     0.00    -0.00   0.021   24
   171.97    51.00   181.69     0.01     0.00    -0.00   0.020   25
   172.95    49.04   181.69     0.01     0.00    -0.00   0.021   26
   171.97    51.00   181.69     0.01     0.00    -0.00   0.020   27
   171.97    50.02   181.69     0.01     0.00    -0.00   0.021   28
   171.97    50.02   180.68     0.01     0.00    -0.00   0.020   29
   172.95    49.04   183.73     0.01     0.00    -0.00   0.021   30
   171.97    50.02   180.68     0.01     0.00    -0.00   0.020   31
   172.95    50.02   181.69     0.01     0.00    -0.00   0.021   32
   172.95    50.02   181.69     0.01     0.00    -0.00   0.020   33
   172.95    50.02   181.69     0.01     0.00    -0.00   0.021   34
   170.99    50.02   181.69     0.01     0.00    -0.00   0.020   35
   172.95    50.02   179.66     0.01     0.00    -0.00   0.021   36
   170.99    51.00   179.66     0.01     0.00    -0.00   0.020   37
   172.95    50.02   181.69     0.01     0.00    -0.00   0.021   38
   172.95    50.02   181.69     0.01     0.00    -0.00   0.020   39
   172.95    50.02   181.69     0.01     0.00    -0.00   0.021   40
   171.97    51.00   181.69     0.01     0.00    -0.00   0.020   41
   171.97    51.00   179.66     0.01     0.00    -0.00   0.021   42
   171.97    50.02   182.71     0.01     0.00    -0.00   0.020   43
   171.97    51.00   181.69     0.01     0.00    -0.00   0.021   44
   171.97    50.02   181.69     0.01     0.00    -0.00   0.020   45
   173.92    50.02   181.69     0.01     0.00    -0.00   0.021   46
   172.95    51.00   182.71     0.01     0.00    -0.00   0.020   47
   171.97    50.02   183.73     0.01     0.00    -0.00   0.020   48
   173.92    50.02   183.73     0.01     0.00    -0.00   0.021   49
   172.95    49.04   181.69     0.01     0.00    -0.00   0.020   50
   172.95    50.02   181.69     0.01     0.00    -0.00   0.021   51
   172.95    51.00   182.71     0.01     0.00    -0.00   0.020   52
   172.95    50.02   182.71     0.01     0.00    -0.00   0.021   53
   172.95    49.04   180.68     0.01     0.00    -0.00   0.020   54
   172.95    50.02   182.71     0.01     0.00    -0.00   0.021   55
   171.97    51.00   182.71     0.01     0.00    -0.00   0.020   56
   171.97    49.04   181.69     0.01     0.00    -0.00   0.021   57
   171.97    50.02   180.68     0.01     0.00    -0.00   0.020   58
   172.95    49.04   183.73     0.01     0.00    -0.00   0.021   59
   172.95    48.06   181.69     0.01     0.00    -0.00   0.020   60
   172.95    50.02   182.71     0.01     0.00    -0.00   0.021   61
   172.95    50.02   182.71     0.01     0.00    -0.00   0.020   62
   171.97    51.00   182.71     0.01     0.00    -0.00   0.021   63
   173.92    51.00   181.69     0.01     0.00    -0.00   0.020   64
   173.92    50.02   182.71     0.01     0.00    -0.00   0.021   65
   171.97    49.04   181.69     0.01     0.00    -0.00   0.020   66
   171.97    50.02   181.69     0.01     0.00    -0.00   0.021   67
   172.95    50.02   181.69     0.01     0.00    -0.00   0.020   68
   171.97    50.02   183.73     0.01     0.00    -0.00   0.021   69
   172.95    51.98   182.71     0.01     0.00    -0.00   0.020   70
   173.92    50.02   182.71     0.01     0.00    -0.00   0.021   71
   172.95    50.02   181.69     0.01     0.00    -0.00   0.020   72
   171.97    50.02   182.71     0.01     0.00    -0.00   0.020   73
   172.95    50.02   182.71     0.01     0.00    -0.00   0.021   74
   171.97    51.00   182.71     0.01     0.00    -0.00   0.020   75
   172.95    50.02   181.69     0.01     0.00    -0.00   0.021   76
   173.92    51.00   181.69     0.01     0.00    -0.00   0.020   77
   172.95    50.02   180.68     0.01     0.00     0.00   0.021   78
   171.97    51.00   181.69     0.01     0.00    -0.00   0.020   79
   172.95    51.00   182.71     0.01     0.00    -0.00   0.021   80
   172.95    50.02   182.71     0.00     0.00    -0.00   0.020   81
   172.95    50.02   181.69     0.01     0.00    -0.00   0.021   82
   171.97    50.02   180.68     0.01     0.00    -0.00   0.020   83
   172.95    50.02   181.69     0.01     0.00    -0.00   0.021   84
   171.97    50.02   181.69     0.01     0.00    -0.00   0.020   85
   171.97    50.02   182.71     0.01     0.00    -0.00   0.021   86
   171.97    50.02   182.71     0.01     0.00    -0.00   0.020   87
   171.97    49.04   181.69     0.01     0.00    -0.00   0.021   88
   171.97    49.04   180.68     0.00     0.00     0.00   0.020   89
   171.97    51.00   182.71     0.01     0.00    -0.00   0.021   90
   173.92    50.02   181.69     0.01     0.00    -0.00   0.020   91
   172.95    50.02   182.71     0.01     0.00    -0.00   0.021   92
   172.95    50.02   181.69     0.01     0.00    -0.00   0.020   93
   170.99    51.00   181.69     0.01     0.00    -0.00   0.021   94
   172.95    49.04   180.68     0.01     0.00    -0.00   0.020   95
   171.97    50.02   180.68     0.01     0.00     0.00   0.021   96
   171.97    50.02   181.69     0.01     0.00    -0.00   0.020   97
   172.95    50.02   182.71     0.01     0.00     0.00   0.020   98
   172.95    50.02   181.69     0.01    -0.00    -0.00   0.021   99
   172.95    50.02   180.68     0.01     0.00    -0.00   0.020  100
   172.95    50.02   182.71     0.01     0.00     0.00   0.021  101
   172.95    50.02   182.71     0.01     0.00    -0.00   0.020  102
   171.97    50.02   181.69     0.01     0.00    -0.00   0.021  103
   171.97    50.02   183.73     0.01     0.00    -0.00   0.020  104
   172.95    49.04   181.69     0.01     0.00    -0.00   0.021  105
   171.97    51.00   181.69     0.01     0.00    -0.00   0.020  106
   172.95    50.02   181.69     0.01     0.00    -0.00   0.021  107
   170.99    51.00   180.68     0.01     0.00    -0.00   0.020  108
   171.97    51.00   180.68     0.01     0.00    -0.00   0.021  109
   173.92    50.02   181.69     0.01     0.00    -0.00   0.020  110
   171.97    51.00   181.69     0.01     0.00    -0.00   0.021  111
   171.97    51.00   181.69     0.01     0.00    -0.00   0.020  112
   172.95    50.02   180.68     0.01     0.00    -0.00   0.021  113
   172.95    50.02   181.69     0.01     0.00     0.00   0.020  114
   173.92    51.00   181.69     0.01    -0.00    -0.00   0.021  115
   172.95    50.02   182.71     0.01     0.00     0.00   0.020  116
   172.95    50.02   181.69     0.01     0.00     0.00   0.021  117
   170.99    50.02   182.71     0.01     0.00    -0.00   0.020  118
   172.95    50.02   181.69     0.01     0.00    -0.00   0.021  119
   171.97    51.00   181.69     0.01     0.00    -0.00   0.020  120
   171.97    51.00   182.71     0.01    -0.00    -0.00   0.021  121
   170.99    50.02   180.68     0.01     0.00    -0.00   0.020  122
   171.97    50.02   182.71     0.01    -0.00    -0.00   0.020  123
   171.97    50.02   181.69     0.01     0.00    -0.00   0.021  124
   171.97    50.02   181.69     0.01     0.00    -0.00   0.020  125
   171.97    50.02   180.68     0.01     0.00    -0.00   0.021  126
   171.97    50.02   182.71     0.01     0.00    -0.00   0.020  127
   172.95    50.02   181.69     0.01     0.00    -0.00   0.021  128
   171.97    51.00   181.69     0.01     0.00    -0.00   0.020  129
   171.97    50.02   181.69     0.01     0.00    -0.00   0.021  130
   172.95    51.00   180.68     0.01     0.00    -0.00   0.020  131
   172.95    51.00   182.71     0.01     0.00    -0.00   0.021  132
   172.95    51.00   182.71     0.01     0.00    -0.00   0.020  133
   172.95    50.02   181.69     0.01     0.00    -0.00   0.021  134
   171.97    51.00   181.69     0.01     0.00    -0.00   0.020  135
   172.95    50.02   181.69     0.01     0.00    -0.00   0.021  136
   172.95    49.04   181.69     0.01     0.00    -0.00   0.020  137
   171.97    50.02   181.69     0.01     0.00    -0.00   0.021  138
   171.97    50.02   183.73     0.01     0.00    -0.00   0.020  139
   171.97    49.04   181.69     0.01     0.00    -0.00   0.021  140
   171.97    51.00   180.68     0.01     0.00    -0.00   0.020  141
   172.95    50.02   181.69     0.01     0.00    -0.00   0.021  142
   170.99    50.02   181.69     0.01     0.00    -0.00   0.020  143
   172.95    49.04   181.69     0.01     0.00    -0.00   0.021  144
   172.95    51.00   181.69     0.01     0.00    -0.00   0.020  145
   172.95    51.00   181.69     0.01     0.00    -0.00   0.021  146
   172.95    49.04   182.71     0.01     0.00    -0.00   0.020  147
   172.95    50.02   182.71     0.01     0.00    -0.00   0.020  148
   172.95    49.04   181.69     0.01     0.00    -0.00   0.021  149
   171.97    50.02   182.71     0.01     0.00    -0.00   0.020  150
   172.95    49.04   182.71     0.01     0.00    -0.00   0.021  151
   174.90    50.02   183.73     0.01     0.00    -0.00   0.020  152
   172.95    50.02   181.69     0.01     0.00    -0.00   0.021  153
   172.95    50.02   181.69     0.01     0.00    -0.00   0.020  154
   171.97    50.02   182.71     0.01     0.00    -0.00   0.021  155
   171.97    49.04   181.69     0.01     0.00    -0.00   0.020  156
   171.97    49.04   180.68     0.01     0.00    -0.00   0.021  157
   171.97    51.00   182.71     0.01     0.00    -0.00   0.020  158
   171.97    50.02   181.69     0.01     0.00    -0.00   0.021  159
   172.95    50.02   181.69     0.01     0.00    -0.00   0.020  160
   171.97    50.02   181.69     0.00     0.00    -0.00   0.021  161
   171.97    51.00   181.69     0.01     0.00    -0.00   0.020  162
   171.97    51.00   182.71     0.01     0.00    -0.00   0.021  163
   172.95    49.04   181.69     0.01     0.00    -0.00   0.020  164
   172.95    50.02   182.71     0.00     0.00    -0.00   0.021  165
   172.95    50.02   182.71     0.00     0.00    -0.00   0.020  166
   171.97    50.02   180.68     0.01     0.00    -0.00   0.021  167
   171.97    51.00   181.69     0.01     0.00    -0.00   0.020  168
   171.97    50.02   184.75     0.01     0.00    -0.00   0.021  169
   172.95    50.02   181.69     0.01     0.00    -0.00   0.020  170
   172.95    50.02   181.69     0.01     0.00    -0.00   0.021  171
   172.95    50.02   180.68     0.01     0.00     0.00   0.020  172
   172.95    50.02   180.68     0.01     0.00    -0.00   0.020  173
   172.95    49.04   181.69     0.01     0.00    -0.00   0.021  174
   172.95    50.02   180.68     0.01     0.00    -0.00   0.020  175
   171.97    50.02   181.69     0.01     0.00    -0.00   0.021  176
   171.97    50.02   181.69     0.01     0.00    -0.00   0.020  177
   171.97    49.04   181.69     0.01    -0.00    -0.00   0.021  178
   172.95    50.02   182.71     0.01     0.00    -0.00   0.020  179
   171.97    50.02   182.71     0.01     0.00    -0.00   0.021  180
   172.95    49.04   181.69     0.01     0.00    -0.00   0.020  181
   171.97    49.04   182.71     0.01     0.00    -0.00   0.021  182
   171.97    50.02   181.69     0.01     0.00    -0.00   0.020  183
   172.95    49.04   181.69     0.01     0.00    -0.00   0.021  184
   173.92    49.04   180.68     0.01     0.00    -0.00   0.020  185
   172.95    50.02   182.71     0.01     0.00    -0.00   0.021  186
   172.95    50.02   181.69     0.01     0.00    -0.00   0.020  187
   173.92    49.04   181.69     0.01     0.00    -0.00   0.021  188
   172.95    49.04   181.69     0.01     0.00    -0.00   0.020  189
   171.97    51.00   182.71     0.01     0.00    -0.00   0.021  190
   171.97    49.04   181.69     0.01     0.00    -0.00   0.020  191
   171.97    49.04   181.69     0.01     0.00    -0.00   0.021  192
   173.92    50.02   181.69     0.01     0.00    -0.00   0.020  193
   171.97    50.02   182.71     0.01     0.00    -0.00   0.021  194
   171.97    51.00   181.69     0.01     0.00    -0.00   0.020  195
   172.95    51.00   182.71     0.01     0.00    -0.00   0.021  196
   171.97    50.02   181.69     0.01     0.00    -0.00   0.020  197
   171.97    49.04   181.69     0.01     0.00    -0.00   0.020  198
   170.99    50.02   180.68     0.01     0.00    -0.00   0.021  199
   171.97    49.04   181.69     0.01     0.00    -0.00   0.020  200
   170.99    50.02   181.69     0.01     0.00    -0.00   0.021  201
   172.95    50.02   181.69     0.00     0.00    -0.00   0.020  202
   171.97    49.04   183.73     0.00     0.00    -0.00   0.021  203
   171.97    49.04   181.69     0.01     0.00    -0.00   0.020  204
   172.95    49.04   181.69     0.01     0.00    -0.00   0.021  205
   171.97    50.02   180.68     0.01     0.00    -0.00   0.020  206
   170.99    50.02   180.68     0.01     0.00    -0.00   0.021  207
   172.95    50.02   180.68     0.01     0.00    -0.00   0.020  208
   172.95    50.02   180.68     0.01     0.00    -0.00   0.021  209
   171.97    50.02   181.69     0.01     0.00    -0.00   0.020  210
   172.95    50.02   182.71     0.01     0.00    -0.00   0.021  211
   172.95    50.02   181.69     0.01     0.00    -0.00   0.020  212
   171.97    50.02   181.69     0.01     0.00    -0.00   0.021  213
   172.95    50.02   179.66     0.00     0.00    -0.00   0.020  214
   172.95    50.02   181.69     0.01     0.00    -0.00   0.021  215
   173.92    50.02   181.69     0.01     0.00    -0.00   0.020  216
   171.97    50.02   180.68     0.01     0.00    -0.00   0.021  217
   172.95    49.04   181.69     0.01     0.00    -0.00   0.020  218
   170.99    50.02   181.69     0.01     0.00    -0.00   0.021  219
   171.97    50.02   181.69     0.01     0.00    -0.00   0.020  220
   172.95    50.02   181.69     0.01     0.00    -0.00   0.021  221
   171.97    49.04   181.69     0.01     0.00    -0.00   0.020  222
   171.97    49.04   182.71     0.01     0.00    -0.00   0.020  223
   171.97    49.04   182.71     0.01     0.00    -0.00   0.021  224
   173.92    50.02   182.71     0.01     0.00    -0.00   0.020  225
   171.97    50.02   181.69     0.01     0.00    -0.00   0.021  226
   171.97    50.02   181.69     0.01     0.00    -0.00   0.020  227
   170.99    50.02   181.69     0.01     0.00    -0.00   0.021  228
   172.95    49.04   181.69     0.01     0.00    -0.00   0.020  229
   171.97    50.02   182.71     0.01     0.00    -0.00   0.021  230
   172.95    49.04   182.71     0.01     0.00    -0.00   0.020  231
   172.95    50.02   181.69     0.01     0.00    -0.00   0.021  232
   170.99    50.02   181.69     0.01     0.00    -0.00   0.020  233
   171.97    50.02   181.69     0.01     0.00    -0.00   0.021  234
   171.97    49.04   180.68     0.01     0.00    -0.00   0.020  235
   171.97    50.02   181.69     0.01     0.00    -0.00   0.021  236
   171.97    51.00   182.71     0.01     0.00    -0.00   0.020  237
   172.95    50.02   181.69     0.01     0.00    -0.00   0.021  238
   171.97    50.02   181.69     0.01     0.00    -0.00   0.020  239
   171.97    50.02   181.69     0.01     0.00    -0.00   0.021  240
   171.97    51.00   181.69     0.01     0.00    -0.00   0.020  241
   172.95    50.02   181.69     0.01     0.00    -0.00   0.021  242
   171.97    50.02   181.69     0.01     0.00    -0.00   0.020  243
   171.97    50.02   181.69     0.01     0.00    -0.00   0.021  244
   170.99    49.04   180.68     0.01     0.00    -0.00   0.020  245
   171.97    50.02   181.69     0.01     0.00    -0.00   0.021  246
   171.97    50.02   181.69     0.01     0.00    -0.00   0.020  247
   171.97    50.02   179.66     0.01     0.00    -0.00   0.020  248
   170.99    49.04   181.69     0.01     0.00    -0.00   0.021  249
   171.97    50.02   180.68     0.01     0.00    -0.00   0.020  250
   171.97    50.02   182.71     0.01     0.00    -0.00   0.021  251
   171.97    50.02   180.68     0.01     0.00    -0.00   0.020  252
   172.95    50.02   180.68     0.01     0.00    -0.00   0.021  253
   171.97    50.02   182.71     0.01     0.00    -0.00   0.020  254
   173.92    50.02   180.68     0.01     0.00    -0.00   0.021  255
   172.95    50.02   181.69     0.01     0.00    -0.00   0.020    0
   172.95    50.02   181.69     0.01     0.00    -0.00   0.021    1
   172.95    49.04   180.68     0.01     0.00    -0.00   0.020    2
   172.95    49.04   181.69     0.01     0.00    -0.00   0.021    3
   170.99    50.02   183.73     0.01     0.00    -0.00   0.020    4
   172.95    50.02   181.69     0.00     0.00    -0.00   0.021    5
   171.97    49.04   180.68     0.01     0.00    -0.00   0.020    6
   171.97    50.02   181.69     0.01     0.00    -0.00   0.021    7
   171.97    49.04   180.68     0.01     0.00    -0.00   0.020    8
   171.97    50.02   181.69     0.01     0.00    -0.00   0.021    9
   172.95    50.02   181.69     0.01     0.00    -0.00   0.020   10
   173.92    49.04   181.69     0.01     0.00    -0.00   0.021   11
   171.97    49.04   180.68     0.01     0.00    -0.00   0.020   12
   171.97    50.02   179.66     0.01     0.00    -0.00   0.021   13
   173.92    48.06   181.69     0.01     0.00    -0.00   0.020   14
   171.97    51.00   182.71     0.01     0.00    -0.00   0.021   15
   172.95    50.02   180.68     0.01     0.00    -0.00   0.020   16
   172.95    50.02   180.68     0.01     0.00    -0.00   0.020   17
   171.97    50.02   180.68     0.01     0.00    -0.00   0.021   18
   172.95    49.04   180.68     0.01     0.00    -0.00   0.020   19
   172.95    50.02   179.66     0.01     0.00    -0.00   0.021   20
   172.95    50.02   180.68     0.01     0.00    -0.00   0.020   21
   171.97    51.00   181.69     0.01     0.00    -0.00   0.021   22
   173.92    49.04   182.71     0.01     0.00    -0.00   0.020   23
   172.95    49.04   181.69     0.01     0.00    -0.00   0.021   24
   170.99    50.02   182.71     0.01     0.00    -0.00   0.020   25
   171.97    50.02   181.69     0.01     0.00    -0.00   0.021   26
   171.97    50.02   181.69     0.01     0.00    -0.00   0.020   27
   170.99    50.02   181.69     0.01     0.00    -0.00   0.021   28
   172.95    50.02   181.69     0.01    -0.00    -0.00   0.020   29
   171.97    49.04   181.69     0.01     0.00    -0.00   0.021   30
   172.95    50.02   180.68     0.01     0.00    -0.00   0.020   31
   173.92    49.04   181.69     0.01     0.00    -0.00   0.021   32
   172.95    50.02   181.69     0.01     0.00    -0.00   0.020   33
   171.97    51.00   180.68     0.01    -0.00    -0.00   0.021   34
   170.99    48.06   181.69     0.01     0.00    -0.00   0.020   35
   172.95    49.04   180.68     0.01     0.00    -0.00   0.021   36
   171.97    49.04   180.68     0.01     0.00    -0.00   0.020   37
   172.95    50.02   181.69     0.01     0.00    -0.00   0.021   38
   171.97    49.04   180.68     0.01     0.00    -0.00   0.020   39
   171.97    50.02   179.66     0.01     0.00    -0.00   0.021   40
   172.95    50.02   180.68     0.01     0.00    -0.00   0.020   41
   173.92    50.02   182.71     0.01     0.00    -0.00   0.020   42
   170.99    51.00   180.68     0.01     0.00    -0.00   0.021   43
   171.97    51.98   179.66     0.01     0.00    -0.00   0.020   44
