   174.90    49.04   180.68     0.00     0.00     0.00   0.021    0
   176.85    48.06   179.66     0.01     0.00     0.00   0.020    1
   176.85    49.04   179.66     0.01     0.00    -0.00   0.021    2
   176.85    49.04   179.66     0.01     0.00    -0.01   0.020    3
   176.85    50.02   178.64     0.01     0.00    -0.00   0.021    4
   176.85    50.02   179.66     0.01     0.00    -0.00   0.020    5
   175.88    51.00   179.66     0.01     0.00    -0.00   0.021    6
   176.85    50.02   179.66     0.01     0.00    -0.00   0.020    7
   175.88    49.04   179.66     0.00     0.01    -0.00   0.021    8
   175.88    49.04   179.66     0.01     0.01     0.00   0.020    9
   175.88    50.02   179.66     0.01     0.00    -0.00   0.021   10
   175.88    50.02   179.66     0.00     0.00     0.00   0.020   11
   176.85    48.06   178.64     0.01     0.00    -0.00   0.021   12
   176.85    49.04   178.64     0.01     0.00    -0.00   0.020   13
   176.85    51.00   179.66     0.01     0.00    -0.00   0.021   14
   176.85    50.02   180.68     0.01     0.00    -0.00   0.020   15
   176.85    50.02   179.66     0.01     0.00    -0.00   0.020   16
   175.88    49.04   177.62     0.01     0.00    -0.00   0.021   17
   175.88    50.02   179.66     0.01     0.00    -0.00   0.020   18
   175.88    49.04   179.66     0.01     0.00    -0.00   0.021   19
   176.85    49.04   178.64     0.01     0.00    -0.00   0.020   20
   174.90    49.04   178.64     0.01     0.00    -0.00   0.021   21
   175.88    48.06   179.66     0.01     0.00    -0.00   0.020   22
   176.85    49.04   179.66     0.01     0.00    -0.00   0.021   23
   175.88    49.04   177.62     0.01     0.00    -0.00   0.020   24
   175.88    49.04   179.66     0.01     0.00    -0.00   0.021   25
   176.85    48.06   179.66     0.01     0.01    -0.00   0.020   26
   175.88    49.04   179.66     0.01     0.01    -0.00   0.021   27
   174.90    50.02   179.66     0.01     0.01    -0.00   0.020   28
   176.85    49.04   179.66     0.01     0.00    -0.00   0.021   29
   175.88    50.02   180.68     0.01     0.00    -0.00   0.020   30
   175.88    48.06   179.66     0.01     0.00    -0.00   0.021   31
   175.88    48.06   179.66     0.01     0.00    -0.00   0.020   32
   176.85    49.04   178.64     0.01     0.00    -0.00   0.021   33
   175.88    49.04   178.64     0.01     0.00    -0.00   0.020   34
   176.85    50.02   180.68     0.01     0.00    -0.00   0.021   35
   176.85    48.06   179.66     0.01     0.00    -0.00   0.020   36
   176.85    48.06   179.66     0.01     0.00    -0.00   0.021   37
   175.88    49.04   179.66     0.01     0.00    -0.00   0.020   38
   175.88    50.02   178.64     0.01     0.00    -0.00   0.021   39
   175.88    50.02   180.68     0.01     0.00    -0.00   0.020   40
   175.88    49.04   180.68     0.01     0.00    -0.00   0.020   41
   176.85    49.04   178.64     0.01     0.00    -0.00   0.021   42
   175.88    49.04   179.66     0.01     0.00    -0.00   0.020   43
   177.83    48.06   179.66     0.01     0.00    -0.00   0.021   44
   176.85    49.04   179.66     0.01     0.00    -0.00   0.020   45
   175.88    50.02   179.66     0.01     0.00    -0.00   0.021   46
   175.88    49.04   178.64     0.01     0.00    -0.00   0.020   47
   176.85    50.02   179.66     0.01     0.00    -0.00   0.021   48
   177.83    48.06   178.64     0.01     0.00    -0.00   0.020   49
   176.85    48.06   179.66     0.01     0.00    -0.00   0.021   50
   175.88    50.02   180.68     0.01     0.00    -0.00   0.020   51
   175.88    49.04   179.66     0.01     0.00    -0.00   0.021   52
   174.90    49.04   177.62     0.01     0.00    -0.00   0.020   53
   176.85    49.04   178.64     0.01     0.00    -0.00   0.021   54
   175.88    49.04   179.66     0.01     0.00    -0.00   0.020   55
   175.88    49.04   179.66     0.01     0.00    -0.00   0.021   56
   177.83    49.04   179.66     0.01     0.00    -0.00   0.020   57
   174.90    49.04   179.66     0.01     0.00    -0.00   0.021   58
   176.85    49.04   179.66     0.01     0.00    -0.00   0.020   59
   176.85    49.04   179.66     0.01     0.00    -0.00   0.021   60
   175.88    50.02   178.64     0.01     0.00    -0.00   0.020   61
   176.85    48.06   178.64     0.01     0.00    -0.00   0.021   62
   176.85    49.04   179.66     0.01     0.00    -0.00   0.020   63
   175.88    49.04   179.66     0.01     0.00    -0.00   0.021   64
   174.90    49.04   179.66     0.01     0.00    -0.00   0.020   65
   175.88    49.04   179.66     0.01     0.00    -0.00   0.020   66
   176.85    49.04   178.64     0.01     0.01    -0.00   0.021   67
   176.85    48.06   179.66     0.01     0.01    -0.00   0.020   68
   175.88    48.06   179.66     0.01     0.01    -0.00   0.021   69
   175.88    48.06   178.64     0.01     0.00    -0.00   0.020   70
   177.83    49.04   179.66     0.01     0.00    -0.00   0.021   71
   176.85    49.04   179.66     0.01     0.00    -0.00   0.020   72
   176.85    49.04   179.66     0.01     0.00    -0.00   0.021   73
   175.88    49.04   179.66     0.01     0.00    -0.00   0.020   74
   176.85    49.04   179.66     0.01     0.00    -0.00   0.021   75
   175.88    49.04   178.64     0.01     0.00    -0.00   0.020   76
   176.85    50.02   179.66     0.01     0.00    -0.00   0.021   77
   176.85    49.04   179.66     0.01     0.00    -0.00   0.020   78
   175.88    50.02   179.66     0.01     0.00    -0.01   0.021   79
   176.85    49.04   178.64     0.01     0.00    -0.00   0.020   80
   175.88    49.04   178.64     0.01     0.00    -0.00   0.021   81
   175.88    49.04   179.66     0.01     0.00    -0.00   0.020   82
   176.85    49.04   179.66     0.01     0.00    -0.00   0.021   83
   176.85    49.04   178.64     0.01     0.00    -0.00   0.020   84
   175.88    49.04   179.66     0.01     0.00    -0.00   0.021   85
   176.85    49.04   180.68     0.01     0.00    -0.00   0.020   86
   176.85    48.06   179.66     0.01     0.00    -0.00   0.021   87
   177.83    48.06   178.64     0.01     0.00    -0.00   0.020   88
   176.85    49.04   179.66     0.01     0.00    -0.00   0.021   89
   177.83    49.04   179.66     0.01     0.00    -0.00   0.020   90
   176.85    49.04   178.64     0.01     0.00    -0.00   0.020   91
   177.83    49.04   180.68     0.01     0.00    -0.00   0.021   92
   177.83    48.06   180.68     0.01     0.00    -0.00   0.020   93
   176.85    49.04   179.66     0.01     0.00    -0.00   0.021   94
   176.85    50.02   180.68     0.01     0.00    -0.00   0.020   95
   176.85    48.06   179.66     0.01     0.00    -0.00   0.021   96
   177.83    49.04   180.68     0.01     0.00    -0.00   0.020   97
   178.81    48.06   179.66     0.01     0.00    -0.00   0.021   98
   175.88    49.04   179.66     0.01     0.00    -0.00   0.020   99
   175.88    49.04   179.66     0.01     0.00    -0.00   0.021  100
   174.90    49.04   178.64     0.01     0.00    -0.00   0.020  101
   176.85    49.04   178.64     0.01     0.00    -0.00   0.021  102
   175.88    50.02   178.64     0.01     0.00    -0.00   0.020  103
   175.88    48.06   180.68     0.01     0.00    -0.00   0.021  104
   175.88    49.04   178.64     0.01     0.00    -0.00   0.020  105
   176.85    50.02   179.66     0.01     0.00    -0.00   0.021  106
   175.88    49.04   180.68     0.01     0.00    -0.00   0.020  107
   175.88    50.02   179.66     0.01     0.00    -0.00   0.021  108
   175.88    49.04   179.66     0.01     0.00    -0.00   0.020  109
   176.85    50.02   178.64     0.01     0.00    -0.00   0.021  110
   176.85    49.04   180.68     0.01     0.00    -0.00   0.020  111
   176.85    48.06   180.68     0.01     0.00    -0.00   0.021  112
   176.85    49.04   178.64     0.01     0.00    -0.00   0.020  113
   176.85    49.04   180.68     0.01     0.00    -0.00   0.021  114
   176.85    49.04   180.68     0.01     0.00    -0.00   0.020  115
   177.83    49.04   180.68     0.01     0.00    -0.00   0.020  116
   176.85    49.04   179.66     0.01     0.00    -0.00   0.021  117
   176.85    50.02   178.64     0.01     0.00    -0.00   0.020  118
   177.83    48.06   180.68     0.01     0.00    -0.00   0.021  119
   176.85    49.04   180.68     0.01     0.00    -0.00   0.020  120
   176.85    49.04   179.66     0.01     0.00    -0.00   0.021  121
   176.85    49.04   180.68     0.01     0.00    -0.00   0.020  122
   175.88    49.04   179.66     0.01     0.00    -0.00   0.021  123
   176.85    49.04   179.66     0.01     0.00    -0.00   0.020  124
   177.83    47.08   179.66     0.01     0.00    -0.00   0.021  125
   175.88    49.04   177.62     0.01     0.00    -0.00   0.020  126
   174.90    50.02   178.64     0.01     0.00    -0.00   0.021  127
   175.88    48.06   179.66     0.01     0.00    -0.00   0.020  128
   175.88    49.04   180.68     0.01     0.00    -0.00   0.021  129
   176.85    49.04   178.64     0.01     0.00    -0.00   0.020  130
   175.88    49.04   179.66     0.01     0.00    -0.00   0.021  131
   175.88    49.04   179.66     0.01     0.00    -0.00   0.020  132
   175.88    50.02   179.66     0.01     0.00    -0.00   0.021  133
   174.90    49.04   178.64     0.01     0.00    -0.00   0.020  134
   176.85    49.04   178.64     0.01     0.00    -0.00   0.021  135
   176.85    49.04   178.64     0.01     0.00    -0.00   0.020  136
   174.90    49.04   181.69     0.01     0.00    -0.00   0.021  137
   176.85    50.02   178.64     0.01     0.00    -0.00   0.020  138
   175.88    49.04   178.64     0.01     0.00    -0.00   0.021  139
   177.83    49.04   179.66     0.01     0.00    -0.00   0.020  140
   174.90    50.02   180.68     0.01     0.00    -0.00   0.020  141
   176.85    48.06   179.66     0.01     0.00    -0.00   0.021  142
   176.85    49.04   179.66     0.01     0.00    -0.00   0.020  143
   176.85    49.04   178.64     0.01     0.00    -0.00   0.021  144
   177.83    49.04   178.64     0.01     0.00    -0.00   0.020  145
   176.85    49.04   179.66     0.01     0.00    -0.00   0.021  146
   177.83    48.06   179.66     0.01     0.00    -0.00   0.020  147
   176.85    49.04   179.66     0.01     0.00    -0.00   0.021  148
   176.85    50.02   179.66     0.01     0.00    -0.00   0.020  149
   176.85    48.06   178.64     0.01     0.00    -0.00   0.021  150
   176.85    49.04   179.66     0.01     0.00    -0.00   0.020  151
   176.85    48.06   180.68     0.01     0.00    -0.00   0.021  152
   176.85    49.04   180.68     0.01     0.00    -0.00   0.020  153
   176.85    49.04   178.64     0.01     0.00    -0.00   0.021  154
   175.88    50.02   179.66     0.01     0.00    -0.00   0.020  155
   176.85    48.06   177.62     0.01     0.00    -0.00   0.021  156
   175.88    49.04   178.64     0.01     0.00    -0.00   0.020  157
   175.88    50.02   179.66     0.01     0.00    -0.00   0.021  158
   176.85    49.04   179.66     0.01     0.00    -0.00   0.020  159
   176.85    49.04   179.66     0.01     0.00    -0.00   0.021  160
   175.88    50.02   181.69     0.01     0.00    -0.00   0.020  161
   176.85    49.04   178.64     0.01     0.00    -0.00   0.021  162
   177.83    49.04   178.64     0.01     0.00    -0.00   0.020  163
   177.83    48.06   179.66     0.01     0.00    -0.00   0.021  164
   176.85    50.02   180.68     0.01     0.00    -0.00   0.020  165
   176.85    48.06   180.68     0.01     0.00    -0.00   0.020  166
   175.88    50.02   178.64     0.01     0.00    -0.00   0.021  167
   177.83    49.04   178.64     0.01     0.00    -0.00   0.020  168
   175.88    49.04   178.64     0.01     0.00    -0.00   0.021  169
   175.88    49.04   179.66     0.01     0.00    -0.00   0.020  170
   177.83    49.04   180.68     0.01     0.00    -0.00   0.021  171
   176.85    49.04   179.66     0.01     0.00    -0.00   0.020  172
   176.85    49.04   179.66     0.01     0.00    -0.00   0.021  173
   176.85    49.04   179.66     0.01     0.00    -0.00   0.020  174
   176.85    49.04   179.66     0.01     0.00    -0.00   0.021  175
   177.83    48.06   180.68     0.01     0.00    -0.00   0.020  176
   176.85    49.04   179.66     0.01     0.00    -0.00   0.021  177
   176.85    48.06   178.64     0.01     0.00    -0.00   0.020  178
   176.85    49.04   178.64     0.01     0.00    -0.00   0.021  179
   175.88    49.04   179.66     0.01     0.00    -0.00   0.020  180
   176.85    49.04   179.66     0.01     0.00    -0.00   0.021  181
   176.85    49.04   180.68     0.01     0.00    -0.00   0.020  182
   175.88    48.06   178.64     0.01     0.00    -0.00   0.021  183
   175.88    49.04   180.68     0.01     0.00    -0.00   0.020  184
   175.88    49.04   181.69     0.01     0.00    -0.00   0.021  185
   177.83    48.06   179.66     0.01     0.00    -0.00   0.020  186
   174.90    49.04   179.66     0.01     0.00    -0.00   0.021  187
   174.90    49.04   179.66     0.01     0.00    -0.00   0.020  188
   175.88    49.04   179.66     0.01     0.00    -0.00   0.021  189
   176.85    48.06   179.66     0.01     0.00    -0.00   0.020  190
   176.85    49.04   179.66     0.01     0.00    -0.00   0.020  191
   176.85    49.04   179.66     0.01     0.00    -0.00   0.021  192
   175.88    49.04   180.68     0.01     0.00    -0.00   0.020  193
   175.88    49.04   179.66     0.01     0.00    -0.00   0.021  194
   176.85    50.02   181.69     0.01     0.00    -0.00   0.020  195
   177.83    48.06   180.68     0.01     0.00    -0.00   0.021  196
   174.90    49.04   178.64     0.01     0.00    -0.00   0.020  197
   175.88    49.04   179.66     0.01     0.00    -0.00   0.021  198
   175.88    49.04   178.64     0.01     0.00    -0.00   0.020  199
   175.88    49.04   179.66     0.01     0.00    -0.00   0.021  200
   175.88    48.06   178.64     0.01     0.00    -0.00   0.020  201
   177.83    49.04   179.66     0.01     0.00    -0.00   0.021  202
   175.88    48.06   180.68     0.01     0.00    -0.00   0.020  203
   177.83    48.06   180.68     0.01     0.00    -0.00   0.021  204
   176.85    50.02   179.66     0.01     0.00    -0.00   0.020  205
   176.85    49.04   179.66     0.01     0.00    -0.00   0.021  206
   175.88    50.02   179.66     0.01     0.00    -0.00   0.020  207
   176.85    49.04   180.68     0.01     0.00    -0.00   0.021  208
   177.83    49.04   180.68     0.01     0.00    -0.00   0.020  209
   176.85    49.04   181.69     0.01     0.00    -0.00   0.021  210
   176.85    49.04   179.66     0.01     0.00    -0.00   0.020  211
   176.85    50.02   178.64     0.01     0.00    -0.00   0.021  212
   175.88    50.02   179.66     0.01     0.00    -0.00   0.020  213
   176.85    48.06   178.64     0.01     0.00    -0.00   0.021  214
   177.83    49.04   179.66     0.01     0.00    -0.00   0.020  215
   177.83    49.04   180.68     0.01     0.00    -0.00   0.020  216
   176.85    50.02   179.66     0.01     0.00    -0.00   0.021  217
   177.83    50.02   179.66     0.01     0.00    -0.00   0.020  218
   176.85    49.04   180.68     0.01     0.00    -0.00   0.021  219
   177.83    48.06   179.66     0.01     0.00    -0.00   0.020  220
   176.85    49.04   180.68     0.01     0.00    -0.00   0.021  221
   176.85    48.06   179.66     0.01     0.00    -0.00   0.020  222
   176.85    49.04   178.64     0.01     0.00    -0.00   0.021  223
   175.88    49.04   178.64     0.01     0.00    -0.00   0.020  224
   175.88    50.02   179.66     0.01     0.00    -0.00   0.021  225
   175.88    49.04   179.66     0.01     0.00    -0.00   0.020  226
   176.85    49.04   180.68     0.01     0.00    -0.00   0.021  227
   177.83    49.04   180.68     0.01     0.00    -0.00   0.020  228
   177.83    48.06   179.66     0.01     0.00    -0.00   0.021  229
   176.85    48.06   179.66     0.01     0.00    -0.00   0.020  230
   176.85    49.04   179.66     0.01     0.00    -0.00   0.021  231
   175.88    49.04   179.66     0.01     0.00    -0.00   0.020  232
   176.85    49.04   178.64     0.01     0.00    -0.00   0.021  233
   178.81    49.04   180.68     0.01     0.00    -0.00   0.020  234
   176.85    49.04   179.66     0.01     0.00    -0.00   0.021  235
   175.88    47.08   179.66     0.01     0.00    -0.00   0.020  236
   176.85    49.04   179.66     0.01     0.00    -0.00   0.021  237
   175.88    48.06   180.68     0.01     0.01    -0.00   0.020  238
   176.85    48.06   180.68     0.01     0.00    -0.00   0.021  239
   176.85    49.04   180.68     0.01     0.00    -0.00   0.020  240
   176.85    49.04   179.66     0.01     0.00    -0.00   0.020  241
   176.85    49.04   179.66     0.01     0.00    -0.00   0.021  242
   176.85    48.06   179.66     0.01     0.00    -0.00   0.020  243
   176.85    49.04   179.66     0.01     0.00    -0.00   0.021  244
   176.85    49.04   179.66     0.01     0.00    -0.00   0.020  245
   175.88    49.04   179.66     0.01     0.00    -0.00   0.021  246
   176.85    49.04   179.66     0.01     0.00    -0.00   0.020  247
   176.85    50.02   179.66     0.01     0.00    -0.00   0.021  248
   176.85    49.04   179.66     0.01     0.00    -0.00   0.020  249
   176.85    49.04   180.68     0.01     0.00    -0.00   0.021  250
   176.85    48.06   179.66     0.01     0.00    -0.00   0.020  251
   176.85    49.04   180.68     0.01     0.00    -0.00   0.021  252
   175.88    49.04   178.64     0.01     0.00    -0.01   0.020  253
   175.88    49.04   178.64     0.01     0.00    -0.00   0.021  254
   176.85    49.04   179.66     0.01     0.00    -0.00   0.020  255
   176.85    48.06   180.68     0.01     0.00    -0.00   0.021    0
   176.85    48.06   179.66     0.01     0.00    -0.00   0.020    1
   176.85    49.04   179.66     0.01     0.00    -0.00   0.021    2
   176.85    49.04   179.66     0.01     0.00    -0.00   0.020    3
   175.88    49.04   178.64     0.01     0.00    -0.00   0.021    4
   176.85    48.06   179.66     0.01     0.00    -0.00   0.020    5
   175.88    48.06   179.66     0.01     0.00    -0.00   0.021    6
   175.88    48.06   179.66     0.01     0.00    -0.00   0.020    7
   177.83    49.04   179.66     0.01     0.00    -0.00   0.021    8
   175.88    49.04   180.68     0.01     0.00    -0.00   0.020    9
   175.88    49.04   179.66     0.01     0.00    -0.00   0.020   10
   176.85    48.06   179.66     0.01     0.00     0.00   0.021   11
   176.85    48.06   181.69     0.01     0.00    -0.00   0.020   12
   175.88    50.02   179.66     0.01     0.00    -0.00   0.021   13
   176.85    49.04   179.66     0.01     0.00    -0.00   0.020   14
   176.85    50.02   179.66     0.01     0.00    -0.00   0.021   15
   176.85    48.06   181.69     0.01     0.00    -0.00   0.020   16
   176.85    48.06   179.66     0.01     0.00    -0.00   0.021   17
   175.88    48.06   179.66     0.01     0.00    -0.00   0.020   18
   176.85    48.06   178.64     0.01     0.00    -0.00   0.021   19
   176.85    48.06   180.68     0.01     0.00    -0.00   0.020   20
   175.88    50.02   179.66     0.01     0.01    -0.00   0.021   21
   175.88    49.04   180.68     0.01     0.01    -0.00   0.020   22
   176.85    49.04   180.68     0.01     0.01    -0.00   0.021   23
   175.88    49.04   179.66     0.01     0.00    -0.00   0.020   24
   175.88    49.04   180.68     0.01     0.01    -0.00   0.021   25
   175.88    49.04   180.68     0.01     0.00    -0.00   0.020   26
   175.88    50.02   178.64     0.01     0.00    -0.00   0.021   27
   176.85    48.06   180.68     0.01     0.00    -0.00   0.020   28
   174.90    47.08   178.64     0.01     0.00    -0.00   0.021   29
   176.85    48.06   178.64     0.01     0.00    -0.00   0.020   30
   176.85    50.02   179.66     0.01     0.00    -0.00   0.021   31
   176.85    50.02   179.66     0.01     0.00    -0.00   0.020   32
   176.85    50.02   179.66     0.01     0.00    -0.00   0.021   33
   176.85    49.04   180.68     0.01     0.00    -0.00   0.020   34
   176.85    49.04   181.69     0.01     0.00    -0.00   0.020   35
   176.85    48.06   179.66     0.01     0.00    -0.00   0.021   36
   176.85    49.04   179.66     0.01     0.00    -0.00   0.020   37
   176.85    49.04   178.64     0.01     0.00    -0.00   0.021   38
   175.88    49.04   178.64     0.01     0.00    -0.00   0.020   39
   176.85    48.06   178.64     0.01     0.00    -0.00   0.021   40
   175.88    50.02   179.66     0.01     0.00    -0.00   0.020   41
   175.88    49.04   179.66     0.01     0.00    -0.00   0.021   42
   175.88    49.04   179.66     0.01     0.00    -0.00   0.020   43
   174.90    49.04   179.66     0.01     0.00    -0.00   0.021   44
   175.88    49.04   180.68     0.01     0.00    -0.00   0.020   45
   175.88    49.04   179.66     0.01     0.00    -0.00   0.021   46
   176.85    49.04   179.66     0.01     0.00    -0.00   0.020   47
   176.85    48.06   179.66     0.01     0.00    -0.00   0.021   48
   176.85    47.08   179.66     0.01     0.00    -0.00   0.020   49
   176.85    49.04   179.66     0.01     0.00    -0.00   0.021   50
   175.88    49.04   180.68     0.01     0.00    -0.00   0.020   51
   175.88    50.02   179.66     0.01     0.00    -0.00   0.021   52
   176.85    49.04   179.66     0.01     0.00    -0.00   0.020   53
   177.83    49.04   180.68     0.01     0.00    -0.00   0.021   54
   175.88    50.02   179.66     0.01     0.00    -0.00   0.020   55
   176.85    49.04   179.66     0.01     0.00    -0.00   0.021   56
   176.85    50.02   180.68     0.01     0.00    -0.00   0.020   57
   174.90    48.06   177.62     0.01     0.00    -0.00   0.021   58
   176.85    48.06   178.64     0.01     0.01    -0.00   0.020   59
   175.88    48.06   179.66     0.01     0.00    -0.00   0.020   60
   177.83    48.06   179.66     0.01     0.01    -0.00   0.021   61
   176.85    50.02   179.66     0.01     0.00    -0.00   0.020   62
   175.88    49.04   178.64     0.01     0.00    -0.00   0.021   63
   175.88    49.04   179.66     0.01     0.00    -0.00   0.020   64
   175.88    49.04   177.62     0.01     0.00    -0.00   0.021   65
   176.85    50.02   179.66     0.01     0.00    -0.00   0.020   66
   175.88    49.04   178.64     0.01     0.00    -0.00   0.021   67
   176.85    48.06   180.68     0.01     0.00    -0.00   0.020   68
   175.88    49.04   179.66     0.01     0.00    -0.00   0.021   69
   176.85    49.04   179.66     0.01     0.00    -0.00   0.020   70
   176.85    49.04   179.66     0.01     0.00    -0.00   0.021   71
   176.85    49.04   180.68     0.01     0.00    -0.00   0.020   72
   176.85    49.04   179.66     0.01     0.00    -0.00   0.021   73
   175.88    50.02   179.66     0.01     0.00    -0.00   0.020   74
   175.88    50.02   179.66     0.01     0.00    -0.00   0.021   75
   175.88    49.04   179.66     0.01     0.00    -0.00   0.020   76
   175.88    49.04   180.68     0.01     0.00    -0.00   0.021   77
   175.88    49.04   179.66     0.01     0.00    -0.00   0.020   78
   175.88    50.02   178.64     0.01     0.00    -0.00   0.021   79
   176.85    49.04   179.66     0.01     0.00    -0.00   0.020   80
   175.88    49.04   179.66     0.01     0.00    -0.00   0.021   81
   175.88    48.06   180.68     0.01     0.00    -0.00   0.020   82
   176.85    48.06   180.68     0.01     0.00    -0.00   0.021   83
   175.88    49.04   180.68     0.01     0.00    -0.00   0.020   84
   175.88    49.04   180.68     0.01     0.00    -0.00   0.020   85
   175.88    49.04   179.66     0.01     0.00    -0.00   0.021   86
   175.88    48.06   179.66     0.01     0.00    -0.00   0.020   87
   176.85    48.06   180.68     0.01     0.00    -0.00   0.021   88
   176.85    49.04   179.66     0.01     0.00    -0.00   0.020   89
   174.90    49.04   180.68     0.01     0.00    -0.00   0.021   90
   175.88    49.04   179.66     0.01     0.00    -0.00   0.020   91
   176.85    49.04   179.66     0.01     0.00    -0.00   0.021   92
   175.88    48.06   179.66     0.01     0.00    -0.00   0.020   93
   175.88    48.06   180.68     0.01     0.00    -0.00   0.021   94
   176.85    49.04   180.68     0.01     0.00    -0.00   0.020   95
   175.88    49.04   179.66     0.01     0.00    -0.00   0.021   96
   175.88    49.04   180.68     0.01     0.00    -0.00   0.020   97
   176.85    48.06   180.68     0.01     0.00    -0.00   0.021   98
   175.88    49.04   178.64     0.01     0.00    -0.00   0.020   99
   175.88    49.04   179.66     0.01     0.00    -0.00   0.021  100
   175.88    50.02   179.66     0.01     0.01    -0.00   0.020  101
   176.85    48.06   179.66     0.01     0.00    -0.00   0.021  102
   176.85    48.06   180.68     0.01     0.00    -0.00   0.020  103
   176.85    49.04   179.66     0.01     0.00    -0.00   0.021  104
   176.85    49.04   180.68     0.01     0.00    -0.00   0.020  105
   176.85    49.04   178.64     0.01     0.00    -0.00   0.021  106
   175.88    50.02   178.64     0.01     0.00    -0.00   0.020  107
   175.88    48.06   179.66     0.01     0.00    -0.00   0.021  108
   175.88    49.04   180.68     0.01     0.00    -0.00   0.020  109
   175.88    49.04   179.66     0.01     0.00    -0.00   0.020  110
   176.85    50.02   180.68     0.01     0.00    -0.00   0.021  111
   176.85    49.04   179.66     0.01     0.00    -0.00   0.020  112
   175.88    48.06   181.69     0.01     0.00    -0.00   0.021  113
   175.88    49.04   178.64     0.01     0.00    -0.00   0.020  114
   175.88    50.02   180.68     0.01     0.00    -0.00   0.021  115
   177.83    49.04   180.68     0.01     0.00    -0.00   0.020  116
   176.85    48.06   180.68     0.01     0.00    -0.00   0.021  117
   175.88    49.04   179.66     0.01     0.00    -0.00   0.020  118
   174.90    49.04   179.66     0.01     0.00    -0.00   0.021  119
   176.85    49.04   180.68     0.01     0.00    -0.00   0.020  120
   175.88    50.02   179.66     0.01     0.00    -0.00   0.021  121
   176.85    48.06   179.66     0.01     0.00    -0.00   0.020  122
   175.88    49.04   178.64     0.01     0.00    -0.00   0.021  123
   176.85    49.04   178.64     0.01     0.00    -0.00   0.020  124
   176.85    49.04   179.66     0.01     0.00    -0.00   0.021  125
   176.85    49.04   180.68     0.01     0.00    -0.00   0.020  126
   176.85    49.04   179.66     0.01     0.00    -0.00   0.021  127
   176.85    49.04   178.64     0.01     0.00    -0.00   0.020  128
   176.85    49.04   179.66     0.01     0.00    -0.00   0.021  129
   176.85    49.04   179.66     0.01     0.00    -0.00   0.020  130
   177.83    48.06   179.66     0.01     0.00    -0.00   0.021  131
   174.90    48.06   179.66     0.01     0.00    -0.00   0.020  132
   175.88    50.02   179.66     0.01     0.00    -0.00   0.021  133
   174.90    51.00   179.66     0.01     0.00    -0.00   0.020  134
   176.85    49.04   179.66     0.01     0.00    -0.00   0.020  135
   175.88    49.04   178.64     0.01     0.00    -0.00   0.021  136
   175.88    49.04   179.66     0.01     0.00    -0.00   0.020  137
   175.88    49.04   178.64     0.01     0.00    -0.00   0.021  138
   174.90    49.04   177.62     0.01     0.00    -0.00   0.020  139
   176.85    49.04   180.68     0.01     0.00    -0.00   0.021  140
   175.88    48.06   177.62     0.01     0.00    -0.00   0.020  141
   176.85    49.04   180.68     0.01     0.00    -0.00   0.021  142
   175.88    49.04   180.68     0.01     0.00    -0.00   0.020  143
   175.88    49.04   180.68     0.01     0.00    -0.00   0.021  144
   175.88    49.04   179.66     0.01     0.00    -0.00   0.020  145
   174.90    49.04   180.68     0.01     0.00    -0.00   0.021  146
   175.88    49.04   179.66     0.01     0.00    -0.00   0.020  147
   175.88    48.06   179.66     0.01     0.00    -0.00   0.021  148
   176.85    47.08   179.66     0.01     0.00    -0.00   0.020  149
   175.88    48.06   178.64     0.01     0.00    -0.00   0.021  150
   177.83    48.06   179.66     0.01     0.00    -0.00   0.020  151
   175.88    49.04   178.64     0.01     0.00    -0.00   0.021  152
   176.85    49.04   179.66     0.01     0.00    -0.00   0.020  153
   176.85    49.04   179.66     0.01     0.00    -0.00   0.021  154
   173.92    49.04   178.64     0.01     0.00    -0.00   0.020  155
   175.88    49.04   178.64     0.01     0.00    -0.00   0.021  156
   176.85    48.06   179.66     0.01     0.00    -0.00   0.020  157
   175.88    49.04   179.66     0.01     0.00    -0.00   0.021  158
   176.85    49.04   179.66     0.01     0.00    -0.00   0.020  159
   176.85    49.04   179.66     0.01     0.00    -0.00   0.020  160
   176.85    48.06   178.64     0.01     0.00    -0.00   0.021  161
   175.88    50.02   181.69     0.01     0.00    -0.00   0.020  162
   175.88    48.06   180.68     0.01     0.00    -0.00   0.021  163
   176.85    48.06   180.68     0.01     0.00    -0.00   0.020  164
   176.85    49.04   178.64     0.01     0.00    -0.00   0.021  165
   175.88    48.06   179.66     0.01     0.00    -0.00   0.020  166
   175.88    48.06   179.66     0.01     0.00    -0.00   0.021  167
   176.85    49.04   178.64     0.01     0.00    -0.00   0.020  168
   175.88    49.04   179.66     0.01     0.00    -0.00   0.021  169
   176.85    48.06   181.69     0.01     0.00    -0.00   0.020  170
   176.85    49.04   178.64     0.01     0.00    -0.00   0.021  171
   176.85    47.08   178.64     0.01     0.00    -0.00   0.020  172
   176.85    49.04   179.66     0.01     0.00    -0.00   0.021  173
   175.88    50.02   178.64     0.01     0.00    -0.00   0.020  174
   176.85    48.06   180.68     0.01     0.00    -0.01   0.021  175
   176.85    49.04   180.68     0.01     0.00    -0.00   0.020  176
   176.85    49.04   178.64     0.01     0.00    -0.00   0.021  177
   176.85    49.04   180.68     0.01     0.00    -0.00   0.020  178
   177.83    49.04   180.68     0.01     0.00    -0.00   0.021  179
   177.83    49.04   178.64     0.01     0.00    -0.00   0.020  180
   176.85    49.04   179.66     0.01     0.00    -0.00   0.021  181
   175.88    49.04   179.66     0.01     0.00    -0.00   0.020  182
   177.83    48.06   179.66     0.01     0.00    -0.00   0.021  183
   175.88    48.06   180.68     0.01     0.00    -0.00   0.020  184
   176.85    49.04   179.66     0.01     0.00    -0.00   0.020  185
   175.88    49.04   178.64     0.01     0.00    -0.00   0.021  186
   176.85    50.02   179.66     0.01     0.00    -0.00   0.020  187
   177.83    49.04   179.66     0.01     0.00    -0.00   0.021  188
   175.88    50.02   178.64     0.01     0.00    -0.00   0.020  189
   176.85    49.04   179.66     0.01     0.00    -0.00   0.021  190
   175.88    48.06   178.64     0.01     0.00    -0.00   0.020  191
   175.88    50.02   179.66     0.01     0.00    -0.00   0.021  192
   175.88    50.02   179.66     0.01     0.01    -0.00   0.020  193
   174.90    48.06   177.62     0.00     0.01     0.00   0.021  194
   175.88    48.06   179.66     0.01     0.00     0.00   0.020  195
   176.85    49.04   179.66     0.01     0.00    -0.00   0.021  196
   177.83    49.04   179.66     0.01     0.00    -0.00   0.020  197
   176.85    48.06   179.66     0.01     0.00    -0.00   0.021  198
   176.85    48.06   178.64     0.01     0.00    -0.00   0.020  199
   174.90    48.06   179.66     0.01     0.00    -0.00   0.021  200
   175.88    49.04   179.66     0.01     0.00    -0.00   0.020  201
   176.85    49.04   178.64     0.01     0.00    -0.00   0.021  202
   175.88    48.06   180.68     0.01     0.00    -0.00   0.020  203
   175.88    49.04   179.66     0.01     0.00    -0.00   0.021  204
   175.88    49.04   180.68     0.01     0.00    -0.00   0.020  205
   175.88    49.04   179.66     0.01     0.00    -0.00   0.021  206
   174.90    49.04   179.66     0.01     0.00    -0.00   0.020  207
   176.85    48.06   178.64     0.01     0.00    -0.00   0.021  208
   176.85    49.04   180.68     0.01     0.00    -0.00   0.020  209
   175.88    48.06   179.66     0.01     0.00    -0.00   0.020  210
   176.85    51.00   180.68     0.02    -0.00    -0.01   0.021  211
   176.85    49.04   179.66     0.01     0.00    -0.00   0.020  212
   175.88    50.02   178.64     0.01     0.00    -0.00   0.021  213
   175.88    48.06   178.64     0.01     0.00    -0.00   0.020  214
   174.90    48.06   180.68     0.01     0.00    -0.00   0.021  215
   176.85    49.04   180.68     0.01     0.00    -0.00   0.020  216
   176.85    47.08   179.66     0.01     0.01    -0.00   0.021  217
   175.88    49.04   178.64     0.01     0.00    -0.00   0.020  218
   174.90    48.06   178.64     0.01     0.00    -0.00   0.021  219
   175.88    48.06   178.64     0.01     0.00    -0.00   0.020  220
   175.88    48.06   179.66     0.01     0.00    -0.00   0.021  221
   176.85    49.04   178.64     0.01     0.00    -0.01   0.020  222
   175.88    48.06   179.66     0.01     0.00    -0.00   0.021  223
   176.85    48.06   180.68     0.01     0.00    -0.01   0.020  224
   176.85    49.04   180.68     0.01     0.00    -0.00   0.021  225
   176.85    48.06   179.66     0.01     0.00    -0.01   0.020  226
   175.88    49.04   178.64     0.01     0.00    -0.00   0.021  227
   175.88    48.06   179.66     0.01     0.00    -0.00   0.020  228
   176.85    48.06   178.64     0.01     0.00    -0.00   0.021  229
   175.88    50.02   180.68     0.01     0.00    -0.00   0.020  230
   176.85    49.04   178.64     0.01     0.00    -0.00   0.021  231
   176.85    50.02   180.68     0.01     0.00    -0.00   0.020  232
   176.85    49.04   180.68     0.01     0.00    -0.00   0.021  233
   175.88    49.04   178.64     0.01     0.00    -0.00   0.020  234
   176.85    49.04   180.68     0.01     0.00    -0.00   0.020  235
   175.88    50.02   179.66     0.01     0.00    -0.00   0.021  236
   175.88    50.02   180.68     0.01     0.00    -0.00   0.020  237
   175.88    49.04   179.66     0.01     0.00    -0.00   0.021  238
   176.85    49.04   180.68     0.01     0.00    -0.00   0.020  239
   176.85    48.06   180.68     0.01     0.00    -0.00   0.021  240
   176.85    49.04   181.69     0.01     0.00    -0.00   0.020  241
   174.90    49.04   178.64     0.01     0.00    -0.00   0.021  242
   176.85    49.04   179.66     0.01     0.00    -0.00   0.020  243
   175.88    49.04   179.66     0.01     0.00    -0.00   0.021  244
   175.88    49.04   180.68     0.01     0.00    -0.00   0.020  245
   175.88    49.04   179.66     0.01     0.00    -0.00   0.021  246
   175.88    50.02   179.66     0.01     0.00    -0.00   0.020  247
   176.85    49.04   177.62     0.01     0.00    -0.00   0.021  248
   176.85    49.04   180.68     0.01     0.00    -0.00   0.020  249
   176.85    49.04   179.66     0.01     0.00    -0.00   0.021  250
   176.85    48.06   179.66     0.01     0.00    -0.00   0.020  251
   176.85    48.06   179.66     0.01     0.00    -0.00   0.021  252
   175.88    48.06   180.68     0.01     0.00    -0.00   0.020  253
   174.90    49.04   179.66     0.01     0.00    -0.00   0.021  254
   175.88    50.02   179.66     0.01     0.00    -0.00   0.020  255
   176.85    48.06   178.64     0.01     0.00    -0.00   0.021    0
   176.85    49.04   179.66     0.01     0.00    -0.00   0.020    1
   176.85    49.04   179.66     0.01     0.00    -0.00   0.021    2
   175.88    49.04   179.66     0.01     0.00    -0.00   0.020    3
   176.85    48.06   179.66     0.01     0.00    -0.00   0.020    4
   175.88    49.04   179.66     0.01     0.00    -0.00   0.021    5
   177.83    48.06   179.66     0.01     0.00    -0.00   0.020    6
   175.88    49.04   178.64     0.01     0.00    -0.00   0.021    7
   175.88    49.04   179.66     0.01     0.00    -0.00   0.020    8
   175.88    48.06   178.64     0.01     0.00    -0.00   0.021    9
   175.88    50.02   178.64     0.01     0.00    -0.00   0.020   10
   175.88    48.06   178.64     0.01     0.00    -0.00   0.021   11
   175.88    49.04   179.66     0.01     0.00    -0.00   0.020   12
   175.88    49.04   177.62     0.01     0.00    -0.00   0.021   13
   176.85    49.04   179.66     0.01     0.00    -0.00   0.020   14
   176.85    50.02   178.64     0.01     0.00    -0.00   0.021   15
   176.85    48.06   179.66     0.01     0.00    -0.00   0.020   16
   176.85    48.06   179.66     0.01     0.00    -0.00   0.021   17
   175.88    49.04   178.64     0.01     0.00    -0.00   0.020   18
   176.85    47.08   179.66     0.01     0.00    -0.00   0.021   19
   176.85    49.04   178.64     0.01     0.00    -0.00   0.020   20
   175.88    49.04   179.66     0.01     0.00    -0.00   0.021   21
   175.88    49.04   179.66     0.01     0.00    -0.00   0.020   22
   175.88    49.04   180.68     0.01     0.00    -0.00   0.021   23
   176.85    50.02   178.64     0.01     0.00    -0.00   0.020   24
   176.85    49.04   179.66     0.01     0.00    -0.00   0.021   25
   175.88    49.04   180.68     0.01     0.00    -0.00   0.020   26
   176.85    48.06   178.64     0.01     0.00    -0.00   0.021   27
   175.88    48.06   179.66     0.01     0.00    -0.00   0.020   28
   175.88    50.02   179.66     0.01     0.00    -0.00   0.020   29
   176.85    49.04   180.68     0.01     0.00    -0.00   0.021   30
   176.85    49.04   180.68     0.01     0.00    -0.00   0.020   31
   176.85    48.06   178.64     0.01     0.00    -0.00   0.021   32
   175.88    49.04   178.64     0.01     0.00    -0.00   0.020   33
   176.85    49.04   179.66     0.01     0.00    -0.00   0.021   34
   176.85    49.04   180.68     0.01     0.00    -0.00   0.020   35
   176.85    49.04   179.66     0.01     0.00    -0.00   0.021   36
   175.88    49.04   178.64     0.01     0.00    -0.00   0.020   37
   177.83    49.04   178.64     0.01     0.00    -0.00   0.021   38
   176.85    50.02   179.66     0.01     0.00    -0.00   0.020   39
   176.85    49.04   178.64     0.01     0.00    -0.00   0.021   40
   176.85    48.06   180.68     0.01     0.00    -0.00   0.020   41
   175.88    49.04   179.66     0.01     0.00    -0.00   0.021   42
   175.88    49.04   179.66     0.01     0.00    -0.00   0.020   43
   176.85    48.06   179.66     0.01     0.00    -0.00   0.021   44
   177.83    50.02   179.66     0.01     0.00    -0.00   0.020   45
   175.88    49.04   179.66     0.01     0.00    -0.00   0.021   46
   175.88    49.04   179.66     0.01     0.00    -0.00   0.020   47
   176.85    48.06   179.66     0.01     0.00    -0.00   0.021   48
   176.85    49.04   178.64     0.01     0.00    -0.00   0.020   49
   175.88    49.04   178.64     0.01     0.00    -0.00   0.021   50
   175.88    49.04   179.66     0.01     0.00    -0.00   0.020   51
   177.83    49.04   180.68     0.01     0.00    -0.00   0.021   52
   175.88    48.06   178.64     0.01     0.00    -0.00   0.020   53
   176.85    49.04   180.68     0.01     0.00    -0.00   0.020   54
   175.88    49.04   178.64     0.01     0.00    -0.00   0.021   55
   177.83    49.04   179.66     0.01     0.00    -0.00   0.020   56
   176.85    50.02   180.68     0.01     0.00    -0.00   0.021   57
   175.88    48.06   180.68     0.01     0.00    -0.00   0.020   58
   176.85    49.04   180.68     0.01     0.00    -0.00   0.021   59
   175.88    50.02   179.66     0.01     0.00    -0.00   0.020   60
   176.85    49.04   179.66     0.01     0.00    -0.00   0.021   61
   175.88    48.06   178.64     0.01     0.00    -0.00   0.020   62
   175.88    49.04   180.68     0.01     0.00    -0.00   0.021   63
   175.88    49.04   180.68     0.01     0.00    -0.00   0.020   64
   176.85    49.04   181.69     0.01     0.00    -0.00   0.021   65
   175.88    49.04   179.66     0.01     0.00    -0.00   0.020   66
   176.85    49.04   178.64     0.01     0.00    -0.00   0.021   67
   175.88    49.04   178.64     0.01     0.00    -0.00   0.020   68
   176.85    49.04   180.68     0.01     0.00    -0.00   0.021   69
   176.85    49.04   178.64     0.01     0.00    -0.00   0.020   70
   176.85    49.04   179.66     0.01     0.00    -0.00   0.021   71
   175.88    48.06   178.64     0.01     0.00    -0.00   0.020   72
   175.88    49.04   180.68     0.01     0.00    -0.00   0.021   73
   175.88    49.04   179.66     0.01     0.00    -0.00   0.020   74
   175.88    49.04   179.66     0.01     0.00    -0.00   0.021   75
   176.85    47.08   178.64     0.01     0.00    -0.00   0.020   76
   176.85    49.04   178.64     0.01     0.00    -0.00   0.021   77
   175.88    50.02   180.68     0.01     0.00    -0.00   0.020   78
   175.88    49.04   179.66     0.01     0.00    -0.00   0.020   79
   176.85    49.04   179.66     0.01     0.00    -0.00   0.021   80
   176.85    49.04   180.68     0.01     0.00    -0.00   0.020   81
   177.83    49.04   178.64     0.01     0.00    -0.00   0.021   82
   176.85    50.02   179.66     0.01     0.00    -0.00   0.020   83
   175.88    49.04   179.66     0.01     0.00    -0.00   0.021   84
   176.85    48.06   180.68     0.01     0.00    -0.00   0.020   85
   175.88    49.04   179.66     0.01     0.00    -0.01   0.021   86
   176.85    49.04   179.66     0.01     0.00    -0.00   0.020   87
   175.88    49.04   178.64     0.01     0.00    -0.00   0.021   88
   176.85    49.04   179.66     0.01     0.00    -0.00   0.020   89
   176.85    48.06   178.64     0.01     0.00    -0.00   0.021   90
   176.85    49.04   179.66     0.01     0.00    -0.00   0.020   91
   175.88    48.06   178.64     0.01     0.00    -0.00   0.021   92
   176.85    49.04   179.66     0.01     0.00    -0.00   0.020   93
   175.88    50.02   179.66     0.01     0.00    -0.00   0.021   94
   174.90    49.04   177.62     0.01     0.00    -0.00   0.020   95
