   174.90    41.20   181.69    -0.00     0.00    -0.01   0.021    0
   175.88    40.21   182.71    -0.00     0.00    -0.01   0.020    1
   174.90    39.23   182.71    -0.00     0.00    -0.01   0.021    2
   174.90    39.23   180.68    -0.00     0.00    -0.01   0.020    3
   174.90    40.21   182.71    -0.00     0.00    -0.01   0.021    4
   176.85    41.20   181.69    -0.00     0.00    -0.01   0.020    5
   175.88    40.21   181.69    -0.00     0.00    -0.00   0.021    6
   175.88    40.21   180.68    -0.00     0.01    -0.00   0.020    7
   174.90    41.20   181.69    -0.00     0.00    -0.01   0.021    8
   175.88    41.20   182.71    -0.00     0.00    -0.01   0.020    9
   175.88    39.23   180.68    -0.00     0.00    -0.00   0.021   10
   173.92    40.21   179.66    -0.00     0.01    -0.00   0.020   11
   174.90    40.21   181.69    -0.00     0.00    -0.01   0.021   12
   174.90    40.21   181.69    -0.00     0.00    -0.01   0.020   13
   175.88    41.20   180.68    -0.00     0.00    -0.01   0.021   14
   174.90    40.21   180.68    -0.00     0.00    -0.01   0.020   15
   174.90    39.23   179.66    -0.00     0.00    -0.00   0.020   16
   174.90    40.21   181.69    -0.00     0.00    -0.00   0.021   17
   175.88    40.21   180.68    -0.00     0.00    -0.00   0.020   18
   174.90    41.20   179.66    -0.00     0.00    -0.01   0.021   19
   175.88    41.20   180.68    -0.01     0.00    -0.01   0.020   20
   176.85    40.21   181.69    -0.00     0.00    -0.00   0.021   21
   174.90    40.21   181.69    -0.01     0.00    -0.00   0.020   22
   174.90    39.23   180.68    -0.00     0.00    -0.00   0.021   23
   175.88    40.21   181.69    -0.00     0.00    -0.00   0.020   24
   174.90    40.21   180.68    -0.00     0.00    -0.00   0.021   25
   175.88    39.23   182.71    -0.00     0.00    -0.00   0.020   26
   176.85    39.23   180.68    -0.00     0.00    -0.00   0.021   27
   175.88    40.21   181.69    -0.00     0.00    -0.00   0.020   28
   175.88    40.21   180.68    -0.01     0.00    -0.00   0.021   29
   175.88    40.21   181.69    -0.01     0.00    -0.00   0.020   30
   175.88    40.21   180.68    -0.00     0.00    -0.01   0.021   31
   175.88    41.20   181.69    -0.00     0.00    -0.00   0.020   32
   175.88    40.21   182.71    -0.00     0.00    -0.01   0.021   33
   174.90    40.21   182.71    -0.00     0.00    -0.00   0.020   34
   174.90    40.21   180.68    -0.00     0.00    -0.00   0.021   35
   175.88    40.21   180.68    -0.00     0.00    -0.00   0.020   36
   174.90    40.21   181.69    -0.00     0.00    -0.00   0.021   37
   175.88    40.21   181.69    -0.00     0.00    -0.00   0.020   38
   175.88    39.23   182.71    -0.00     0.00    -0.00   0.021   39
   174.90    40.21   181.69    -0.00     0.00    -0.00   0.020   40
   175.88    39.23   180.68    -0.00     0.00    -0.01   0.020   41
   175.88    39.23   182.71    -0.00     0.00    -0.01   0.021   42
   174.90    40.21   180.68    -0.00     0.00    -0.00   0.020   43
   174.90    41.20   181.69    -0.00     0.00    -0.00   0.021   44
   175.88    41.20   182.71    -0.00     0.00    -0.00   0.020   45
   175.88    40.21   181.69    -0.00     0.00    -0.00   0.021   46
   174.90    40.21   180.68    -0.01     0.00    -0.00   0.020   47
   174.90    41.20   180.68    -0.00     0.00    -0.00   0.021   48
   175.88    40.21   181.69    -0.00     0.00    -0.00   0.020   49
   173.92    40.21   180.68    -0.00     0.00    -0.00   0.021   50
   175.88    41.20   181.69    -0.00     0.00    -0.01   0.020   51
   175.88    42.18   182.71    -0.00     0.00    -0.00   0.021   52
   175.88    40.21   181.69    -0.00     0.00    -0.00   0.020   53
   175.88    39.23   181.69    -0.01     0.00    -0.00   0.021   54
   175.88    40.21   179.66    -0.00     0.00    -0.00   0.020   55
   175.88    41.20   181.69    -0.00     0.00    -0.00   0.021   56
   174.90    40.21   181.69    -0.00     0.00    -0.01   0.020   57
   174.90    39.23   180.68    -0.00     0.00    -0.00   0.021   58
   174.90    40.21   182.71    -0.00     0.00    -0.00   0.020   59
   176.85    40.21   181.69    -0.00     0.00    -0.00   0.021   60
   174.90    41.20   180.68    -0.00     0.00    -0.00   0.020   61
   174.90    41.20   180.68    -0.01     0.00    -0.00   0.021   62
   175.88    40.21   182.71    -0.01     0.00    -0.00   0.020   63
   175.88    41.20   181.69    -0.01     0.00    -0.00   0.021   64
   175.88    40.21   181.69    -0.00     0.00    -0.01   0.020   65
   174.90    41.20   182.71    -0.00     0.00    -0.01   0.020   66
   175.88    40.21   182.71    -0.00     0.00    -0.00   0.021   67
   175.88    40.21   182.71    -0.00     0.00    -0.00   0.020   68
   175.88    40.21   182.71    -0.01     0.00    -0.01   0.021   69
   175.88    39.23   181.69    -0.00     0.00    -0.00   0.020   70
   174.90    40.21   180.68    -0.01     0.00    -0.00   0.021   71
   176.85    39.23   180.68    -0.01     0.01    -0.00   0.020   72
   174.90    39.23   182.71    -0.01     0.01    -0.00   0.021   73
   175.88    40.21   181.69    -0.01     0.00    -0.00   0.020   74
   175.88    43.16   182.71    -0.01     0.00    -0.00   0.021   75
   174.90    40.21   181.69    -0.01     0.00    -0.00   0.020   76
   174.90    39.23   179.66    -0.00     0.00    -0.01   0.021   77
   175.88    39.23   181.69    -0.00     0.00    -0.01   0.020   78
   175.88    41.20   181.69    -0.00     0.00    -0.01   0.021   79
   174.90    42.18   181.69    -0.00     0.00    -0.00   0.020   80
   174.90    41.20   180.68    -0.00     0.00    -0.00   0.021   81
   175.88    40.21   182.71    -0.01     0.00    -0.00   0.020   82
   175.88    40.21   181.69    -0.01     0.00    -0.00   0.021   83
   174.90    40.21   181.69    -0.01     0.00    -0.00   0.020   84
   175.88    40.21   182.71    -0.00     0.00    -0.00   0.021   85
   174.90    40.21   180.68    -0.00     0.00    -0.01   0.020   86
   174.90    39.23   181.69    -0.01     0.00    -0.00   0.021   87
   174.90    40.21   179.66    -0.01     0.00    -0.00   0.020   88
   174.90    41.20   181.69    -0.01     0.00    -0.00   0.021   89
   176.85    40.21   182.71    -0.01     0.00    -0.00   0.020   90
   176.85    40.21   181.69    -0.00     0.00    -0.01   0.020   91
   175.88    40.21   180.68    -0.01     0.00    -0.00   0.021   92
   175.88    39.23   180.68    -0.01     0.00    -0.01   0.020   93
   175.88    40.21   181.69    -0.01     0.00    -0.00   0.021   94
   174.90    41.20   181.69    -0.00     0.00    -0.01   0.020   95
   173.92    40.21   180.68    -0.00     0.01    -0.00   0.021   96
   174.90    40.21   181.69    -0.01     0.00    -0.01   0.020   97
   175.88    41.20   181.69    -0.00     0.00    -0.00   0.021   98
   176.85    40.21   181.69    -0.00     0.00    -0.00   0.020   99
   175.88    40.21   181.69    -0.00     0.00    -0.00   0.021  100
   173.92    40.21   181.69    -0.01     0.00    -0.00   0.020  101
   176.85    41.20   181.69    -0.01     0.00    -0.00   0.021  102
   175.88    39.23   181.69    -0.01     0.00    -0.00   0.020  103
   176.85    39.23   182.71    -0.00     0.00    -0.01   0.021  104
   175.88    40.21   180.68    -0.00     0.00    -0.01   0.020  105
   174.90    40.21   181.69    -0.00     0.00    -0.00   0.021  106
   175.88    40.21   180.68    -0.01     0.00    -0.00   0.020  107
   175.88    40.21   180.68    -0.00     0.00    -0.01   0.021  108
   175.88    40.21   182.71    -0.00     0.00    -0.01   0.020  109
   174.90    40.21   180.68    -0.01     0.00    -0.00   0.021  110
   176.85    39.23   181.69    -0.01     0.00    -0.00   0.020  111
   176.85    40.21   181.69    -0.01     0.01    -0.00   0.021  112
   175.88    41.20   183.73    -0.00     0.00    -0.00   0.020  113
   175.88    40.21   182.71    -0.00     0.00    -0.00   0.021  114
   175.88    41.20   180.68    -0.00     0.00    -0.01   0.020  115
   174.90    40.21   181.69    -0.00     0.00    -0.00   0.020  116
   173.92    40.21   181.69    -0.00     0.00    -0.00   0.021  117
   175.88    40.21   181.69    -0.00     0.00    -0.00   0.020  118
   175.88    41.20   182.71    -0.00     0.00    -0.00   0.021  119
   174.90    40.21   181.69    -0.01     0.00    -0.00   0.020  120
   174.90    40.21   182.71    -0.00     0.01    -0.00   0.021  121
   175.88    41.20   180.68    -0.00     0.01    -0.00   0.020  122
   175.88    39.23   181.69    -0.00     0.00    -0.00   0.021  123
   174.90    39.23   180.68    -0.00     0.00    -0.00   0.020  124
   175.88    40.21   182.71    -0.00     0.00    -0.00   0.021  125
   176.85    40.21   180.68    -0.00     0.00    -0.00   0.020  126
   175.88    39.23   181.69    -0.00     0.00    -0.00   0.021  127
   174.90    40.21   180.68    -0.01     0.00    -0.00   0.020  128
   175.88    40.21   181.69    -0.01     0.00    -0.01   0.021  129
   175.88    40.21   181.69    -0.01     0.01    -0.00   0.020  130
   175.88    40.21   180.68    -0.01     0.00    -0.00   0.021  131
   174.90    41.20   181.69    -0.00     0.00    -0.00   0.020  132
   175.88    39.23   182.71    -0.01     0.01    -0.00   0.021  133
   176.85    40.21   182.71    -0.00     0.00    -0.00   0.020  134
   176.85    39.23   180.68    -0.01     0.00    -0.00   0.021  135
   175.88    40.21   181.69    -0.01     0.01    -0.00   0.020  136
   175.88    40.21   181.69    -0.00     0.00    -0.00   0.021  137
   175.88    39.23   181.69    -0.01     0.00    -0.00   0.020  138
   174.90    40.21   180.68    -0.00     0.00    -0.00   0.021  139
   175.88    41.20   181.69    -0.01     0.00    -0.00   0.020  140
   173.92    41.20   182.71    -0.00     0.00    -0.01   0.020  141
   173.92    40.21   180.68    -0.01     0.00    -0.00   0.021  142
   174.90    40.21   181.69    -0.01     0.00    -0.00   0.020  143
   175.88    39.23   181.69    -0.00     0.00    -0.00   0.021  144
   175.88    40.21   182.71    -0.00     0.00    -0.01   0.020  145
   174.90    40.21   180.68    -0.00     0.00    -0.00   0.021  146
   174.90    40.21   181.69    -0.00     0.00    -0.00   0.020  147
   174.90    41.20   181.69    -0.00     0.00    -0.01   0.021  148
   174.90    40.21   180.68    -0.00     0.00    -0.00   0.020  149
   174.90    40.21   181.69    -0.00     0.00    -0.00   0.021  150
   175.88    40.21   182.71    -0.00     0.00    -0.00   0.020  151
   175.88    40.21   181.69    -0.00     0.00    -0.00   0.021  152
   175.88    40.21   181.69    -0.00     0.00    -0.01   0.020  153
   175.88    39.23   181.69    -0.00     0.00    -0.01   0.021  154
   174.90    40.21   181.69    -0.00     0.00    -0.01   0.020  155
   176.85    39.23   181.69    -0.00     0.00    -0.01   0.021  156
   175.88    40.21   179.66    -0.00     0.00    -0.00   0.020  157
   174.90    41.20   182.71    -0.00     0.00    -0.00   0.021  158
   174.90    39.23   180.68    -0.00     0.01    -0.00   0.020  159
   174.90    40.21   180.68    -0.00     0.01    -0.00   0.021  160
   175.88    40.21   181.69    -0.00     0.00    -0.00   0.020  161
   175.88    39.23   181.69    -0.01     0.00    -0.00   0.021  162
   175.88    40.21   181.69    -0.01     0.00    -0.00   0.020  163
   173.92    39.23   182.71    -0.00     0.00    -0.00   0.021  164
   174.90    40.21   180.68    -0.00     0.00    -0.00   0.020  165
   175.88    41.20   181.69    -0.00     0.00    -0.00   0.020  166
   175.88    40.21   180.68    -0.00     0.00    -0.00   0.021  167
   176.85    40.21   181.69    -0.00     0.00    -0.00   0.020  168
   175.88    41.20   181.69    -0.00     0.00    -0.01   0.021  169
   175.88    39.23   181.69    -0.00     0.00    -0.00   0.020  170
   174.90    40.21   181.69    -0.01     0.00    -0.00   0.021  171
   176.85    40.21   183.73    -0.01     0.00    -0.00   0.020  172
   175.88    40.21   180.68    -0.01     0.00    -0.01   0.021  173
   176.85    40.21   181.69    -0.00     0.00    -0.00   0.020  174
   174.90    39.23   181.69    -0.00     0.00    -0.01   0.021  175
   175.88    40.21   181.69    -0.01     0.00    -0.00   0.020  176
   174.90    40.21   182.71    -0.00     0.00    -0.00   0.021  177
   175.88    40.21   181.69    -0.00     0.00    -0.01   0.020  178
   175.88    40.21   183.73    -0.00     0.00    -0.00   0.021  179
   175.88    39.23   181.69    -0.00     0.00    -0.00   0.020  180
   174.90    39.23   180.68    -0.01     0.00    -0.00   0.021  181
   174.90    40.21   182.71    -0.00     0.00    -0.00   0.020  182
   175.88    40.21   182.71    -0.00     0.00    -0.01   0.021  183
   175.88    39.23   182.71    -0.00     0.00    -0.00   0.020  184
   175.88    39.23   181.69    -0.00     0.00    -0.00   0.021  185
   174.90    40.21   181.69    -0.00     0.00    -0.00   0.020  186
   175.88    41.20   180.68    -0.00     0.00    -0.00   0.021  187
   175.88    39.23   180.68    -0.00     0.00    -0.00   0.020  188
   173.92    40.21   180.68    -0.00     0.00    -0.00   0.021  189
   174.90    40.21   181.69    -0.00     0.00    -0.00   0.020  190
   176.85    40.21   181.69    -0.00     0.00    -0.01   0.020  191
   175.88    40.21   181.69    -0.00     0.00    -0.00   0.021  192
   176.85    41.20   182.71    -0.00     0.00    -0.01   0.020  193
   173.92    40.21   180.68    -0.00     0.00    -0.00   0.021  194
   174.90    40.21   180.68    -0.00     0.00    -0.00   0.020  195
   175.88    40.21   181.69    -0.00     0.00    -0.00   0.021  196
   175.88    41.20   181.69    -0.00     0.00    -0.00   0.020  197
   173.92    41.20   180.68    -0.00     0.00    -0.00   0.021  198
   175.88    40.21   182.71    -0.00     0.00    -0.00   0.020  199
   175.88    40.21   182.71    -0.00     0.00    -0.00   0.021  200
   175.88    39.23   180.68    -0.00     0.00    -0.00   0.020  201
   173.92    40.21   181.69    -0.00     0.00    -0.00   0.021  202
   175.88    39.23   180.68    -0.00     0.00    -0.00   0.020  203
   175.88    41.20   181.69    -0.01     0.00    -0.00   0.021  204
   176.85    40.21   182.71    -0.01     0.00    -0.00   0.020  205
   175.88    40.21   180.68    -0.00     0.00    -0.01   0.021  206
   174.90    40.21   181.69    -0.01     0.00    -0.00   0.020  207
   176.85    41.20   183.73    -0.00     0.00    -0.00   0.021  208
   175.88    39.23   180.68    -0.01     0.00    -0.00   0.020  209
   176.85    40.21   181.69    -0.00     0.00    -0.00   0.021  210
   175.88    40.21   182.71    -0.00     0.00    -0.00   0.020  211
   175.88    40.21   182.71    -0.01     0.00    -0.00   0.021  212
   175.88    40.21   181.69    -0.01     0.01    -0.00   0.020  213
   173.92    40.21   182.71    -0.00     0.01    -0.00   0.021  214
   174.90    41.20   182.71    -0.00     0.00    -0.00   0.020  215
   174.90    41.20   181.69    -0.00     0.00    -0.00   0.020  216
   174.90    40.21   181.69    -0.00     0.00    -0.00   0.021  217
   175.88    41.20   182.71    -0.00     0.00    -0.00   0.020  218
   175.88    40.21   181.69    -0.00     0.01    -0.00   0.021  219
   174.90    40.21   181.69    -0.00     0.00    -0.00   0.020  220
   175.88    41.20   182.71    -0.00     0.00    -0.00   0.021  221
   176.85    41.20   181.69    -0.01     0.00    -0.00   0.020  222
   175.88    40.21   180.68    -0.00     0.00    -0.00   0.021  223
   174.90    41.20   181.69    -0.01     0.00    -0.00   0.020  224
   175.88    39.23   182.71    -0.00     0.00    -0.00   0.021  225
   174.90    40.21   181.69    -0.00     0.01    -0.01   0.020  226
   174.90    40.21   181.69    -0.01     0.00    -0.00   0.021  227
   175.88    39.23   182.71    -0.00     0.00    -0.00   0.020  228
   174.90    40.21   181.69    -0.00     0.00    -0.01   0.021  229
   175.88    40.21   181.69    -0.00     0.00    -0.01   0.020  230
   175.88    40.21   180.68    -0.00     0.00    -0.00   0.021  231
   174.90    40.21   182.71    -0.00     0.00    -0.01   0.020  232
   175.88    40.21   181.69    -0.00     0.00    -0.00   0.021  233
   174.90    41.20   181.69    -0.00     0.01    -0.00   0.020  234
   174.90    37.27   182.71    -0.00     0.00    -0.00   0.021  235
   175.88    40.21   181.69    -0.00     0.00    -0.00   0.020  236
   174.90    41.20   182.71    -0.01     0.00    -0.00   0.021  237
   175.88    39.23   182.71    -0.00     0.00    -0.00   0.020  238
   174.90    41.20   182.71    -0.01     0.00    -0.00   0.021  239
   174.90    40.21   181.69    -0.00     0.00    -0.00   0.020  240
   175.88    39.23   182.71    -0.00     0.00    -0.00   0.020  241
   176.85    39.23   182.71    -0.00     0.00    -0.00   0.021  242
   175.88    39.23   181.69    -0.01     0.00    -0.00   0.020  243
   175.88    40.21   182.71    -0.01     0.00    -0.00   0.021  244
   174.90    41.20   182.71    -0.00     0.00    -0.01   0.020  245
   174.90    40.21   180.68    -0.00     0.00    -0.00   0.021  246
   176.85    39.23   181.69    -0.00     0.00    -0.00   0.020  247
   175.88    41.20   181.69    -0.01     0.00    -0.00   0.021  248
   176.85    40.21   182.71    -0.01     0.00    -0.00   0.020  249
   176.85    40.21   178.64    -0.00     0.00    -0.00   0.021  250
   175.88    39.23   181.69    -0.01     0.00    -0.00   0.020  251
   174.90    40.21   182.71    -0.00     0.00    -0.01   0.021  252
   176.85    39.23   182.71    -0.00     0.00    -0.00   0.020  253
   175.88    39.23   181.69    -0.00     0.00    -0.00   0.021  254
   174.90    40.21   182.71    -0.01     0.00    -0.00   0.020  255
   176.85    39.23   182.71    -0.01     0.00    -0.00   0.021    0
   174.90    41.20   182.71    -0.00     0.00    -0.01   0.020    1
   175.88    40.21   181.69    -0.01     0.00    -0.00   0.021    2
   175.88    41.20   181.69    -0.01     0.00    -0.00   0.020    3
   174.90    40.21   180.68    -0.01     0.01    -0.00   0.021    4
   175.88    41.20   181.69    -0.01     0.01    -0.00   0.020    5
   174.90    40.21   181.69    -0.00     0.01    -0.00   0.021    6
   175.88    40.21   181.69    -0.01     0.00    -0.00   0.020    7
   175.88    39.23   181.69    -0.00     0.00    -0.01   0.021    8
   176.85    39.23   182.71    -0.01     0.00    -0.00   0.020    9
   174.90    40.21   181.69    -0.00     0.00    -0.00   0.020   10
   176.85    41.20   181.69    -0.00     0.00    -0.00   0.021   11
   175.88    41.20   182.71    -0.01     0.00    -0.01   0.020   12
   175.88    39.23   180.68    -0.01     0.01    -0.00   0.021   13
   175.88    39.23   180.68    -0.00     0.00    -0.01   0.020   14
   174.90    40.21   182.71    -0.00     0.00    -0.00   0.021   15
   174.90    40.21   181.69    -0.01     0.01    -0.00   0.020   16
   175.88    41.20   182.71    -0.00     0.01    -0.00   0.021   17
   174.90    41.20   180.68    -0.00     0.00    -0.00   0.020   18
   174.90    39.23   180.68    -0.00     0.00    -0.00   0.021   19
   174.90    40.21   180.68    -0.01     0.00    -0.00   0.020   20
   175.88    39.23   181.69    -0.01     0.00    -0.00   0.021   21
   174.90    39.23   181.69    -0.01     0.00    -0.00   0.020   22
   175.88    40.21   181.69    -0.00     0.00    -0.00   0.021   23
   174.90    40.21   182.71    -0.01     0.00    -0.00   0.020   24
   175.88    41.20   181.69    -0.00     0.00    -0.00   0.021   25
   175.88    41.20   181.69    -0.00     0.00    -0.01   0.020   26
   176.85    40.21   182.71    -0.00     0.00    -0.01   0.021   27
   176.85    40.21   181.69    -0.00     0.00    -0.01   0.020   28
   176.85    41.20   182.71    -0.01     0.00    -0.01   0.021   29
   173.92    40.21   180.68    -0.00     0.01    -0.00   0.020   30
   175.88    40.21   180.68    -0.00     0.00    -0.01   0.021   31
   175.88    41.20   182.71    -0.00     0.00    -0.00   0.020   32
   174.90    39.23   182.71    -0.01     0.00    -0.00   0.021   33
   174.90    40.21   181.69    -0.00     0.00    -0.00   0.020   34
   175.88    41.20   183.73    -0.00     0.00    -0.00   0.020   35
   173.92    40.21   181.69    -0.00     0.00    -0.00   0.021   36
   174.90    41.20   181.69    -0.00     0.00    -0.00   0.020   37
   175.88    40.21   182.71    -0.01     0.00    -0.00   0.021   38
   174.90    41.20   181.69    -0.00     0.00    -0.00   0.020   39
   174.90    40.21   181.69    -0.00     0.00    -0.00   0.021   40
   174.90    38.25   180.68    -0.00     0.00    -0.01   0.020   41
   175.88    40.21   182.71    -0.00     0.00    -0.00   0.021   42
   175.88    41.20   181.69    -0.00     0.00    -0.00   0.020   43
   175.88    40.21   181.69    -0.01     0.00    -0.00   0.021   44
   174.90    39.23   182.71    -0.01     0.00    -0.00   0.020   45
   174.90    40.21   182.71    -0.00     0.00    -0.01   0.021   46
   175.88    39.23   181.69    -0.00     0.00    -0.00   0.020   47
   176.85    40.21   182.71    -0.00     0.00    -0.00   0.021   48
   174.90    41.20   182.71    -0.00     0.00    -0.00   0.020   49
   174.90    40.21   182.71    -0.00     0.00    -0.01   0.021   50
   175.88    41.20   182.71    -0.00     0.00    -0.00   0.020   51
   175.88    40.21   180.68    -0.00     0.00    -0.00   0.021   52
   174.90    40.21   180.68    -0.00     0.00    -0.00   0.020   53
   175.88    40.21   181.69    -0.00     0.00    -0.00   0.021   54
   174.90    41.20   182.71    -0.01     0.00    -0.00   0.020   55
   174.90    39.23   180.68    -0.01     0.00    -0.00   0.021   56
   174.90    39.23   182.71    -0.00     0.00    -0.00   0.020   57
   175.88    40.21   182.71    -0.00     0.00    -0.00   0.021   58
   173.92    40.21   181.69    -0.00     0.00    -0.00   0.020   59
   174.90    41.20   182.71    -0.01     0.00    -0.00   0.020   60
   175.88    40.21   181.69    -0.01     0.00    -0.00   0.021   61
   174.90    40.21   181.69    -0.00     0.00    -0.01   0.020   62
   175.88    40.21   181.69    -0.00     0.00    -0.00   0.021   63
   175.88    40.21   182.71    -0.00     0.00    -0.01   0.020   64
   174.90    41.20   182.71    -0.00     0.00    -0.00   0.021   65
   173.92    40.21   181.69    -0.00     0.00    -0.01   0.020   66
   175.88    40.21   182.71    -0.00     0.00    -0.00   0.021   67
   175.88    40.21   181.69    -0.00     0.00    -0.00   0.020   68
   175.88    40.21   183.73    -0.00     0.00    -0.00   0.021   69
   174.90    40.21   181.69    -0.00     0.00    -0.00   0.020   70
   174.90    41.20   181.69    -0.01     0.00    -0.00   0.021   71
   174.90    40.21   183.73    -0.00     0.00    -0.00   0.020   72
   174.90    40.21   179.66    -0.00     0.00    -0.00   0.021   73
   175.88    40.21   180.68    -0.00     0.00    -0.00   0.020   74
   175.88    40.21   182.71    -0.00     0.00    -0.00   0.021   75
   174.90    40.21   180.68    -0.01     0.01    -0.00   0.020   76
   175.88    38.25   182.71    -0.00     0.00    -0.00   0.021   77
   175.88    39.23   180.68    -0.00     0.00    -0.01   0.020   78
   174.90    40.21   182.71    -0.00     0.00    -0.01   0.021   79
   174.90    39.23   181.69    -0.01     0.00    -0.00   0.020   80
   173.92    40.21   180.68    -0.01     0.00    -0.00   0.021   81
   174.90    40.21   181.69    -0.00     0.00    -0.00   0.020   82
   175.88    40.21   182.71    -0.00     0.00    -0.01   0.021   83
   174.90    40.21   181.69    -0.00     0.00    -0.00   0.020   84
   175.88    40.21   181.69    -0.00     0.01    -0.00   0.020   85
   176.85    40.21   180.68    -0.00     0.00    -0.01   0.021   86
   174.90    40.21   182.71    -0.01     0.00    -0.00   0.020   87
   175.88    40.21   183.73    -0.00     0.00    -0.00   0.021   88
   174.90    39.23   182.71    -0.00     0.00    -0.01   0.020   89
   175.88    39.23   181.69    -0.00     0.00    -0.01   0.021   90
   173.92    41.20   181.69    -0.00     0.00    -0.01   0.020   91
   173.92    40.21   182.71    -0.01     0.00    -0.00   0.021   92
   175.88    41.20   181.69    -0.00     0.00    -0.01   0.020   93
   174.90    39.23   181.69    -0.00     0.00    -0.01   0.021   94
   175.88    40.21   181.69    -0.00     0.00    -0.00   0.020   95
   174.90    41.20   183.73    -0.01     0.00    -0.00   0.021   96
   174.90    40.21   182.71    -0.01     0.00    -0.00   0.020   97
   174.90    41.20   183.73    -0.00     0.00    -0.00   0.021   98
   175.88    40.21   181.69    -0.00     0.00    -0.00   0.020   99
   175.88    40.21   181.69    -0.00     0.00    -0.00   0.021  100
   175.88    39.23   182.71    -0.00     0.00    -0.01   0.020  101
   176.85    40.21   183.73    -0.00     0.00    -0.00   0.021  102
   176.85    40.21   183.73    -0.01     0.00    -0.00   0.020  103
   175.88    40.21   181.69    -0.00     0.00    -0.00   0.021  104
   174.90    40.21   182.71    -0.00     0.00    -0.00   0.020  105
   176.85    39.23   184.75    -0.01     0.00    -0.00   0.021  106
   174.90    39.23   181.69    -0.01     0.00    -0.00   0.020  107
   175.88    40.21   181.69    -0.01     0.00    -0.00   0.021  108
   174.90    40.21   182.71    -0.00     0.00    -0.00   0.020  109
   174.90    41.20   181.69    -0.00     0.00    -0.00   0.020  110
   176.85    41.20   182.71    -0.00     0.00    -0.00   0.021  111
   174.90    40.21   180.68    -0.00     0.00    -0.00   0.020  112
   176.85    40.21   182.71    -0.01     0.00    -0.00   0.021  113
   175.88    40.21   181.69    -0.01     0.00    -0.00   0.020  114
   173.92    40.21   182.71    -0.00     0.00    -0.00   0.021  115
   175.88    39.23   182.71    -0.00     0.00    -0.00   0.020  116
   176.85    40.21   182.71    -0.01     0.00    -0.00   0.021  117
   173.92    40.21   180.68    -0.01     0.00    -0.00   0.020  118
   174.90    40.21   181.69    -0.01     0.00    -0.00   0.021  119
   174.90    40.21   181.69    -0.00     0.00    -0.00   0.020  120
   174.90    40.21   182.71    -0.00     0.00    -0.00   0.021  121
   175.88    41.20   182.71    -0.00     0.00    -0.01   0.020  122
   174.90    40.21   181.69    -0.00     0.00    -0.00   0.021  123
   175.88    40.21   182.71    -0.01     0.00    -0.00   0.020  124
   176.85    40.21   183.73    -0.00     0.00    -0.01   0.021  125
   174.90    40.21   182.71    -0.00     0.00    -0.00   0.020  126
   174.90    40.21   182.71    -0.00     0.00    -0.00   0.021  127
   174.90    40.21   182.71    -0.00     0.00    -0.01   0.020  128
   174.90    40.21   180.68    -0.00     0.00    -0.00   0.021  129
   175.88    40.21   181.69    -0.00     0.00    -0.01   0.020  130
   175.88    41.20   181.69    -0.01     0.01    -0.00   0.021  131
   175.88    39.23   180.68    -0.01     0.00    -0.00   0.020  132
   175.88    40.21   181.69    -0.00     0.00    -0.00   0.021  133
   175.88    41.20   182.71    -0.00     0.00    -0.00   0.020  134
   174.90    41.20   182.71    -0.00     0.00    -0.01   0.020  135
   174.90    40.21   181.69    -0.00     0.00    -0.00   0.021  136
   175.88    39.23   183.73    -0.00     0.00    -0.00   0.020  137
   174.90    40.21   180.68    -0.01     0.00    -0.00   0.021  138
   174.90    40.21   181.69    -0.00     0.00    -0.00   0.020  139
   175.88    40.21   181.69    -0.00     0.00    -0.00   0.021  140
   174.90    40.21   181.69    -0.00     0.00    -0.00   0.020  141
   175.88    40.21   180.68    -0.00     0.00    -0.01   0.021  142
   174.90    40.21   182.71    -0.00     0.00    -0.00   0.020  143
   173.92    40.21   181.69    -0.01     0.00    -0.00   0.021  144
   174.90    40.21   183.73    -0.00     0.00    -0.00   0.020  145
   176.85    39.23   181.69    -0.01     0.00    -0.00   0.021  146
   173.92    39.23   181.69    -0.00     0.00    -0.00   0.020  147
   174.90    41.20   181.69    -0.00     0.00    -0.00   0.021  148
   174.90    39.23   180.68    -0.00     0.00    -0.00   0.020  149
   175.88    39.23   181.69    -0.00     0.00    -0.00   0.021  150
   174.90    39.23   181.69    -0.00     0.00    -0.00   0.020  151
   173.92    41.20   181.69    -0.00     0.00    -0.00   0.021  152
   175.88    41.20   181.69    -0.00     0.00    -0.00   0.020  153
   175.88    39.23   182.71    -0.00     0.00    -0.00   0.021  154
   173.92    40.21   181.69    -0.00     0.00    -0.00   0.020  155
   174.90    41.20   181.69    -0.01     0.00    -0.00   0.021  156
   174.90    41.20   182.71    -0.00     0.00    -0.01   0.020  157
   173.92    39.23   180.68    -0.00     0.00    -0.00   0.021  158
   175.88    41.20   182.71    -0.00     0.00    -0.00   0.020  159
   175.88    40.21   182.71    -0.00     0.00    -0.01   0.020  160
   174.90    40.21   181.69    -0.00     0.00    -0.00   0.021  161
   174.90    40.21   181.69    -0.00     0.00    -0.00   0.020  162
   174.90    39.23   181.69    -0.01     0.00    -0.01   0.021  163
   175.88    39.23   182.71    -0.01     0.00    -0.00   0.020  164
   174.90    40.21   182.71    -0.01     0.00    -0.00   0.021  165
   173.92    41.20   181.69    -0.00     0.00    -0.00   0.020  166
   174.90    39.23   182.71    -0.01     0.00    -0.01   0.021  167
   174.90    39.23   181.69    -0.01     0.00    -0.00   0.020  168
   173.92    39.23   181.69    -0.00     0.00    -0.00   0.021  169
   174.90    41.20   182.71    -0.01     0.01    -0.00   0.020  170
   172.95    39.23   181.69    -0.01     0.01    -0.00   0.021  171
   175.88    39.23   181.69    -0.01     0.01    -0.00   0.020  172
   175.88    41.20   181.69    -0.01     0.01    -0.00   0.021  173
   175.88    40.21   182.71    -0.01     0.01    -0.00   0.020  174
   174.90    40.21   181.69    -0.01     0.00    -0.00   0.021  175
   175.88    40.21   182.71    -0.01     0.00    -0.00   0.020  176
   175.88    40.21   184.75    -0.00     0.00    -0.00   0.021  177
   174.90    40.21   182.71    -0.00     0.00    -0.00   0.020  178
   175.88    41.20   182.71    -0.00     0.00    -0.00   0.021  179
   175.88    39.23   183.73    -0.00     0.00    -0.00   0.020  180
   174.90    40.21   182.71    -0.00     0.00    -0.01   0.021  181
   176.85    40.21   182.71    -0.00     0.00    -0.01   0.020  182
   174.90    39.23   180.68    -0.00     0.00    -0.01   0.021  183
   176.85    38.25   182.71    -0.00     0.00    -0.00   0.020  184
   175.88    41.20   182.71    -0.00     0.00    -0.00   0.020  185
   175.88    40.21   181.69    -0.00     0.00    -0.00   0.021  186
   174.90    40.21   180.68    -0.00     0.00    -0.01   0.020  187
   175.88    40.21   182.71    -0.00     0.00    -0.01   0.021  188
   174.90    39.23   182.71    -0.01     0.00    -0.00   0.020  189
   174.90    40.21   181.69    -0.01     0.00    -0.00   0.021  190
   174.90    39.23   183.73    -0.00     0.01    -0.01   0.020  191
   174.90    41.20   181.69    -0.00     0.00    -0.00   0.021  192
   174.90    40.21   182.71    -0.00     0.00    -0.00   0.020  193
   176.85    40.21   180.68    -0.00     0.00    -0.00   0.021  194
   174.90    39.23   181.69    -0.00     0.00    -0.01   0.020  195
   174.90    40.21   181.69    -0.01     0.00    -0.00   0.021  196
   175.88    40.21   182.71    -0.00     0.00    -0.00   0.020  197
   174.90    40.21   181.69    -0.00     0.00    -0.01   0.021  198
   174.90    40.21   180.68    -0.00     0.00    -0.01   0.020  199
   175.88    39.23   181.69    -0.01     0.00    -0.00   0.021  200
   174.90    39.23   182.71    -0.00     0.00    -0.01   0.020  201
   174.90    41.20   181.69    -0.01     0.00    -0.00   0.021  202
   175.88    42.18   183.73    -0.00     0.01    -0.00   0.020  203
   175.88    38.25   181.69    -0.01     0.00    -0.00   0.021  204
   173.92    39.23   180.68    -0.01     0.00    -0.00   0.020  205
   175.88    41.20   182.71    -0.01     0.00    -0.00   0.021  206
   175.88    40.21   182.71    -0.00     0.00    -0.00   0.020  207
   174.90    40.21   181.69    -0.01     0.00    -0.01   0.021  208
   175.88    40.21   181.69    -0.01     0.00    -0.00   0.020  209
   175.88    40.21   181.69    -0.00     0.01    -0.00   0.020  210
   175.88    39.23   181.69    -0.01     0.01    -0.00   0.021  211
   175.88    40.21   184.75    -0.01     0.00    -0.00   0.020  212
   174.90    40.21   182.71    -0.01     0.00    -0.00   0.021  213
   174.90    40.21   182.71    -0.00     0.00    -0.00   0.020  214
   175.88    39.23   180.68    -0.00     0.00    -0.00   0.021  215
   172.95    40.21   182.71    -0.00     0.00    -0.01   0.020  216
   174.90    40.21   183.73    -0.01     0.00    -0.01   0.021  217
   174.90    39.23   181.69    -0.01     0.00    -0.00   0.020  218
   175.88    40.21   182.71    -0.00     0.00    -0.00   0.021  219
   175.88    39.23   182.71    -0.01     0.00    -0.00   0.020  220
   174.90    38.25   182.71    -0.00     0.00    -0.00   0.021  221
   175.88    40.21   182.71    -0.01     0.00    -0.01   0.020  222
   174.90    40.21   180.68    -0.00     0.00    -0.01   0.021  223
   174.90    40.21   180.68    -0.00     0.00    -0.00   0.020  224
   174.90    39.23   183.73    -0.00     0.00    -0.00   0.021  225
   175.88    41.20   182.71    -0.01     0.00    -0.00   0.020  226
   174.90    40.21   182.71    -0.01     0.00    -0.01   0.021  227
   173.92    39.23   182.71    -0.00     0.00    -0.01   0.020  228
   174.90    39.23   183.73    -0.00     0.00    -0.01   0.021  229
   174.90    40.21   183.73    -0.00     0.00    -0.00   0.020  230
   174.90    40.21   181.69    -0.00     0.00    -0.00   0.021  231
   175.88    39.23   182.71    -0.00     0.00    -0.01   0.020  232
   174.90    40.21   181.69    -0.01     0.00    -0.00   0.021  233
   175.88    40.21   181.69    -0.01     0.00    -0.01   0.020  234
   174.90    41.20   182.71    -0.00     0.00    -0.00   0.020  235
   176.85    40.21   181.69    -0.00     0.00    -0.00   0.021  236
   175.88    38.25   183.73    -0.00     0.00    -0.00   0.020  237
   175.88    39.23   182.71    -0.00     0.00    -0.01   0.021  238
   175.88    40.21   182.71    -0.00     0.00    -0.00   0.020  239
   175.88    39.23   182.71    -0.01     0.00    -0.00   0.021  240
   175.88    40.21   182.71    -0.00     0.00    -0.01   0.020  241
   174.90    39.23   182.71    -0.00     0.00    -0.00   0.021  242
   175.88    40.21   183.73    -0.00     0.00    -0.01   0.020  243
   175.88    39.23   180.68    -0.00     0.00    -0.00   0.021  244
   174.90    40.21   183.73    -0.01     0.00    -0.00   0.020  245
   174.90    39.23   181.69    -0.00     0.00    -0.00   0.021  246
   175.88    39.23   181.69    -0.01     0.00    -0.00   0.020  247
   174.90    40.21   180.68    -0.00     0.00    -0.01   0.021  248
   175.88    40.21   183.73    -0.00     0.00    -0.00   0.020  249
   175.88    39.23   182.71    -0.00     0.00    -0.01   0.021  250
   174.90    40.21   182.71    -0.00     0.00    -0.01   0.020  251
   175.88    40.21   182.71    -0.00     0.00    -0.01   0.021  252
   175.88    38.25   181.69    -0.00     0.00    -0.00   0.020  253
   175.88    40.21   182.71    -0.00     0.00    -0.00   0.021  254
   175.88    40.21   181.69    -0.00     0.01    -0.00   0.020  255
   174.90    41.20   182.71    -0.01     0.01    -0.00   0.021    0
   174.90    40.21   184.75    -0.00     0.00    -0.00   0.020    1
   174.90    40.21   181.69    -0.00     0.00    -0.00   0.021    2
   175.88    41.20   182.71    -0.00     0.00    -0.00   0.020    3
   175.88    40.21   181.69    -0.01     0.00    -0.00   0.020    4
   173.92    40.21   182.71    -0.00     0.00    -0.00   0.021    5
   175.88    40.21   182.71    -0.00     0.00    -0.00   0.020    6
   174.90    41.20   182.71    -0.00     0.00    -0.01   0.021    7
   174.90    39.23   181.69    -0.01     0.00    -0.01   0.020    8
   175.88    40.21   181.69    -0.01     0.00    -0.01   0.021    9
   175.88    40.21   183.73    -0.00     0.00    -0.00   0.020   10
   174.90    40.21   181.69    -0.00     0.00    -0.00   0.021   11
   174.90    40.21   181.69    -0.00     0.00    -0.00   0.020   12
   175.88    40.21   180.68    -0.00     0.00    -0.00   0.021   13
   175.88    41.20   181.69    -0.01     0.00    -0.00   0.020   14
   174.90    39.23   181.69    -0.00     0.01    -0.01   0.021   15
   173.92    40.21   181.69    -0.00     0.00    -0.00   0.020   16
   174.90    41.20   182.71    -0.00     0.00    -0.01   0.021   17
   172.95    40.21   182.71    -0.00     0.00    -0.00   0.020   18
   175.88    40.21   183.73    -0.01     0.00    -0.00   0.021   19
   174.90    40.21   182.71    -0.00     0.00    -0.00   0.020   20
   175.88    40.21   181.69    -0.01     0.00    -0.00   0.021   21
   175.88    39.23   182.71    -0.00     0.00    -0.00   0.020   22
   175.88    38.25   181.69    -0.00     0.00    -0.01   0.021   23
   175.88    40.21   183.73    -0.01     0.00    -0.00   0.020   24
   173.92    40.21   181.69    -0.00     0.00    -0.01   0.021   25
   175.88    39.23   182.71    -0.00     0.00    -0.00   0.020   26
   174.90    40.21   182.71    -0.00     0.00    -0.01   0.021   27
   173.92    40.21   182.71    -0.01     0.00    -0.01   0.020   28
   173.92    40.21   181.69    -0.00     0.00    -0.00   0.020   29
   173.92    39.23   183.73    -0.00     0.00    -0.01   0.021   30
   175.88    40.21   182.71    -0.01     0.01    -0.00   0.020   31
   174.90    40.21   180.68    -0.00     0.00    -0.00   0.021   32
   174.90    39.23   182.71    -0.00     0.00    -0.00   0.020   33
   174.90    38.25   182.71    -0.00     0.00    -0.00   0.021   34
   174.90    39.23   181.69    -0.00     0.00    -0.01   0.020   35
   175.88    40.21   182.71    -0.00     0.00    -0.01   0.021   36
   173.92    40.21   181.69    -0.00     0.00    -0.00   0.020   37
   176.85    40.21   183.73    -0.00     0.00    -0.00   0.021   38
   173.92    41.20   182.71    -0.01     0.00    -0.00   0.020   39
   174.90    39.23   181.69    -0.00     0.01    -0.00   0.021   40
   175.88    39.23   182.71    -0.00     0.00    -0.00   0.020   41
   175.88    39.23   182.71    -0.00     0.00    -0.00   0.021   42
   175.88    39.23   182.71    -0.00     0.00    -0.00   0.020   43
   174.90    40.21   180.68    -0.01     0.00    -0.01   0.021   44
   174.90    40.21   182.71    -0.00     0.00    -0.00   0.020   45
   175.88    40.21   182.71    -0.01     0.00    -0.00   0.021   46
   175.88    39.23   182.71    -0.01     0.00    -0.00   0.020   47
   175.88    40.21   182.71    -0.01     0.00    -0.00   0.021   48
   173.92    41.20   181.69    -0.01     0.00    -0.00   0.020   49
   175.88    39.23   182.71    -0.00     0.00    -0.01   0.021   50
   175.88    40.21   183.73    -0.01     0.00    -0.00   0.020   51
   174.90    39.23   182.71    -0.01     0.01    -0.00   0.021   52
   174.90    41.20   181.69    -0.01     0.00    -0.00   0.020   53
   173.92    40.21   182.71    -0.01     0.00    -0.00   0.020   54
   175.88    40.21   181.69    -0.01     0.00    -0.00   0.021   55
   173.92    39.23   182.71    -0.00     0.00    -0.00   0.020   56
   173.92    40.21   182.71    -0.00     0.00    -0.00   0.021   57
   174.90    41.20   180.68    -0.00     0.00    -0.00   0.020   58
   175.88    38.25   182.71    -0.00     0.00    -0.00   0.021   59
   173.92    40.21   181.69    -0.01     0.00    -0.00   0.020   60
   174.90    40.21   180.68    -0.00     0.00    -0.00   0.021   61
   175.88    40.21   183.73    -0.00     0.00    -0.00   0.020   62
   174.90    40.21   180.68    -0.00     0.00    -0.00   0.021   63
   175.88    39.23   181.69    -0.00     0.00    -0.01   0.020   64
   174.90    40.21   181.69    -0.00     0.00    -0.00   0.021   65
   174.90    40.21   180.68    -0.01     0.00    -0.00   0.020   66
   175.88    40.21   181.69    -0.01     0.00    -0.00   0.021   67
   175.88    40.21   182.71    -0.00     0.00    -0.00   0.020   68
   174.90    41.20   183.73    -0.00     0.00    -0.01   0.021   69
   175.88    38.25   182.71    -0.00     0.00    -0.00   0.020   70
   174.90    40.21   181.69    -0.01     0.00    -0.00   0.021   71
   175.88    40.21   182.71    -0.00     0.00    -0.01   0.020   72
   173.92    39.23   181.69    -0.00     0.00    -0.01   0.021   73
   174.90    39.23   183.73    -0.01     0.00    -0.00   0.020   74
   174.90    40.21   180.68    -0.00     0.00    -0.00   0.021   75
   174.90    39.23   182.71    -0.00     0.00    -0.00   0.020   76
   174.90    40.21   181.69    -0.00     0.00    -0.00   0.021   77
   174.90    40.21   181.69    -0.01     0.00    -0.00   0.020   78
   174.90    40.21   182.71    -0.00     0.00    -0.00   0.020   79
   173.92    40.21   182.71    -0.01     0.00    -0.00   0.021   80
   175.88    39.23   181.69    -0.01     0.01    -0.00   0.020   81
   174.90    40.21   182.71    -0.00     0.01    -0.00   0.021   82
   173.92    39.23   182.71    -0.00     0.00    -0.00   0.020   83
   174.90    40.21   182.71    -0.00     0.00    -0.00   0.021   84
   173.92    40.21   181.69    -0.01     0.00    -0.00   0.020   85
   175.88    40.21   183.73    -0.01     0.00    -0.00   0.021   86
   174.90    40.21   182.71    -0.01     0.00    -0.00   0.020   87
   174.90    39.23   182.71    -0.01     0.00    -0.00   0.021   88
   174.90    41.20   182.71    -0.00     0.00    -0.00   0.020   89
   174.90    39.23   181.69    -0.00     0.00    -0.00   0.021   90
   174.90    39.23   182.71    -0.00     0.00    -0.01   0.020   91
   173.92    40.21   181.69    -0.00     0.00    -0.01   0.021   92
   175.88    40.21   182.71    -0.00     0.00    -0.01   0.020   93
   175.88    40.21   183.73    -0.01     0.00    -0.00   0.021   94
   175.88    40.21   181.69    -0.00     0.01    -0.00   0.020   95
   175.88    40.21   181.69    -0.01     0.00    -0.00   0.021   96
   174.90    39.23   180.68    -0.00     0.00    -0.00   0.020   97
   174.90    40.21   182.71    -0.00     0.00    -0.00   0.021   98
   173.92    38.25   182.71    -0.01     0.00    -0.00   0.020   99
   173.92    40.21   180.68    -0.01     0.00    -0.00   0.021  100
   175.88    40.21   181.69    -0.00     0.00    -0.01   0.020  101
   174.90    39.23   182.71    -0.00     0.00    -0.00   0.021  102
   174.90    39.23   180.68    -0.00     0.00    -0.00   0.020  103
   175.88    39.23   181.69    -0.00     0.00    -0.00   0.020  104
   174.90    40.21   182.71    -0.00     0.00    -0.00   0.021  105
   174.90    39.23   183.73    -0.01     0.00    -0.00   0.020  106
   175.88    39.23   183.73    -0.01     0.00    -0.01   0.021  107
   175.88    39.23   182.71    -0.00     0.00    -0.01   0.020  108
   173.92    40.21   181.69    -0.00     0.00    -0.00   0.021  109
   175.88    39.23   182.71    -0.00     0.00    -0.01   0.020  110
   174.90    40.21   182.71    -0.00     0.00    -0.00   0.021  111
   174.90    39.23   181.69    -0.01     0.00    -0.00   0.020  112
   176.85    39.23   181.69    -0.01     0.00    -0.01   0.021  113
   174.90    40.21   182.71    -0.00     0.00    -0.00   0.020  114
   175.88    40.21   182.71    -0.00     0.00    -0.00   0.021  115
   174.90    40.21   180.68    -0.00     0.00    -0.01   0.020  116
   174.90    40.21   182.71    -0.00     0.00    -0.01   0.021  117
   176.85    39.23   181.69    -0.00     0.00    -0.01   0.020  118
   173.92    39.23   179.66    -0.00     0.01    -0.01   0.021  119
   174.90    40.21   183.73    -0.00     0.01    -0.00   0.020  120
   175.88    39.23   182.71    -0.01     0.01    -0.00   0.021  121
   173.92    39.23   182.71    -0.00     0.00    -0.00   0.020  122
   173.92    41.20   181.69    -0.00     0.00    -0.00   0.021  123
   175.88    40.21   181.69    -0.01     0.01    -0.00   0.020  124
   175.88    40.21   181.69    -0.00     0.00    -0.00   0.021  125
   174.90    39.23   181.69    -0.00     0.00    -0.01   0.020  126
   173.92    40.21   181.69    -0.00     0.00    -0.00   0.021  127
   174.90    40.21   181.69    -0.01     0.00    -0.00   0.020  128
   173.92    40.21   182.71    -0.00     0.00    -0.00   0.020  129
   174.90    39.23   180.68    -0.00     0.00    -0.00   0.021  130
   175.88    39.23   182.71    -0.01     0.00    -0.00   0.020  131
   174.90    40.21   182.71    -0.01     0.00    -0.00   0.021  132
   174.90    40.21   181.69    -0.00     0.00    -0.01   0.020  133
   175.88    39.23   182.71    -0.00     0.00    -0.01   0.021  134
   174.90    40.21   182.71    -0.01     0.00    -0.00   0.020  135
   175.88    39.23   182.71    -0.01     0.00    -0.00   0.021  136
   174.90    39.23   182.71    -0.00     0.00    -0.00   0.020  137
   174.90    40.21   183.73    -0.00     0.00    -0.01   0.021  138
   174.90    39.23   182.71    -0.01     0.00    -0.00   0.020  139
   174.90    39.23   182.71    -0.00     0.00    -0.00   0.021  140
   175.88    39.23   183.73    -0.00     0.00    -0.00   0.020  141
   175.88    40.21   182.71    -0.00     0.00    -0.00   0.021  142
   174.90    39.23   183.73    -0.00     0.00    -0.01   0.020  143
   174.90    40.21   181.69    -0.00     0.00    -0.01   0.021  144
   174.90    41.20   182.71    -0.01     0.00    -0.00   0.020  145
   174.90    40.21   180.68    -0.01     0.00    -0.00   0.021  146
   174.90    40.21   181.69    -0.00     0.00    -0.00   0.020  147
   175.88    40.21   181.69    -0.00     0.00    -0.01   0.021  148
   174.90    39.23   182.71    -0.00     0.00    -0.01   0.020  149
   173.92    39.23   183.73    -0.00     0.00    -0.01   0.021  150
   173.92    39.23   181.69    -0.00     0.00    -0.01   0.020  151
   175.88    39.23   182.71    -0.01     0.00    -0.00   0.021  152
   174.90    39.23   182.71    -0.00     0.00    -0.00   0.020  153
   175.88    39.23   182.71    -0.01     0.00    -0.01   0.020  154
   175.88    39.23   182.71    -0.00     0.00    -0.00   0.021  155
   173.92    39.23   182.71    -0.01     0.00    -0.01   0.020  156
   175.88    39.23   181.69    -0.00     0.00    -0.00   0.021  157
   174.90    39.23   182.71    -0.00     0.00    -0.01   0.020  158
   174.90    40.21   181.69    -0.01     0.00    -0.00   0.021  159
   173.92    40.21   181.69    -0.01     0.01    -0.00   0.020  160
   175.88    39.23   182.71    -0.00     0.00    -0.01   0.021  161
   174.90    39.23   182.71    -0.00     0.00    -0.00   0.020  162
   174.90    40.21   181.69    -0.00     0.00    -0.00   0.021  163
   174.90    39.23   182.71    -0.00     0.01    -0.00   0.020  164
   173.92    40.21   183.73    -0.00     0.00    -0.00   0.021  165
   174.90    39.23   181.69    -0.01     0.00    -0.00   0.020  166
   175.88    39.23   180.68    -0.01     0.00    -0.00   0.021  167
   175.88    39.23   181.69    -0.00     0.00    -0.00   0.020  168
   175.88    39.23   180.68    -0.00     0.00    -0.01   0.021  169
   175.88    38.25   180.68    -0.01     0.00    -0.00   0.020  170
   174.90    39.23   182.71    -0.01     0.00    -0.01   0.021  171
   175.88    39.23   182.71    -0.00     0.00    -0.00   0.020  172
   174.90    40.21   182.71    -0.01     0.00    -0.00   0.021  173
   174.90    40.21   181.69    -0.01     0.00    -0.00   0.020  174
   175.88    39.23   183.73    -0.00     0.00    -0.00   0.021  175
   174.90    40.21   182.71    -0.01     0.00    -0.00   0.020  176
   172.95    39.23   181.69    -0.00     0.00    -0.01   0.021  177
   174.90    39.23   181.69    -0.00     0.00    -0.00   0.020  178
   174.90    40.21   181.69    -0.00     0.00    -0.00   0.020  179
   174.90    39.23   180.68    -0.00     0.00    -0.00   0.021  180
   174.90    40.21   181.69    -0.01     0.00    -0.00   0.020  181
   175.88    38.25   182.71    -0.01     0.00    -0.00   0.021  182
   175.88    40.21   182.71    -0.01     0.00    -0.00   0.020  183
   173.92    40.21   181.69    -0.00     0.00    -0.00   0.021  184
   174.90    40.21   182.71    -0.00     0.00    -0.00   0.020  185
   174.90    39.23   181.69    -0.01     0.00    -0.00   0.021  186
   174.90    39.23   180.68    -0.00     0.00    -0.00   0.020  187
   174.90    39.23   182.71    -0.00     0.00    -0.00   0.021  188
   174.90    39.23   182.71    -0.00     0.00    -0.01   0.020  189
   174.90    40.21   182.71    -0.01     0.00    -0.00   0.021  190
   174.90    39.23   180.68    -0.00     0.00    -0.00   0.020  191
   173.92    41.20   182.71    -0.00     0.00    -0.00   0.021  192
   174.90    40.21   182.71    -0.00     0.00    -0.00   0.020  193
   174.90    39.23   181.69    -0.00     0.00    -0.00   0.021  194
   174.90    40.21   182.71    -0.00     0.00    -0.00   0.020  195
   173.92    39.23   182.71    -0.00     0.00    -0.00   0.021  196
   174.90    39.23   182.71    -0.00     0.00    -0.00   0.020  197
   175.88    39.23   181.69    -0.00     0.00    -0.01   0.021  198
   175.88    40.21   182.71    -0.00     0.00    -0.00   0.020  199
   174.90    39.23   181.69    -0.01     0.00    -0.00   0.021  200
   173.92    40.21   181.69    -0.00     0.00    -0.00   0.020  201
   175.88    41.20   181.69    -0.01     0.00    -0.00   0.021  202
   173.92    39.23   180.68    -0.00     0.00    -0.00   0.020  203
   174.90    39.23   181.69    -0.00     0.00    -0.00   0.020  204
   175.88    39.23   180.68    -0.00     0.00    -0.00   0.021  205
   173.92    40.21   181.69    -0.00     0.00    -0.00   0.020  206
   174.90    40.21   182.71    -0.00     0.00    -0.00   0.021  207
   175.88    39.23   182.71    -0.00     0.00    -0.00   0.020  208
   174.90    40.21   181.69    -0.01     0.00    -0.00   0.021  209
   174.90    39.23   180.68    -0.00     0.00    -0.01   0.020  210
   174.90    39.23   181.69    -0.01     0.00    -0.00   0.021  211
   174.90    41.20   181.69    -0.01     0.00    -0.00   0.020  212
   174.90    39.23   181.69    -0.00     0.00    -0.00   0.021  213
   174.90    40.21   182.71    -0.00     0.00    -0.00   0.020  214
   175.88    39.23   182.71    -0.00     0.00    -0.00   0.021  215
   174.90    39.23   180.68    -0.01     0.00    -0.01   0.020  216
   174.90    40.21   182.71    -0.01     0.00    -0.00   0.021  217
   173.92    39.23   181.69    -0.00     0.00    -0.00   0.020  218
   174.90    39.23   182.71    -0.00     0.00    -0.00   0.021  219
   174.90    39.23   181.69    -0.01     0.00    -0.00   0.020  220
   175.88    39.23   181.69    -0.00     0.00    -0.01   0.021  221
   174.90    40.21   180.68    -0.00     0.00    -0.00   0.020  222
   174.90    41.20   181.69    -0.01     0.00    -0.00   0.021  223
   173.92    39.23   181.69    -0.01     0.00    -0.00   0.020  224
   175.88    39.23   183.73    -0.00     0.00    -0.00   0.021  225
   174.90    38.25   182.71    -0.00     0.00    -0.00   0.020  226
   173.92    40.21   181.69    -0.00     0.00    -0.00   0.021  227
   175.88    39.23   182.71    -0.00     0.00    -0.00   0.020  228
   174.90    40.21   183.73    -0.01     0.00    -0.01   0.020  229
   174.90    40.21   183.73    -0.00     0.00    -0.01   0.021  230
   173.92    38.25   180.68    -0.01     0.00    -0.00   0.020  231
   175.88    40.21   181.69    -0.00     0.00    -0.01   0.021  232
   173.92    40.21   181.69    -0.00     0.00    -0.00   0.020  233
   175.88    39.23   182.71    -0.00     0.00    -0.00   0.021  234
   173.92    39.23   182.71    -0.00     0.00    -0.00   0.020  235
   173.92    40.21   181.69    -0.00     0.00    -0.00   0.021  236
   174.90    40.21   182.71    -0.00     0.00    -0.01   0.020  237
   174.90    40.21   181.69    -0.00     0.00    -0.00   0.021  238
   176.85    39.23   180.68    -0.01     0.00    -0.00   0.020  239
   174.90    40.21   181.69    -0.01     0.00    -0.00   0.021  240
   174.90    38.25   180.68    -0.00     0.00    -0.00   0.020  241
   173.92    41.20   182.71    -0.01     0.00    -0.00   0.021  242
   173.92    40.21   181.69    -0.00     0.01    -0.00   0.020  243
   174.90    40.21   181.69    -0.01     0.00    -0.00   0.021  244
   173.92    40.21   182.71    -0.00     0.00    -0.00   0.020  245
   174.90    40.21   181.69    -0.01     0.00    -0.00   0.021  246
   174.90    39.23   180.68    -0.01     0.00    -0.00   0.020  247
   174.90    38.25   181.69    -0.01     0.00    -0.00   0.021  248
   174.90    39.23   180.68    -0.01     0.00    -0.00   0.020  249
   175.88    40.21   181.69    -0.01     0.00    -0.00   0.021  250
   173.92    39.23   181.69    -0.01     0.00    -0.00   0.020  251
   174.90    40.21   181.69    -0.00     0.00    -0.00   0.021  252
   174.90    40.21   181.69    -0.01     0.00    -0.00   0.020  253
   175.88    39.23   182.71    -0.01     0.00    -0.01   0.020  254
   174.90    39.23   181.69    -0.01     0.00    -0.00   0.021  255
   172.95    39.23   182.71    -0.01     0.00    -0.00   0.020    0
   173.92    40.21   180.68    -0.00     0.00    -0.00   0.021    1
   175.88    39.23   183.73    -0.00     0.00    -0.00   0.020    2
   174.90    39.23   180.68    -0.00     0.00    -0.00   0.021    3
   174.90    40.21   181.69    -0.00     0.00    -0.00   0.020    4
   175.88    39.23   182.71    -0.00     0.00    -0.00   0.021    5
   174.90    39.23   181.69    -0.00     0.00    -0.01   0.020    6
   175.88    40.21   181.69    -0.01     0.00    -0.01   0.021    7
   175.88    39.23   182.71    -0.01     0.00    -0.00   0.020    8
   174.90    39.23   181.69    -0.00     0.00    -0.01   0.021    9
   175.88    38.25   182.71    -0.00     0.00    -0.00   0.020   10
   175.88    39.23   182.71    -0.01     0.00    -0.00   0.021   11
   175.88    39.23   182.71    -0.00     0.00    -0.00   0.020   12
   173.92    39.23   181.69    -0.00     0.00    -0.00   0.021   13
   174.90    40.21   182.71    -0.00     0.00    -0.00   0.020   14
   172.95    40.21   181.69    -0.00     0.00    -0.00   0.021   15
   174.90    40.21   180.68    -0.00     0.00    -0.01   0.020   16
   173.92    40.21   181.69    -0.00     0.00    -0.00   0.021   17
   175.88    39.23   181.69    -0.00     0.00    -0.00   0.020   18
   173.92    39.23   181.69    -0.01     0.00    -0.01   0.021   19
   173.92    40.21   180.68    -0.00     0.00    -0.00   0.020   20
   174.90    39.23   182.71    -0.00     0.00    -0.01   0.021   21
   175.88    40.21   182.71    -0.00     0.00    -0.00   0.020   22
   173.92    41.20   181.69    -0.01     0.00    -0.00   0.020   23
   175.88    40.21   181.69    -0.00     0.00    -0.00   0.021   24
   173.92    39.23   181.69    -0.00     0.01    -0.00   0.020   25
   174.90    39.23   183.73    -0.00     0.00    -0.00   0.021   26
   174.90    38.25   181.69    -0.00     0.00    -0.00   0.020   27
   176.85    39.23   182.71    -0.00     0.00    -0.00   0.021   28
   174.90    39.23   182.71    -0.00     0.00    -0.00   0.020   29
   174.90    40.21   181.69    -0.01     0.00    -0.00   0.021   30
   174.90    40.21   183.73    -0.01     0.00    -0.00   0.020   31
   174.90    40.21   181.69    -0.01     0.00    -0.00   0.021   32
   175.88    39.23   182.71    -0.00     0.00    -0.00   0.020   33
   174.90    39.23   181.69    -0.00     0.00    -0.00   0.021   34
   174.90    40.21   182.71    -0.00     0.00    -0.00   0.020   35
   174.90    40.21   181.69    -0.01     0.00    -0.00   0.021   36
   174.90    40.21   182.71    -0.01     0.00    -0.00   0.020   37
   173.92    40.21   182.71    -0.01     0.00    -0.00   0.021   38
   174.90    40.21   181.69    -0.00     0.00    -0.01   0.020   39
   174.90    39.23   182.71    -0.00     0.00    -0.00   0.021   40
   174.90    40.21   182.71    -0.00     0.00    -0.00   0.020   41
   173.92    39.23   182.71    -0.00     0.00    -0.00   0.021   42
   174.90    39.23   182.71    -0.01     0.00    -0.00   0.020   43
   173.92    39.23   182.71    -0.00     0.00    -0.00   0.021   44
   175.88    39.23   182.71    -0.00     0.00    -0.00   0.020   45
   174.90    39.23   181.69    -0.01     0.00    -0.00   0.021   46
   174.90    40.21   181.69    -0.01     0.00    -0.01   0.020   47
   174.90    39.23   180.68    -0.00     0.00    -0.00   0.020   48
   174.90    39.23   181.69    -0.01     0.00    -0.00   0.021   49
   172.95    39.23   181.69    -0.00     0.00    -0.00   0.020   50
   174.90    40.21   181.69    -0.00     0.00    -0.00   0.021   51
   173.92    39.23   182.71    -0.01     0.00    -0.00   0.020   52
   174.90    39.23   182.71    -0.00     0.00    -0.00   0.021   53
   174.90    40.21   182.71    -0.00     0.00    -0.01   0.020   54
   173.92    40.21   183.73    -0.00     0.00    -0.01   0.021   55
   173.92    38.25   180.68    -0.00     0.00    -0.00   0.020   56
   173.92    40.21   183.73    -0.00     0.00    -0.00   0.021   57
   174.90    40.21   182.71    -0.00     0.00    -0.00   0.020   58
   174.90    40.21   182.71    -0.00     0.00    -0.01   0.021   59
   175.88    38.25   184.75    -0.00     0.00    -0.00   0.020   60
   173.92    40.21   181.69    -0.00     0.00    -0.01   0.021   61
   174.90    39.23   182.71    -0.01     0.00    -0.00   0.020   62
   173.92    40.21   180.68    -0.00     0.01    -0.00   0.021   63
   175.88    39.23   181.69    -0.00     0.00    -0.00   0.020   64
   175.88    40.21   181.69    -0.00     0.00    -0.00   0.021   65
   174.90    39.23   182.71    -0.00     0.01    -0.00   0.020   66
   173.92    39.23   181.69    -0.01     0.01    -0.00   0.021   67
   174.90    39.23   182.71    -0.01     0.00    -0.00   0.020   68
   174.90    40.21   182.71    -0.01     0.00    -0.00   0.021   69
   174.90    40.21   181.69    -0.01     0.00    -0.00   0.020   70
   174.90    40.21   182.71    -0.01     0.00    -0.00   0.021   71
   174.90    38.25   182.71    -0.01     0.00    -0.00   0.020   72
   175.88    40.21   183.73    -0.01     0.00    -0.00   0.020   73
   173.92    39.23   182.71    -0.01     0.00    -0.00   0.021   74
   174.90    40.21   182.71    -0.00     0.00    -0.00   0.020   75
   174.90    39.23   181.69    -0.00     0.00    -0.00   0.021   76
   175.88    40.21   182.71    -0.01     0.00    -0.01   0.020   77
   174.90    38.25   182.71    -0.00     0.00    -0.01   0.021   78
   174.90    40.21   180.68    -0.00     0.00    -0.00   0.020   79
   174.90    40.21   181.69    -0.00     0.00    -0.00   0.021   80
   175.88    39.23   181.69    -0.01     0.00    -0.00   0.020   81
   174.90    40.21   182.71    -0.01     0.00    -0.00   0.021   82
   175.88    39.23   184.75    -0.01     0.00    -0.00   0.020   83
   173.92    40.21   183.73    -0.00     0.00    -0.00   0.021   84
   174.90    40.21   183.73    -0.00     0.00    -0.01   0.020   85
   175.88    38.25   183.73    -0.00     0.00    -0.00   0.021   86
   174.90    40.21   182.71    -0.00     0.00    -0.00   0.020   87
   173.92    39.23   180.68    -0.01     0.00    -0.00   0.021   88
   173.92    39.23   182.71    -0.00     0.00    -0.00   0.020   89
   174.90    39.23   181.69    -0.00     0.00    -0.00   0.021   90
   174.90    41.20   181.69    -0.00     0.00    -0.00   0.020   91
   174.90    39.23   181.69    -0.00     0.00    -0.00   0.021   92
   175.88    39.23   182.71    -0.00     0.00    -0.00   0.020   93
   174.90    39.23   182.71    -0.00     0.00    -0.00   0.021   94
   174.90    40.21   180.68    -0.00     0.00    -0.00   0.020   95
   173.92    40.21   184.75    -0.01     0.00    -0.01   0.021   96
   175.88    41.20   184.75    -0.00     0.00    -0.01   0.020   97
   175.88    39.23   182.71    -0.01     0.00    -0.01   0.020   98
   176.85    38.25   181.69    -0.00     0.00    -0.01   0.021   99
   174.90    40.21   182.71    -0.00     0.00    -0.01   0.020  100
   175.88    39.23   182.71    -0.00     0.00    -0.00   0.021  101
   173.92    39.23   181.69    -0.01     0.01    -0.00   0.020  102
   173.92    40.21   181.69    -0.01     0.01    -0.00   0.021  103
   173.92    39.23   182.71    -0.00     0.00    -0.00   0.020  104
   173.92    40.21   182.71    -0.00     0.00    -0.00   0.021  105
   173.92    40.21   181.69    -0.00     0.00    -0.00   0.020  106
   174.90    39.23   182.71    -0.01     0.00    -0.01   0.021  107
   174.90    39.23   182.71    -0.00     0.00    -0.00   0.020  108
   174.90    40.21   182.71    -0.00     0.00    -0.01   0.021  109
   173.92    39.23   181.69    -0.00     0.00    -0.00   0.020  110
   175.88    39.23   181.69    -0.00     0.00    -0.00   0.021  111
   173.92    40.21   181.69    -0.00     0.00    -0.01   0.020  112
   175.88    39.23   182.71    -0.00     0.00    -0.00   0.021  113
   175.88    39.23   182.71    -0.00     0.00    -0.00   0.020  114
   174.90    39.23   181.69    -0.00     0.00    -0.01   0.021  115
   175.88    39.23   181.69    -0.00     0.00    -0.00   0.020  116
   174.90    40.21   182.71    -0.01     0.00    -0.00   0.021  117
   174.90    40.21   182.71    -0.00     0.00    -0.01   0.020  118
   174.90    40.21   182.71    -0.00     0.00    -0.00   0.021  119
   173.92    39.23   181.69    -0.01     0.00    -0.01   0.020  120
   175.88    40.21   182.71    -0.00     0.00    -0.00   0.021  121
   173.92    40.21   181.69    -0.01     0.00    -0.00   0.020  122
   174.90    38.25   181.69    -0.01     0.00    -0.00   0.020  123
   175.88    39.23   182.71    -0.00     0.00    -0.00   0.021  124
   174.90    39.23   182.71    -0.01     0.00    -0.00   0.020  125
   174.90    40.21   181.69    -0.01     0.00    -0.00   0.021  126
   174.90    40.21   182.71    -0.01     0.00    -0.00   0.020  127
   175.88    39.23   185.77    -0.00     0.00    -0.00   0.021  128
   175.88    39.23   182.71    -0.00     0.00    -0.00   0.020  129
   174.90    39.23   181.69    -0.01     0.00    -0.00   0.021  130
   174.90    39.23   181.69    -0.01     0.00    -0.01   0.020  131
   175.88    39.23   181.69    -0.00     0.00    -0.00   0.021  132
   174.90    39.23   181.69    -0.01     0.00    -0.00   0.020  133
   174.90    39.23   181.69    -0.00     0.00    -0.00   0.021  134
   173.92    39.23   183.73    -0.00     0.00    -0.00   0.020  135
   174.90    40.21   182.71    -0.00     0.00    -0.00   0.021  136
   174.90    40.21   183.73    -0.00     0.00    -0.00   0.020  137
   175.88    40.21   183.73    -0.00     0.00    -0.01   0.021  138
   174.90    39.23   181.69    -0.00     0.00    -0.00   0.020  139
   173.92    39.23   180.68    -0.00     0.00    -0.00   0.021  140
   174.90    39.23   182.71    -0.01     0.00    -0.01   0.020  141
   174.90    39.23   181.69    -0.00     0.00    -0.00   0.021  142
   174.90    39.23   182.71    -0.00     0.00    -0.01   0.020  143
   174.90    40.21   182.71    -0.01     0.00    -0.00   0.021  144
   175.88    40.21   182.71    -0.00     0.00    -0.00   0.020  145
   174.90    40.21   181.69    -0.00     0.00    -0.00   0.021  146
   175.88    39.23   182.71    -0.00     0.00    -0.01   0.020  147
   174.90    40.21   181.69    -0.00     0.00    -0.00   0.020  148
   174.90    40.21   183.73    -0.01     0.00    -0.00   0.021  149
   174.90    39.23   183.73    -0.01     0.01    -0.00   0.020  150
   173.92    41.20   182.71    -0.00     0.00    -0.00   0.021  151
   174.90    39.23   182.71    -0.00     0.00    -0.00   0.020  152
   174.90    41.20   181.69    -0.00     0.00    -0.00   0.021  153
   174.90    39.23   181.69    -0.01     0.00    -0.00   0.020  154
   175.88    39.23   182.71    -0.01     0.00    -0.00   0.021  155
   173.92    39.23   181.69    -0.00     0.00    -0.00   0.020  156
   174.90    39.23   181.69    -0.00     0.00    -0.00   0.021  157
   174.90    40.21   181.69    -0.00     0.00    -0.00   0.020  158
   174.90    39.23   181.69    -0.01     0.00    -0.00   0.021  159
   174.90    39.23   181.69    -0.01     0.00    -0.00   0.020  160
   174.90    39.23   182.71    -0.01     0.00    -0.00   0.021  161
   175.88    39.23   182.71    -0.01     0.00    -0.00   0.020  162
   175.88    38.25   182.71    -0.00     0.00    -0.00   0.021  163
   174.90    40.21   181.69    -0.00     0.00    -0.00   0.020  164
   174.90    39.23   183.73    -0.01     0.00    -0.00   0.021  165
   174.90    41.20   182.71    -0.01     0.00    -0.00   0.020  166
   173.92    39.23   182.71    -0.00     0.00    -0.00   0.021  167
   174.90    39.23   182.71    -0.00     0.00    -0.00   0.020  168
   174.90    39.23   183.73    -0.00     0.00    -0.00   0.021  169
   175.88    39.23   182.71    -0.00     0.00    -0.00   0.020  170
   174.90    39.23   183.73    -0.00     0.00    -0.00   0.021  171
   174.90    40.21   183.73    -0.00     0.00    -0.00   0.020  172
   174.90    40.21   182.71    -0.01     0.00    -0.00   0.020  173
   173.92    40.21   182.71    -0.01     0.00    -0.01   0.021  174
   175.88    40.21   181.69    -0.01     0.00    -0.01   0.020  175
   174.90    40.21   181.69    -0.00     0.00    -0.00   0.021  176
   174.90    39.23   181.69    -0.00     0.00    -0.00   0.020  177
   175.88    39.23   183.73    -0.00     0.00    -0.00   0.021  178
   175.88    39.23   181.69    -0.00     0.00    -0.01   0.020  179
   175.88    40.21   181.69    -0.00     0.00    -0.00   0.021  180
   173.92    40.21   181.69    -0.00     0.00    -0.00   0.020  181
   175.88    39.23   181.69    -0.00     0.00    -0.01   0.021  182
   174.90    39.23   181.69    -0.00     0.00    -0.00   0.020  183
   174.90    39.23   182.71    -0.00     0.00    -0.00   0.021  184
   174.90    39.23   182.71    -0.00     0.00    -0.00   0.020  185
   174.90    39.23   182.71    -0.00     0.00    -0.00   0.021  186
   174.90    39.23   183.73    -0.00     0.00    -0.00   0.020  187
   173.92    39.23   181.69    -0.00     0.00    -0.00   0.021  188
   175.88    39.23   182.71    -0.00     0.00    -0.00   0.020  189
   174.90    38.25   181.69    -0.01     0.00    -0.01   0.021  190
   174.90    40.21   182.71    -0.00     0.00    -0.00   0.020  191
   173.92    39.23   182.71    -0.00     0.00    -0.00   0.021  192
   173.92    39.23   182.71    -0.00     0.00    -0.00   0.020  193
   175.88    39.23   183.73    -0.00     0.00    -0.00   0.021  194
   173.92    39.23   182.71    -0.01     0.00    -0.00   0.020  195
   174.90    39.23   182.71    -0.00     0.00    -0.00   0.021  196
   174.90    38.25   181.69    -0.00     0.00    -0.00   0.020  197
   175.88    39.23   181.69    -0.01     0.00    -0.00   0.020  198
   175.88    40.21   182.71    -0.00     0.00    -0.00   0.021  199
   174.90    40.21   181.69    -0.01     0.00    -0.00   0.020  200
   175.88    40.21   181.69    -0.00     0.00    -0.00   0.021  201
   173.92    40.21   182.71    -0.00     0.00    -0.00   0.020  202
   173.92    39.23   181.69    -0.00     0.00    -0.01   0.021  203
   174.90    39.23   181.69    -0.00     0.00    -0.00   0.020  204
   174.90    39.23   182.71    -0.00     0.00    -0.01   0.021  205
   175.88    39.23   182.71    -0.00     0.00    -0.00   0.020  206
   173.92    39.23   183.73    -0.00     0.00    -0.00   0.021  207
   173.92    40.21   181.69    -0.01     0.00    -0.00   0.020  208
   174.90    39.23   183.73    -0.00     0.00    -0.01   0.021  209
   175.88    39.23   181.69    -0.00     0.00    -0.00   0.020  210
   173.92    39.23   181.69    -0.01     0.00    -0.00   0.021  211
   175.88    39.23   180.68    -0.00     0.00    -0.00   0.020  212
   173.92    39.23   180.68    -0.00     0.00    -0.00   0.021  213
   174.90    40.21   182.71    -0.00     0.00    -0.00   0.020  214
   172.95    39.23   182.71    -0.01     0.00    -0.00   0.021  215
   174.90    40.21   182.71    -0.01     0.00    -0.00   0.020  216
   174.90    38.25   181.69    -0.01     0.00    -0.00   0.021  217
   174.90    40.21   184.75    -0.01     0.00    -0.00   0.020  218
   174.90    39.23   180.68    -0.01     0.00    -0.00   0.021  219
   174.90    39.23   181.69    -0.01     0.00    -0.01   0.020  220
   174.90    38.25   180.68    -0.00     0.00    -0.00   0.021  221
   174.90    39.23   181.69    -0.01     0.00    -0.00   0.020  222
   174.90    39.23   182.71    -0.00     0.00    -0.01   0.020  223
   175.88    40.21   183.73    -0.01     0.01    -0.01   0.021  224
   173.92    39.23   182.71    -0.01     0.00    -0.00   0.020  225
   175.88    40.21   183.73    -0.00     0.00    -0.00   0.021  226
   173.92    39.23   182.71    -0.00     0.00    -0.00   0.020  227
   174.90    40.21   183.73    -0.00     0.00    -0.00   0.021  228
   174.90    41.20   180.68    -0.00     0.00    -0.00   0.020  229
   175.88    40.21   182.71    -0.00     0.00    -0.00   0.021  230
   173.92    40.21   182.71    -0.01     0.00    -0.01   0.020  231
   174.90    39.23   182.71    -0.00     0.00    -0.00   0.021  232
   174.90    39.23   181.69    -0.01     0.00    -0.00   0.020  233
   174.90    39.23   182.71    -0.01     0.00    -0.00   0.021  234
   173.92    40.21   182.71    -0.00     0.00    -0.00   0.020  235
   175.88    39.23   183.73    -0.00     0.00    -0.00   0.021  236
   174.90    40.21   182.71    -0.00     0.00    -0.00   0.020  237
   174.90    39.23   182.71    -0.01     0.00    -0.00   0.021  238
   173.92    39.23   183.73    -0.00     0.00    -0.00   0.020  239
   174.90    39.23   181.69    -0.01     0.00    -0.00   0.021  240
   174.90    39.23   181.69    -0.00     0.00    -0.00   0.020  241
   174.90    39.23   183.73    -0.00     0.00    -0.01   0.021  242
   174.90    40.21   182.71    -0.00     0.00    -0.00   0.020  243
   174.90    39.23   183.73    -0.00     0.00    -0.00   0.021  244
   173.92    39.23   182.71    -0.00     0.00    -0.00   0.020  245
   173.92    40.21   182.71    -0.00     0.00    -0.01   0.021  246
   175.88    41.20   182.71    -0.00     0.00    -0.00   0.020  247
   175.88    40.21   183.73    -0.01     0.00    -0.00   0.020  248
   175.88    39.23   182.71    -0.00     0.00    -0.00   0.021  249
   175.88    38.25   183.73    -0.00     0.00    -0.00   0.020  250
   175.88    38.25   182.71    -0.00     0.00    -0.00   0.021  251
   174.90    40.21   181.69    -0.01     0.00    -0.00   0.020  252
   175.88    39.23   182.71    -0.01     0.00    -0.00   0.021  253
   174.90    39.23   181.69    -0.00     0.00    -0.00   0.020  254
   175.88    39.23   182.71    -0.01     0.00    -0.01   0.021  255
   174.90    39.23   182.71    -0.01     0.00    -0.00   0.020    0
   174.90    40.21   182.71    -0.00     0.01    -0.00   0.021    1
   173.92    39.23   182.71    -0.01     0.00    -0.00   0.020    2
   174.90    40.21   182.71    -0.00     0.00    -0.00   0.021    3
   173.92    40.21   181.69    -0.00     0.00    -0.00   0.020    4
   174.90    39.23   182.71    -0.00     0.00    -0.00   0.021    5
   174.90    40.21   182.71    -0.00     0.00    -0.00   0.020    6
   173.92    40.21   181.69    -0.00     0.00    -0.00   0.021    7
