   173.92    46.10   180.68     0.01     0.00    -0.00   0.021    0
   172.95    46.10   181.69     0.01     0.00    -0.00   0.020    1
   172.95    47.08   181.69     0.01     0.00    -0.00   0.021    2
   171.97    47.08   181.69     0.01     0.00    -0.00   0.020    3
   172.95    47.08   182.71     0.00     0.00    -0.00   0.021    4
   172.95    47.08   180.68     0.01     0.00    -0.00   0.020    5
   172.95    48.06   181.69     0.01     0.00    -0.00   0.021    6
   172.95    47.08   181.69     0.01     0.00    -0.00   0.020    7
   172.95    47.08   182.71     0.01     0.00    -0.00   0.021    8
   172.95    46.10   181.69     0.01     0.00    -0.00   0.020    9
   173.92    46.10   181.69     0.01     0.00    -0.00   0.021   10
   173.92    46.10   181.69     0.01     0.00    -0.00   0.020   11
   173.92    46.10   182.71     0.01     0.00    -0.00   0.021   12
   171.97    47.08   180.68     0.01     0.00    -0.00   0.020   13
   172.95    46.10   181.69     0.01     0.00    -0.00   0.021   14
   173.92    47.08   181.69     0.01     0.00    -0.00   0.020   15
   172.95    47.08   181.69     0.01     0.00    -0.00   0.020   16
   172.95    47.08   180.68     0.01     0.00    -0.00   0.021   17
   173.92    46.10   180.68     0.01     0.00    -0.00   0.020   18
   173.92    46.10   180.68     0.01     0.00    -0.00   0.021   19
   173.92    45.12   181.69     0.01     0.00    -0.00   0.020   20
   172.95    47.08   181.69     0.01     0.00    -0.00   0.021   21
   174.90    47.08   180.68     0.01     0.00    -0.00   0.020   22
   173.92    46.10   180.68     0.01     0.00    -0.00   0.021   23
   172.95    47.08   180.68     0.01     0.00    -0.00   0.020   24
   173.92    46.10   181.69     0.01     0.00    -0.00   0.021   25
   173.92    47.08   181.69     0.01     0.00    -0.00   0.020   26
   173.92    47.08   180.68     0.01     0.00    -0.00   0.021   27
   173.92    48.06   181.69     0.01     0.00    -0.00   0.020   28
   172.95    47.08   180.68     0.01     0.00    -0.00   0.021   29
   172.95    48.06   181.69     0.01     0.00    -0.00   0.020   30
   173.92    46.10   181.69     0.01     0.00    -0.00   0.021   31
   173.92    46.10   181.69     0.01     0.00    -0.00   0.020   32
   172.95    46.10   180.68     0.01     0.00    -0.00   0.021   33
   173.92    46.10   180.68     0.01     0.00    -0.00   0.020   34
   171.97    47.08   181.69     0.01     0.00    -0.00   0.021   35
   172.95    47.08   181.69     0.01     0.00    -0.00   0.020   36
   173.92    47.08   182.71     0.01     0.00    -0.00   0.021   37
   173.92    47.08   180.68     0.01     0.00    -0.00   0.020   38
   173.92    46.10   180.68     0.01     0.00    -0.00   0.021   39
   172.95    46.10   182.71     0.01     0.00    -0.00   0.020   40
   173.92    46.10   181.69     0.01     0.00    -0.00   0.020   41
   172.95    48.06   181.69     0.01     0.00    -0.00   0.021   42
   173.92    48.06   180.68     0.01     0.00    -0.00   0.020   43
   173.92    46.10   181.69     0.01     0.00    -0.00   0.021   44
   173.92    46.10   181.69     0.01     0.00    -0.00   0.020   45
   173.92    46.10   180.68     0.01     0.00    -0.00   0.021   46
   173.92    46.10   181.69     0.01     0.00    -0.00   0.020   47
   173.92    46.10   180.68     0.01     0.00    -0.00   0.021   48
   172.95    46.10   180.68     0.01     0.00    -0.00   0.020   49
   172.95    46.10   181.69     0.01     0.00    -0.00   0.021   50
   172.95    46.10   180.68     0.01     0.00    -0.00   0.020   51
   173.92    47.08   181.69     0.01     0.00    -0.00   0.021   52
   172.95    47.08   181.69     0.01     0.00    -0.00   0.020   53
   173.92    46.10   181.69     0.01     0.00    -0.00   0.021   54
   173.92    46.10   181.69     0.01     0.00    -0.00   0.020   55
   173.92    46.10   180.68     0.01     0.00    -0.00   0.021   56
   173.92    47.08   181.69     0.01     0.00    -0.00   0.020   57
   173.92    46.10   179.66     0.01     0.00    -0.00   0.021   58
   173.92    46.10   180.68     0.01     0.00    -0.00   0.020   59
   173.92    47.08   181.69     0.01     0.00    -0.00   0.021   60
   173.92    47.08   180.68     0.01     0.00    -0.00   0.020   61
   172.95    47.08   181.69     0.01     0.00    -0.00   0.021   62
   172.95    47.08   181.69     0.01     0.00    -0.00   0.020   63
   174.90    47.08   181.69     0.01     0.00    -0.00   0.021   64
   173.92    46.10   181.69     0.01     0.00    -0.00   0.020   65
   172.95    48.06   183.73     0.01     0.00    -0.00   0.020   66
   171.97    47.08   181.69     0.01     0.00    -0.00   0.021   67
   171.97    47.08   181.69     0.01     0.00    -0.00   0.020   68
   173.92    47.08   182.71     0.01     0.00    -0.00   0.021   69
   172.95    47.08   180.68     0.01     0.00    -0.00   0.020   70
   173.92    46.10   180.68     0.01     0.00    -0.00   0.021   71
   173.92    47.08   182.71     0.01     0.00    -0.01   0.020   72
   173.92    48.06   179.66     0.01     0.00    -0.00   0.021   73
   173.92    48.06   181.69     0.01     0.00    -0.00   0.020   74
   172.95    47.08   181.69     0.01     0.00    -0.00   0.021   75
   171.97    47.08   181.69     0.01     0.00    -0.00   0.020   76
   173.92    47.08   182.71     0.01     0.00    -0.00   0.021   77
   173.92    47.08   182.71     0.01     0.00    -0.00   0.020   78
   173.92    48.06   180.68     0.01     0.00    -0.00   0.021   79
   173.92    46.10   181.69     0.01     0.00    -0.00   0.020   80
   172.95    48.06   180.68     0.01     0.00    -0.00   0.021   81
   172.95    46.10   181.69     0.01     0.00    -0.00   0.020   82
   172.95    47.08   181.69     0.01     0.00    -0.00   0.021   83
   173.92    47.08   181.69     0.01     0.00    -0.00   0.020   84
   172.95    47.08   182.71     0.01     0.00    -0.00   0.021   85
   172.95    48.06   182.71     0.01     0.00    -0.00   0.020   86
   173.92    47.08   181.69     0.01     0.00    -0.00   0.021   87
   174.90    46.10   181.69     0.01     0.00    -0.00   0.020   88
   173.92    46.10   181.69     0.01     0.00    -0.00   0.021   89
   171.97    47.08   182.71     0.01     0.00    -0.00   0.020   90
   171.97    47.08   181.69     0.01     0.00    -0.00   0.020   91
   172.95    47.08   182.71     0.01     0.00    -0.00   0.021   92
   172.95    47.08   181.69     0.01     0.00    -0.00   0.020   93
   173.92    46.10   181.69     0.01     0.00    -0.00   0.021   94
   173.92    47.08   181.69     0.01     0.00    -0.00   0.020   95
   172.95    46.10   181.69     0.01     0.00    -0.00   0.021   96
   173.92    46.10   182.71     0.01     0.00    -0.00   0.020   97
   173.92    47.08   180.68     0.01     0.00    -0.00   0.021   98
   173.92    48.06   183.73     0.01     0.00    -0.00   0.020   99
   171.97    48.06   182.71     0.01     0.00    -0.00   0.021  100
   174.90    47.08   181.69     0.01     0.00    -0.00   0.020  101
   173.92    46.10   181.69     0.01     0.00    -0.00   0.021  102
   173.92    46.10   181.69     0.01     0.00    -0.00   0.020  103
   173.92    47.08   179.66     0.01     0.00    -0.00   0.021  104
   173.92    47.08   180.68     0.01     0.00    -0.00   0.020  105
   173.92    46.10   180.68     0.01     0.00    -0.00   0.021  106
   172.95    48.06   181.69     0.01     0.00    -0.00   0.020  107
   172.95    46.10   181.69     0.01     0.00    -0.00   0.021  108
   173.92    46.10   181.69     0.01     0.00    -0.00   0.020  109
   172.95    47.08   181.69     0.01     0.00    -0.00   0.021  110
   173.92    47.08   181.69     0.01     0.00    -0.00   0.020  111
   173.92    46.10   181.69     0.01     0.00    -0.00   0.021  112
   173.92    46.10   181.69     0.01     0.00    -0.00   0.020  113
   172.95    46.10   182.71     0.01     0.00    -0.00   0.021  114
   171.97    47.08   181.69     0.01     0.00    -0.00   0.020  115
   172.95    48.06   182.71     0.01     0.00    -0.00   0.020  116
   174.90    46.10   180.68     0.01     0.00    -0.00   0.021  117
   173.92    47.08   181.69     0.01     0.00    -0.00   0.020  118
   173.92    46.10   180.68     0.01     0.00    -0.00   0.021  119
   173.92    46.10   181.69     0.01     0.00    -0.00   0.020  120
   172.95    46.10   181.69     0.01     0.00    -0.00   0.021  121
   173.92    47.08   181.69     0.01     0.00    -0.00   0.020  122
   172.95    46.10   182.71     0.01     0.00    -0.00   0.021  123
   172.95    47.08   181.69     0.01     0.00    -0.00   0.020  124
   172.95    48.06   181.69     0.01     0.00    -0.00   0.021  125
   173.92    47.08   181.69     0.01     0.00    -0.00   0.020  126
   171.97    47.08   179.66     0.01     0.00    -0.00   0.021  127
   172.95    46.10   180.68     0.01     0.00    -0.00   0.020  128
   173.92    47.08   180.68     0.01     0.00    -0.00   0.021  129
   173.92    47.08   180.68     0.01     0.00    -0.00   0.020  130
   172.95    47.08   181.69     0.01     0.00    -0.00   0.021  131
   172.95    46.10   181.69     0.01     0.00    -0.00   0.020  132
   172.95    47.08   181.69     0.01     0.00    -0.00   0.021  133
   173.92    46.10   182.71     0.01     0.00    -0.00   0.020  134
   172.95    47.08   181.69     0.01     0.00    -0.00   0.021  135
   173.92    46.10   180.68     0.01     0.00    -0.00   0.020  136
   172.95    46.10   181.69     0.01     0.00    -0.00   0.021  137
   173.92    48.06   182.71     0.01     0.00    -0.00   0.020  138
   172.95    45.12   181.69     0.01     0.00    -0.00   0.021  139
   174.90    45.12   181.69     0.01     0.00    -0.00   0.020  140
   172.95    46.10   180.68     0.01     0.00    -0.00   0.020  141
   173.92    47.08   181.69     0.01     0.00    -0.00   0.021  142
   172.95    47.08   181.69     0.01     0.00    -0.00   0.020  143
   174.90    46.10   180.68     0.01     0.00    -0.00   0.021  144
   173.92    46.10   181.69     0.01     0.00    -0.00   0.020  145
   172.95    48.06   180.68     0.01     0.00    -0.00   0.021  146
   173.92    46.10   182.71     0.01     0.00    -0.01   0.020  147
   171.97    47.08   180.68     0.01     0.00    -0.00   0.021  148
   173.92    46.10   180.68     0.01     0.00    -0.00   0.020  149
   173.92    47.08   180.68     0.01     0.00    -0.00   0.021  150
   173.92    47.08   181.69     0.01     0.00    -0.00   0.020  151
   171.97    46.10   180.68     0.01     0.00    -0.00   0.021  152
   172.95    46.10   181.69     0.01     0.00    -0.00   0.020  153
   171.97    46.10   181.69     0.01     0.00    -0.00   0.021  154
   172.95    47.08   181.69     0.01     0.00    -0.00   0.020  155
   172.95    47.08   182.71     0.01     0.00    -0.00   0.021  156
   172.95    48.06   181.69     0.01     0.00    -0.00   0.020  157
   173.92    46.10   181.69     0.01     0.00    -0.00   0.021  158
   172.95    47.08   180.68     0.01     0.00    -0.00   0.020  159
   173.92    46.10   181.69     0.01     0.00    -0.00   0.021  160
   172.95    47.08   180.68     0.01     0.00    -0.00   0.020  161
   172.95    47.08   179.66     0.01     0.00    -0.00   0.021  162
   172.95    46.10   180.68     0.01     0.00    -0.00   0.020  163
   172.95    47.08   180.68     0.01     0.00    -0.00   0.021  164
   171.97    47.08   182.71     0.01     0.00    -0.00   0.020  165
   173.92    47.08   182.71     0.01     0.00    -0.00   0.020  166
   173.92    46.10   181.69     0.01     0.00    -0.00   0.021  167
   173.92    45.12   182.71     0.01     0.00    -0.00   0.020  168
   173.92    47.08   181.69     0.01     0.00    -0.00   0.021  169
   173.92    46.10   181.69     0.01     0.00    -0.00   0.020  170
   172.95    47.08   180.68     0.01     0.00    -0.00   0.021  171
   173.92    47.08   181.69     0.01     0.00    -0.00   0.020  172
   173.92    46.10   180.68     0.01     0.00    -0.00   0.021  173
   172.95    47.08   181.69     0.01     0.00    -0.00   0.020  174
   172.95    46.10   181.69     0.01     0.00    -0.00   0.021  175
   172.95    47.08   181.69     0.01     0.00    -0.00   0.020  176
   173.92    47.08   180.68     0.01     0.00    -0.00   0.021  177
   172.95    48.06   182.71     0.01     0.00    -0.00   0.020  178
   173.92    47.08   180.68     0.01     0.00    -0.00   0.021  179
   172.95    47.08   180.68     0.01     0.00    -0.00   0.020  180
   172.95    46.10   181.69     0.01     0.00    -0.00   0.021  181
   172.95    46.10   181.69     0.01     0.00    -0.00   0.020  182
   171.97    46.10   180.68     0.01     0.00    -0.00   0.021  183
   172.95    47.08   181.69     0.01     0.00    -0.00   0.020  184
   172.95    47.08   181.69     0.01     0.00    -0.00   0.021  185
   174.90    47.08   180.68     0.01     0.00    -0.00   0.020  186
   173.92    46.10   180.68     0.01     0.00    -0.00   0.021  187
   172.95    47.08   181.69     0.01     0.00    -0.00   0.020  188
   172.95    47.08   181.69     0.01     0.00    -0.00   0.021  189
   173.92    46.10   181.69     0.01     0.00    -0.00   0.020  190
   173.92    46.10   181.69     0.01     0.00    -0.00   0.020  191
   173.92    47.08   182.71     0.01     0.00    -0.00   0.021  192
   172.95    46.10   180.68     0.01     0.00    -0.00   0.020  193
   172.95    48.06   180.68     0.01     0.00    -0.00   0.021  194
   173.92    46.10   181.69     0.01     0.00    -0.00   0.020  195
   173.92    47.08   182.71     0.01     0.00    -0.00   0.021  196
   172.95    46.10   182.71     0.01     0.00    -0.00   0.020  197
   173.92    47.08   182.71     0.01     0.00    -0.00   0.021  198
   174.90    48.06   183.73     0.01     0.00    -0.00   0.020  199
   172.95    47.08   179.66     0.01     0.00    -0.00   0.021  200
   173.92    47.08   182.71     0.01     0.00    -0.00   0.020  201
   173.92    46.10   180.68     0.01     0.00    -0.00   0.021  202
   173.92    46.10   180.68     0.01     0.00    -0.00   0.020  203
   173.92    47.08   180.68     0.01     0.00    -0.00   0.021  204
   172.95    47.08   181.69     0.01     0.00    -0.00   0.020  205
   173.92    46.10   180.68     0.01     0.00    -0.00   0.021  206
   173.92    46.10   181.69     0.01     0.00    -0.00   0.020  207
   173.92    46.10   181.69     0.01     0.00    -0.00   0.021  208
   173.92    47.08   181.69     0.01     0.00    -0.00   0.020  209
   173.92    47.08   181.69     0.01     0.00    -0.00   0.021  210
   171.97    47.08   182.71     0.01     0.00    -0.00   0.020  211
   173.92    46.10   181.69     0.01     0.00    -0.00   0.021  212
   173.92    46.10   182.71     0.01     0.00    -0.00   0.020  213
   172.95    46.10   181.69     0.01     0.00    -0.00   0.021  214
   173.92    47.08   181.69     0.01     0.00    -0.00   0.020  215
   172.95    47.08   181.69     0.01     0.00    -0.00   0.020  216
   172.95    47.08   180.68     0.01     0.00    -0.00   0.021  217
   171.97    48.06   180.68     0.01     0.00    -0.00   0.020  218
   172.95    47.08   180.68     0.01     0.00    -0.00   0.021  219
   172.95    45.12   180.68     0.01     0.00    -0.00   0.020  220
   173.92    47.08   180.68     0.01     0.00    -0.00   0.021  221
   173.92    46.10   181.69     0.01     0.00    -0.00   0.020  222
   172.95    47.08   181.69     0.01     0.00    -0.00   0.021  223
   173.92    47.08   182.71     0.01     0.00    -0.00   0.020  224
   173.92    46.10   181.69     0.01     0.00    -0.00   0.021  225
   172.95    45.12   180.68     0.01     0.00    -0.00   0.020  226
   171.97    48.06   181.69     0.01     0.00    -0.00   0.021  227
   173.92    46.10   181.69     0.01     0.00    -0.00   0.020  228
   172.95    47.08   181.69     0.01     0.00    -0.00   0.021  229
   172.95    46.10   181.69     0.01     0.00    -0.00   0.020  230
   172.95    46.10   182.71     0.01     0.00    -0.00   0.021  231
   172.95    46.10   180.68     0.01     0.00    -0.00   0.020  232
   172.95    47.08   181.69     0.01     0.00    -0.00   0.021  233
   171.97    46.10   179.66     0.01     0.00    -0.00   0.020  234
   174.90    46.10   181.69     0.01     0.00    -0.00   0.021  235
   172.95    46.10   181.69     0.01     0.00    -0.00   0.020  236
   172.95    46.10   181.69     0.01     0.00    -0.00   0.021  237
   173.92    45.12   181.69     0.01     0.00    -0.00   0.020  238
   173.92    46.10   180.68     0.01     0.00    -0.00   0.021  239
   172.95    47.08   181.69     0.01     0.00    -0.00   0.020  240
   173.92    46.10   181.69     0.01     0.00    -0.00   0.020  241
   173.92    45.12   181.69     0.01     0.00    -0.00   0.021  242
   173.92    46.10   182.71     0.01     0.00    -0.00   0.020  243
   173.92    45.12   181.69     0.01     0.00    -0.00   0.021  244
   172.95    46.10   181.69     0.01     0.00    -0.00   0.020  245
   173.92    46.10   182.71     0.01     0.00    -0.00   0.021  246
   173.92    46.10   181.69     0.01     0.00    -0.00   0.020  247
   172.95    47.08   180.68     0.01     0.00    -0.01   0.021  248
   172.95    47.08   181.69     0.01     0.00    -0.00   0.020  249
   171.97    47.08   180.68     0.01     0.00    -0.00   0.021  250
   172.95    47.08   181.69     0.01     0.00    -0.00   0.020  251
   172.95    45.12   180.68     0.01     0.01    -0.00   0.021  252
   174.90    47.08   181.69     0.01     0.00    -0.00   0.020  253
   172.95    47.08   181.69     0.01     0.00    -0.00   0.021  254
   172.95    47.08   182.71     0.01     0.00    -0.00   0.020  255
   173.92    45.12   181.69     0.01     0.00    -0.00   0.021    0
   171.97    47.08   180.68     0.01     0.00    -0.00   0.020    1
   172.95    46.10   180.68     0.01     0.00    -0.00   0.021    2
   173.92    47.08   179.66     0.01     0.00    -0.00   0.020    3
   173.92    45.12   182.71     0.01     0.00    -0.00   0.021    4
   174.90    46.10   180.68     0.01     0.00    -0.00   0.020    5
   172.95    47.08   180.68     0.01     0.00    -0.00   0.021    6
   173.92    47.08   182.71     0.01     0.00    -0.00   0.020    7
   173.92    46.10   180.68     0.01     0.00    -0.00   0.021    8
   173.92    46.10   181.69     0.01     0.00    -0.00   0.020    9
   171.97    47.08   182.71     0.01     0.00    -0.00   0.020   10
   171.97    47.08   181.69     0.01     0.00    -0.00   0.021   11
   172.95    46.10   183.73     0.01     0.00    -0.00   0.020   12
   172.95    47.08   181.69     0.01     0.00    -0.00   0.021   13
   172.95    45.12   181.69     0.01     0.00    -0.00   0.020   14
   172.95    47.08   180.68     0.01     0.00    -0.00   0.021   15
   173.92    46.10   181.69     0.01     0.00    -0.00   0.020   16
   172.95    47.08   182.71     0.01     0.00    -0.00   0.021   17
   173.92    46.10   180.68     0.01     0.00    -0.00   0.020   18
   172.95    47.08   181.69     0.01     0.00    -0.00   0.021   19
   172.95    46.10   181.69     0.01     0.00    -0.00   0.020   20
   172.95    47.08   180.68     0.01     0.00    -0.00   0.021   21
   173.92    47.08   180.68     0.01     0.00    -0.00   0.020   22
   172.95    46.10   180.68     0.01     0.00    -0.00   0.021   23
   171.97    47.08   180.68     0.01     0.00    -0.00   0.020   24
   171.97    46.10   180.68     0.01     0.00    -0.00   0.021   25
   172.95    46.10   181.69     0.01     0.00    -0.00   0.020   26
   172.95    47.08   181.69     0.01     0.00    -0.00   0.021   27
   172.95    46.10   180.68     0.01     0.00    -0.00   0.020   28
   173.92    46.10   180.68     0.01     0.00    -0.00   0.021   29
   172.95    46.10   181.69     0.01     0.00    -0.00   0.020   30
   173.92    46.10   181.69     0.01     0.00    -0.00   0.021   31
   172.95    46.10   182.71     0.01     0.00    -0.00   0.020   32
   172.95    47.08   181.69     0.01     0.00    -0.00   0.021   33
   172.95    47.08   181.69     0.01     0.00    -0.00   0.020   34
   173.92    46.10   180.68     0.01     0.00    -0.00   0.020   35
   173.92    45.12   180.68     0.01     0.00    -0.00   0.021   36
   173.92    47.08   180.68     0.01     0.00    -0.00   0.020   37
   173.92    46.10   182.71     0.01     0.00    -0.00   0.021   38
   172.95    47.08   181.69     0.01     0.00    -0.00   0.020   39
   173.92    46.10   180.68     0.01     0.00    -0.00   0.021   40
   172.95    46.10   180.68     0.01     0.00    -0.00   0.020   41
   173.92    46.10   181.69     0.01     0.00    -0.00   0.021   42
   173.92    46.10   181.69     0.01     0.00    -0.00   0.020   43
   173.92    47.08   182.71     0.01     0.00    -0.00   0.021   44
   173.92    46.10   181.69     0.01     0.00    -0.00   0.020   45
   173.92    46.10   182.71     0.01     0.00    -0.00   0.021   46
   172.95    47.08   181.69     0.01     0.00    -0.00   0.020   47
   172.95    47.08   181.69     0.01     0.00    -0.00   0.021   48
   172.95    47.08   182.71     0.01     0.00    -0.00   0.020   49
   172.95    47.08   180.68     0.01     0.00    -0.00   0.021   50
   173.92    47.08   182.71     0.01     0.00    -0.00   0.020   51
   173.92    47.08   181.69     0.01     0.00    -0.00   0.021   52
   172.95    46.10   181.69     0.01     0.00    -0.00   0.020   53
   172.95    46.10   180.68     0.01     0.00    -0.00   0.021   54
   172.95    46.10   181.69     0.01     0.00    -0.00   0.020   55
   172.95    46.10   180.68     0.01     0.00    -0.00   0.021   56
   171.97    46.10   181.69     0.01     0.00    -0.00   0.020   57
   172.95    47.08   182.71     0.01     0.00    -0.00   0.021   58
   172.95    47.08   181.69     0.01     0.00    -0.00   0.020   59
   172.95    47.08   180.68     0.01     0.00    -0.00   0.020   60
   173.92    47.08   181.69     0.01     0.00    -0.00   0.021   61
   172.95    47.08   180.68     0.01     0.00    -0.00   0.020   62
   171.97    47.08   181.69     0.01     0.00    -0.00   0.021   63
   173.92    46.10   181.69     0.01     0.00    -0.00   0.020   64
   173.92    47.08   181.69     0.01     0.00    -0.00   0.021   65
   172.95    46.10   181.69     0.01     0.00    -0.00   0.020   66
   172.95    47.08   180.68     0.01     0.00    -0.00   0.021   67
   172.95    46.10   181.69     0.01     0.00    -0.00   0.020   68
   172.95    47.08   181.69     0.01     0.00    -0.00   0.021   69
   171.97    47.08   181.69     0.01     0.00    -0.00   0.020   70
   172.95    46.10   180.68     0.01     0.00    -0.00   0.021   71
   173.92    47.08   182.71     0.01     0.00    -0.00   0.020   72
   172.95    47.08   181.69     0.01     0.00    -0.00   0.021   73
   171.97    47.08   181.69     0.01     0.00    -0.00   0.020   74
   173.92    46.10   180.68     0.01     0.00    -0.00   0.021   75
   172.95    49.04   181.69     0.01     0.00    -0.00   0.020   76
   173.92    47.08   181.69     0.00     0.00    -0.00   0.021   77
   172.95    46.10   180.68     0.01     0.00    -0.00   0.020   78
   172.95    49.04   181.69     0.01     0.00    -0.00   0.021   79
   172.95    46.10   181.69     0.01     0.00    -0.00   0.020   80
   172.95    48.06   183.73     0.01     0.00    -0.00   0.021   81
   173.92    47.08   182.71     0.01     0.00    -0.00   0.020   82
   171.97    47.08   181.69     0.01     0.00    -0.00   0.021   83
   173.92    46.10   180.68     0.01     0.00    -0.00   0.020   84
   172.95    47.08   182.71     0.01     0.00    -0.00   0.020   85
   173.92    45.12   181.69     0.01     0.00    -0.00   0.021   86
   171.97    47.08   181.69     0.01     0.00    -0.00   0.020   87
   173.92    46.10   181.69     0.01     0.00    -0.00   0.021   88
   173.92    46.10   181.69     0.01     0.00    -0.00   0.020   89
   173.92    47.08   181.69     0.01     0.00    -0.00   0.021   90
   172.95    47.08   182.71     0.01     0.00    -0.00   0.020   91
   172.95    46.10   182.71     0.01     0.00    -0.00   0.021   92
   172.95    46.10   179.66     0.01     0.00    -0.00   0.020   93
   172.95    47.08   182.71     0.01     0.00    -0.00   0.021   94
   172.95    45.12   180.68     0.01     0.00    -0.00   0.020   95
   172.95    46.10   182.71     0.01     0.00    -0.00   0.021   96
   172.95    46.10   181.69     0.01     0.00    -0.00   0.020   97
   172.95    47.08   181.69     0.01     0.00    -0.00   0.021   98
   173.92    46.10   182.71     0.01     0.00    -0.00   0.020   99
   172.95    47.08   180.68     0.01     0.00    -0.00   0.021  100
   172.95    47.08   180.68     0.01     0.00    -0.00   0.020  101
   171.97    46.10   180.68     0.01     0.00    -0.00   0.021  102
   172.95    48.06   181.69     0.01     0.00    -0.00   0.020  103
   172.95    46.10   181.69     0.01     0.00    -0.00   0.021  104
   172.95    47.08   180.68     0.01     0.00    -0.00   0.020  105
   172.95    47.08   181.69     0.01     0.00    -0.00   0.021  106
   172.95    47.08   180.68     0.01     0.00    -0.00   0.020  107
   172.95    47.08   180.68     0.01     0.00    -0.00   0.021  108
   173.92    45.12   180.68     0.01     0.00    -0.00   0.020  109
   172.95    47.08   181.69     0.01     0.00    -0.00   0.020  110
   172.95    47.08   181.69     0.01     0.01    -0.00   0.021  111
   172.95    47.08   181.69     0.01     0.00    -0.00   0.020  112
   173.92    46.10   181.69     0.01     0.00    -0.00   0.021  113
   173.92    45.12   180.68     0.01     0.00    -0.00   0.020  114
   171.97    47.08   181.69     0.01     0.00    -0.00   0.021  115
   172.95    46.10   182.71     0.01     0.00    -0.00   0.020  116
   172.95    46.10   182.71     0.01     0.00    -0.00   0.021  117
   171.97    46.10   180.68     0.01     0.00    -0.00   0.020  118
   173.92    46.10   181.69     0.01     0.00    -0.00   0.021  119
   172.95    47.08   180.68     0.01     0.00    -0.00   0.020  120
   172.95    46.10   182.71     0.01     0.00    -0.00   0.021  121
   172.95    46.10   180.68     0.01     0.00    -0.00   0.020  122
   172.95    47.08   181.69     0.01     0.00    -0.00   0.021  123
   172.95    47.08   181.69     0.01     0.00    -0.00   0.020  124
   173.92    46.10   181.69     0.01     0.00    -0.00   0.021  125
   173.92    47.08   180.68     0.01     0.00    -0.00   0.020  126
   172.95    47.08   181.69     0.01     0.00    -0.00   0.021  127
   172.95    47.08   180.68     0.01     0.00    -0.00   0.020  128
   171.97    47.08   180.68     0.01     0.00    -0.00   0.021  129
   172.95    47.08   182.71     0.01     0.00    -0.00   0.020  130
   171.97    47.08   181.69     0.01     0.00    -0.00   0.021  131
   171.97    46.10   182.71     0.01     0.00    -0.00   0.020  132
   172.95    47.08   181.69     0.01     0.00    -0.00   0.021  133
   173.92    46.10   181.69     0.01     0.00    -0.00   0.020  134
   172.95    46.10   182.71     0.01     0.00    -0.00   0.020  135
   172.95    46.10   181.69     0.01     0.00    -0.00   0.021  136
   173.92    46.10   182.71     0.01     0.00    -0.00   0.020  137
   171.97    47.08   181.69     0.01     0.00    -0.00   0.021  138
   173.92    47.08   181.69     0.01     0.00    -0.00   0.020  139
   173.92    46.10   181.69     0.01     0.00    -0.00   0.021  140
   172.95    47.08   182.71     0.01     0.00    -0.00   0.020  141
   171.97    46.10   180.68     0.01     0.00    -0.00   0.021  142
   171.97    46.10   180.68     0.01     0.00    -0.00   0.020  143
   172.95    46.10   179.66     0.01     0.00    -0.00   0.021  144
   173.92    47.08   180.68     0.01     0.00    -0.00   0.020  145
   172.95    46.10   181.69     0.01     0.00    -0.00   0.021  146
   172.95    47.08   182.71     0.01     0.00    -0.00   0.020  147
   172.95    46.10   180.68     0.01     0.00    -0.00   0.021  148
   172.95    47.08   180.68     0.01     0.00    -0.00   0.020  149
   172.95    47.08   182.71     0.01     0.00    -0.00   0.021  150
   172.95    47.08   181.69     0.01     0.00    -0.00   0.020  151
   172.95    47.08   181.69     0.01     0.00    -0.00   0.021  152
   172.95    46.10   181.69     0.01     0.00    -0.00   0.020  153
   172.95    47.08   181.69     0.01     0.00    -0.00   0.021  154
   172.95    46.10   181.69     0.01     0.00    -0.00   0.020  155
   171.97    46.10   180.68     0.01     0.00    -0.00   0.021  156
   173.92    46.10   181.69     0.01     0.00    -0.00   0.020  157
   172.95    47.08   181.69     0.01     0.00    -0.00   0.021  158
   173.92    47.08   180.68     0.01     0.00    -0.00   0.020  159
   173.92    45.12   181.69     0.01     0.00    -0.00   0.020  160
   172.95    47.08   180.68     0.01     0.00    -0.00   0.021  161
   172.95    47.08   181.69     0.01     0.00    -0.00   0.020  162
   172.95    47.08   181.69     0.01     0.00    -0.00   0.021  163
   172.95    46.10   181.69     0.01     0.00    -0.00   0.020  164
   172.95    47.08   182.71     0.01     0.00    -0.00   0.021  165
   174.90    46.10   181.69     0.01     0.00    -0.00   0.020  166
   172.95    46.10   183.73     0.01     0.00    -0.00   0.021  167
   173.92    47.08   181.69     0.01     0.00    -0.00   0.020  168
   172.95    46.10   181.69     0.01     0.00    -0.00   0.021  169
   172.95    46.10   181.69     0.01     0.00    -0.00   0.020  170
   172.95    45.12   179.66     0.01     0.00    -0.00   0.021  171
   172.95    46.10   180.68     0.01     0.00    -0.00   0.020  172
   171.97    46.10   182.71     0.01     0.00    -0.00   0.021  173
   172.95    46.10   181.69     0.01     0.00    -0.00   0.020  174
   173.92    46.10   181.69     0.01     0.00    -0.00   0.021  175
   171.97    48.06   180.68     0.01     0.00    -0.00   0.020  176
   173.92    46.10   180.68     0.01     0.00    -0.00   0.021  177
   173.92    46.10   180.68     0.01     0.00    -0.00   0.020  178
   171.97    47.08   180.68     0.01     0.00    -0.00   0.021  179
   173.92    47.08   181.69     0.01     0.00    -0.00   0.020  180
   173.92    47.08   180.68     0.01     0.00    -0.00   0.021  181
   174.90    47.08   181.69     0.01     0.00    -0.00   0.020  182
   174.90    46.10   182.71     0.01     0.00    -0.00   0.021  183
   174.90    46.10   179.66     0.01     0.00    -0.00   0.020  184
   171.97    47.08   180.68     0.01     0.00    -0.00   0.020  185
   173.92    47.08   182.71     0.01     0.00    -0.00   0.021  186
   172.95    47.08   182.71     0.01     0.00    -0.01   0.020  187
   172.95    47.08   182.71     0.01     0.00    -0.00   0.021  188
   172.95    47.08   182.71     0.01     0.00    -0.00   0.020  189
   173.92    46.10   182.71     0.01     0.00    -0.00   0.021  190
   172.95    48.06   182.71     0.01     0.00    -0.00   0.020  191
   172.95    46.10   179.66     0.01     0.00    -0.00   0.021  192
   172.95    47.08   181.69     0.01     0.00    -0.00   0.020  193
   172.95    46.10   180.68     0.01     0.00    -0.00   0.021  194
   172.95    46.10   180.68     0.01     0.00    -0.00   0.020  195
   171.97    47.08   181.69     0.01     0.00    -0.00   0.021  196
   172.95    46.10   181.69     0.01     0.00    -0.00   0.020  197
   173.92    46.10   180.68     0.01     0.00    -0.00   0.021  198
   172.95    46.10   181.69     0.01     0.00    -0.00   0.020  199
   171.97    47.08   180.68     0.01     0.00    -0.00   0.021  200
   174.90    46.10   181.69     0.01     0.00    -0.00   0.020  201
   172.95    47.08   181.69     0.01     0.00    -0.00   0.021  202
   173.92    47.08   180.68     0.01     0.00    -0.00   0.020  203
   173.92    46.10   182.71     0.01     0.00    -0.00   0.021  204
   172.95    47.08   182.71     0.01     0.00    -0.00   0.020  205
   172.95    44.14   181.69     0.01     0.00    -0.00   0.021  206
   173.92    47.08   182.71     0.00     0.00    -0.00   0.020  207
   173.92    46.10   183.73     0.01     0.00    -0.00   0.021  208
   172.95    47.08   181.69     0.01     0.00     0.00   0.020  209
   172.95    47.08   182.71     0.01     0.00    -0.00   0.020  210
   173.92    46.10   181.69     0.01     0.00    -0.00   0.021  211
   172.95    46.10   180.68     0.01     0.00    -0.00   0.020  212
   173.92    45.12   181.69     0.01     0.00    -0.00   0.021  213
   173.92    47.08   181.69     0.01     0.00    -0.00   0.020  214
   174.90    46.10   181.69     0.01     0.00    -0.00   0.021  215
   172.95    47.08   182.71     0.01     0.00    -0.00   0.020  216
   171.97    46.10   180.68     0.01     0.00    -0.00   0.021  217
   173.92    47.08   181.69     0.01     0.00    -0.00   0.020  218
   172.95    47.08   182.71     0.01     0.00    -0.00   0.021  219
   172.95    48.06   181.69     0.01     0.00    -0.00   0.020  220
   172.95    46.10   180.68     0.01     0.00    -0.00   0.021  221
   172.95    47.08   181.69     0.01     0.00    -0.00   0.020  222
   172.95    47.08   181.69     0.01     0.00    -0.00   0.021  223
   172.95    47.08   181.69     0.01     0.00    -0.00   0.020  224
   171.97    47.08   181.69     0.01     0.00    -0.00   0.021  225
   172.95    46.10   180.68     0.01     0.00    -0.00   0.020  226
   173.92    46.10   181.69     0.01     0.00    -0.00   0.021  227
   172.95    47.08   182.71     0.01     0.00    -0.00   0.020  228
   173.92    47.08   181.69     0.01     0.00    -0.00   0.021  229
   173.92    48.06   182.71     0.01     0.00    -0.00   0.020  230
   172.95    47.08   181.69     0.01     0.00    -0.00   0.021  231
   173.92    48.06   180.68     0.01     0.00    -0.00   0.020  232
   174.90    47.08   182.71     0.01     0.00    -0.00   0.021  233
   172.95    47.08   181.69     0.01     0.00    -0.00   0.020  234
   173.92    47.08   181.69     0.01     0.00    -0.00   0.020  235
   173.92    46.10   182.71     0.01     0.00    -0.00   0.021  236
   173.92    46.10   180.68     0.01     0.00    -0.01   0.020  237
   172.95    46.10   180.68     0.01     0.00    -0.00   0.021  238
   172.95    46.10   182.71     0.01     0.00    -0.00   0.020  239
   173.92    46.10   182.71     0.01     0.00    -0.00   0.021  240
   173.92    45.12   181.69     0.01     0.00    -0.00   0.020  241
   174.90    46.10   183.73     0.01     0.00    -0.00   0.021  242
   173.92    47.08   181.69     0.01     0.00    -0.00   0.020  243
   172.95    47.08   180.68     0.01     0.00    -0.00   0.021  244
   172.95    48.06   181.69     0.01     0.00    -0.00   0.020  245
   172.95    48.06   182.71     0.01     0.00    -0.00   0.021  246
   172.95    46.10   181.69     0.01     0.00    -0.00   0.020  247
   173.92    47.08   181.69     0.01     0.00    -0.00   0.021  248
   173.92    45.12   182.71     0.01     0.00    -0.00   0.020  249
   171.97    46.10   180.68     0.01     0.00    -0.00   0.021  250
   172.95    46.10   181.69     0.01     0.00    -0.00   0.020  251
   173.92    46.10   181.69     0.01     0.00    -0.00   0.021  252
   173.92    46.10   180.68     0.01     0.00    -0.00   0.020  253
   173.92    46.10   181.69     0.01     0.00    -0.00   0.021  254
   173.92    46.10   181.69     0.01     0.00    -0.00   0.020  255
   173.92    46.10   181.69     0.01     0.00    -0.00   0.021    0
   172.95    47.08   182.71     0.01     0.00    -0.00   0.020    1
   173.92    46.10   181.69     0.01     0.00    -0.00   0.021    2
   172.95    45.12   181.69     0.01     0.00    -0.01   0.020    3
   172.95    47.08   181.69     0.01     0.00    -0.01   0.020    4
   173.92    47.08   181.69     0.01     0.00    -0.00   0.021    5
   172.95    47.08   181.69     0.01     0.00    -0.00   0.020    6
   172.95    48.06   180.68     0.01     0.00    -0.00   0.021    7
   173.92    47.08   181.69     0.01     0.00    -0.00   0.020    8
   172.95    47.08   180.68     0.01     0.00    -0.00   0.021    9
   172.95    47.08   181.69     0.01     0.00    -0.00   0.020   10
   171.97    47.08   182.71     0.01     0.00    -0.00   0.021   11
   172.95    45.12   182.71     0.01     0.00    -0.00   0.020   12
   172.95    46.10   182.71     0.01     0.00    -0.00   0.021   13
   173.92    46.10   181.69     0.01     0.00    -0.00   0.020   14
   173.92    46.10   181.69     0.01     0.00    -0.00   0.021   15
   172.95    46.10   181.69     0.01     0.00    -0.00   0.020   16
   173.92    45.12   180.68     0.01     0.00    -0.00   0.021   17
   172.95    46.10   182.71     0.01     0.00    -0.00   0.020   18
   173.92    47.08   182.71     0.01     0.00    -0.01   0.021   19
   172.95    47.08   181.69     0.01     0.00    -0.01   0.020   20
   173.92    47.08   180.68     0.01     0.00    -0.00   0.021   21
   173.92    46.10   181.69     0.01     0.00    -0.00   0.020   22
   172.95    47.08   181.69     0.01     0.00    -0.00   0.021   23
   172.95    47.08   181.69     0.01     0.00    -0.00   0.020   24
   173.92    46.10   181.69     0.01     0.00    -0.00   0.021   25
   171.97    46.10   180.68     0.01     0.00    -0.00   0.020   26
   173.92    46.10   181.69     0.01     0.00    -0.00   0.021   27
   172.95    46.10   181.69     0.01     0.00    -0.00   0.020   28
   173.92    46.10   182.71     0.01     0.00    -0.00   0.020   29
   172.95    46.10   180.68     0.01     0.00    -0.00   0.021   30
   171.97    46.10   180.68     0.01     0.00    -0.00   0.020   31
   172.95    46.10   180.68     0.01     0.00    -0.00   0.021   32
   172.95    47.08   180.68     0.01     0.00    -0.00   0.020   33
   173.92    46.10   181.69     0.01     0.00    -0.00   0.021   34
   172.95    47.08   181.69     0.01     0.00    -0.00   0.020   35
   173.92    46.10   180.68     0.01     0.00    -0.00   0.021   36
   172.95    46.10   181.69     0.01     0.00    -0.00   0.020   37
   173.92    46.10   182.71     0.01     0.00    -0.00   0.021   38
   172.95    47.08   180.68     0.01     0.00    -0.00   0.020   39
   172.95    47.08   181.69     0.01     0.00    -0.00   0.021   40
   172.95    46.10   182.71     0.01     0.00    -0.01   0.020   41
   173.92    47.08   180.68     0.01     0.00    -0.00   0.021   42
   172.95    47.08   181.69     0.01     0.00    -0.00   0.020   43
   172.95    47.08   180.68     0.01     0.00    -0.00   0.021   44
   172.95    46.10   181.69     0.01     0.00    -0.00   0.020   45
   173.92    46.10   181.69     0.01     0.00    -0.00   0.021   46
   173.92    46.10   180.68     0.01     0.00    -0.00   0.020   47
   171.97    47.08   181.69     0.01     0.00    -0.00   0.021   48
   172.95    47.08   181.69     0.01     0.00    -0.00   0.020   49
   172.95    47.08   181.69     0.01     0.00    -0.00   0.021   50
   172.95    46.10   181.69     0.01     0.00    -0.00   0.020   51
   172.95    47.08   181.69     0.01     0.00    -0.00   0.021   52
   173.92    47.08   180.68     0.01     0.00    -0.00   0.020   53
   172.95    47.08   181.69     0.01     0.00    -0.00   0.020   54
   172.95    47.08   180.68     0.01     0.00    -0.00   0.021   55
   173.92    46.10   181.69     0.01     0.00    -0.00   0.020   56
   171.97    46.10   181.69     0.01     0.00    -0.00   0.021   57
   172.95    46.10   180.68     0.01     0.00    -0.00   0.020   58
   173.92    46.10   182.71     0.01     0.00    -0.00   0.021   59
   171.97    46.10   180.68     0.01     0.00    -0.00   0.020   60
   173.92    46.10   181.69     0.01     0.00    -0.00   0.021   61
   172.95    46.10   180.68     0.01     0.00    -0.00   0.020   62
   172.95    48.06   182.71     0.01     0.00    -0.00   0.021   63
   173.92    46.10   180.68     0.01     0.00    -0.00   0.020   64
   173.92    46.10   181.69     0.01     0.00    -0.00   0.021   65
   172.95    47.08   180.68     0.01     0.00    -0.00   0.020   66
   172.95    47.08   182.71     0.01     0.00    -0.00   0.021   67
   173.92    47.08   181.69     0.01     0.00    -0.00   0.020   68
   172.95    47.08   180.68     0.01     0.00    -0.00   0.021   69
   172.95    47.08   181.69     0.01     0.00    -0.00   0.020   70
   174.90    46.10   181.69     0.01     0.00    -0.00   0.021   71
   172.95    47.08   182.71     0.01     0.00    -0.00   0.020   72
   172.95    48.06   180.68     0.01     0.00    -0.00   0.021   73
   172.95    46.10   181.69     0.01     0.00    -0.00   0.020   74
   172.95    47.08   181.69     0.01     0.00    -0.00   0.021   75
   171.97    48.06   181.69     0.01     0.00    -0.00   0.020   76
   172.95    46.10   180.68     0.01     0.00    -0.00   0.021   77
   172.95    46.10   181.69     0.01     0.00    -0.00   0.020   78
   173.92    46.10   182.71     0.01     0.00    -0.00   0.020   79
   173.92    47.08   181.69     0.01     0.00    -0.00   0.021   80
   172.95    47.08   182.71     0.01     0.00    -0.00   0.020   81
   173.92    46.10   181.69     0.01     0.00    -0.00   0.021   82
   173.92    46.10   181.69     0.01     0.00    -0.00   0.020   83
   173.92    47.08   180.68     0.01     0.00    -0.00   0.021   84
   172.95    46.10   180.68     0.01     0.00    -0.00   0.020   85
   173.92    46.10   182.71     0.01     0.00    -0.00   0.021   86
   172.95    46.10   180.68     0.01     0.00    -0.00   0.020   87
   173.92    47.08   181.69     0.01     0.00    -0.00   0.021   88
   171.97    47.08   181.69     0.01     0.00    -0.00   0.020   89
   173.92    46.10   182.71     0.01     0.00    -0.00   0.021   90
   172.95    47.08   181.69     0.01     0.00    -0.00   0.020   91
   172.95    46.10   182.71     0.01     0.00    -0.00   0.021   92
   171.97    48.06   181.69     0.01     0.00    -0.00   0.020   93
   173.92    46.10   180.68     0.01     0.00    -0.00   0.021   94
   172.95    46.10   182.71     0.01     0.00    -0.00   0.020   95
   174.90    46.10   180.68     0.01     0.00    -0.00   0.021   96
   173.92    47.08   180.68     0.01     0.00    -0.00   0.020   97
   172.95    46.10   181.69     0.01     0.00    -0.00   0.021   98
   172.95    46.10   179.66     0.01     0.00    -0.00   0.020   99
   173.92    47.08   182.71     0.01     0.00    -0.00   0.021  100
   173.92    47.08   181.69     0.01     0.00    -0.00   0.020  101
   174.90    46.10   182.71     0.01     0.00    -0.00   0.021  102
   173.92    46.10   181.69     0.01     0.00    -0.00   0.020  103
   172.95    47.08   180.68     0.01     0.00    -0.00   0.020  104
   173.92    46.10   181.69     0.01     0.00    -0.00   0.021  105
   172.95    46.10   181.69     0.01     0.00    -0.00   0.020  106
   172.95    47.08   181.69     0.01     0.00    -0.00   0.021  107
   172.95    47.08   181.69     0.01     0.00    -0.00   0.020  108
   172.95    46.10   181.69     0.01     0.00    -0.00   0.021  109
   172.95    46.10   181.69     0.01     0.00    -0.00   0.020  110
   173.92    48.06   181.69     0.01     0.00    -0.00   0.021  111
   172.95    48.06   180.68     0.01     0.00    -0.00   0.020  112
   173.92    47.08   181.69     0.01     0.00    -0.00   0.021  113
   172.95    47.08   181.69     0.01     0.00    -0.00   0.020  114
   172.95    47.08   180.68     0.01     0.00    -0.00   0.021  115
   173.92    47.08   180.68     0.01     0.00    -0.00   0.020  116
   171.97    47.08   181.69     0.01     0.00    -0.00   0.021  117
   172.95    47.08   182.71     0.01     0.00    -0.00   0.020  118
   172.95    45.12   181.69     0.01     0.00    -0.00   0.021  119
   173.92    47.08   181.69     0.01     0.00    -0.00   0.020  120
   172.95    46.10   181.69     0.01     0.00    -0.00   0.021  121
   173.92    47.08   181.69     0.01     0.00    -0.00   0.020  122
   171.97    46.10   180.68     0.01     0.00    -0.00   0.021  123
   173.92    47.08   181.69     0.01     0.00    -0.01   0.020  124
   172.95    47.08   181.69     0.01     0.00    -0.00   0.021  125
   173.92    47.08   181.69     0.01     0.00    -0.00   0.020  126
   171.97    47.08   181.69     0.01     0.00    -0.00   0.021  127
   172.95    47.08   181.69     0.01     0.00    -0.00   0.020  128
   173.92    47.08   182.71     0.01     0.00    -0.00   0.020  129
   171.97    47.08   182.71     0.01     0.00    -0.00   0.021  130
   172.95    47.08   182.71     0.01     0.00    -0.00   0.020  131
   172.95    47.08   181.69     0.01     0.00    -0.00   0.021  132
   171.97    47.08   181.69     0.01     0.00    -0.00   0.020  133
   172.95    47.08   182.71     0.01     0.00    -0.00   0.021  134
   171.97    47.08   181.69     0.01     0.00    -0.00   0.020  135
   172.95    46.10   181.69     0.01     0.00    -0.00   0.021  136
   172.95    47.08   180.68     0.01     0.00    -0.00   0.020  137
   171.97    46.10   181.69     0.01     0.00    -0.00   0.021  138
   172.95    46.10   181.69     0.01     0.00    -0.00   0.020  139
   173.92    47.08   181.69     0.01     0.00    -0.00   0.021  140
   171.97    47.08   181.69     0.01     0.00    -0.00   0.020  141
   172.95    47.08   181.69     0.01     0.00    -0.00   0.021  142
   173.92    45.12   181.69     0.01     0.00    -0.00   0.020  143
   173.92    46.10   181.69     0.01     0.00    -0.00   0.021  144
   173.92    46.10   181.69     0.01     0.00    -0.00   0.020  145
   173.92    46.10   182.71     0.01     0.00    -0.00   0.021  146
   171.97    46.10   181.69     0.01     0.00    -0.00   0.020  147
   172.95    45.12   181.69     0.01     0.00    -0.00   0.021  148
   172.95    46.10   182.71     0.01     0.00    -0.00   0.020  149
   171.97    48.06   181.69     0.01     0.00    -0.00   0.021  150
   172.95    45.12   181.69     0.01     0.00    -0.00   0.020  151
   173.92    47.08   179.66     0.01     0.00    -0.00   0.021  152
   173.92    46.10   180.68     0.01     0.00    -0.00   0.020  153
   172.95    46.10   181.69     0.01     0.00    -0.00   0.020  154
   172.95    46.10   181.69     0.01     0.00    -0.00   0.021  155
   172.95    46.10   182.71     0.01     0.00    -0.00   0.020  156
   172.95    46.10   180.68     0.01     0.01    -0.00   0.021  157
   172.95    47.08   181.69     0.01     0.00    -0.00   0.020  158
   172.95    46.10   182.71     0.01     0.00    -0.00   0.021  159
   172.95    46.10   181.69     0.01     0.00    -0.00   0.020  160
   172.95    46.10   180.68     0.01     0.00    -0.00   0.021  161
   172.95    46.10   181.69     0.01     0.00    -0.00   0.020  162
   172.95    47.08   181.69     0.01     0.00    -0.00   0.021  163
   172.95    46.10   181.69     0.01     0.00    -0.00   0.020  164
   172.95    47.08   182.71     0.01     0.00    -0.00   0.021  165
   172.95    47.08   182.71     0.01     0.00    -0.00   0.020  166
   172.95    47.08   180.68     0.01     0.00    -0.00   0.021  167
   172.95    46.10   180.68     0.01     0.00    -0.00   0.020  168
   173.92    46.10   181.69     0.01     0.00    -0.00   0.021  169
   172.95    46.10   181.69     0.01     0.00    -0.00   0.020  170
   173.92    47.08   181.69     0.01     0.00    -0.00   0.021  171
   173.92    47.08   181.69     0.01     0.00    -0.00   0.020  172
   172.95    46.10   181.69     0.01     0.00    -0.00   0.021  173
   171.97    46.10   180.68     0.01     0.00    -0.00   0.020  174
   172.95    45.12   181.69     0.01     0.00    -0.00   0.021  175
   172.95    47.08   181.69     0.01     0.00    -0.00   0.020  176
   172.95    46.10   181.69     0.01     0.00    -0.00   0.021  177
   172.95    47.08   181.69     0.01     0.00    -0.00   0.020  178
   173.92    46.10   180.68     0.01     0.00    -0.00   0.020  179
   173.92    46.10   180.68     0.01     0.00    -0.00   0.021  180
   173.92    47.08   180.68     0.01     0.00    -0.00   0.020  181
   173.92    46.10   181.69     0.01     0.00    -0.00   0.021  182
   172.95    46.10   182.71     0.01     0.00    -0.00   0.020  183
   172.95    47.08   181.69     0.01     0.00    -0.00   0.021  184
   172.95    46.10   180.68     0.01     0.00    -0.00   0.020  185
   171.97    47.08   180.68     0.01     0.00    -0.00   0.021  186
   172.95    47.08   181.69     0.01     0.00    -0.00   0.020  187
   171.97    47.08   181.69     0.01     0.00    -0.00   0.021  188
   172.95    47.08   181.69     0.01     0.00    -0.00   0.020  189
   172.95    47.08   182.71     0.01     0.00    -0.00   0.021  190
   172.95    47.08   180.68     0.01     0.00    -0.00   0.020  191
   172.95    47.08   180.68     0.01     0.00    -0.00   0.021  192
   172.95    47.08   181.69     0.01     0.00    -0.00   0.020  193
   172.95    47.08   183.73     0.01     0.00    -0.00   0.021  194
   173.92    46.10   181.69     0.01     0.00    -0.00   0.020  195
   172.95    46.10   181.69     0.01     0.00    -0.00   0.021  196
   172.95    45.12   181.69     0.01     0.00    -0.00   0.020  197
   171.97    46.10   180.68     0.01     0.00    -0.00   0.021  198
   172.95    47.08   181.69     0.01     0.00    -0.00   0.020  199
   173.92    46.10   180.68     0.01     0.00    -0.00   0.021  200
   172.95    46.10   182.71     0.01     0.00    -0.00   0.020  201
   172.95    47.08   181.69     0.01     0.00    -0.00   0.021  202
   171.97    47.08   180.68     0.01     0.00    -0.00   0.020  203
   172.95    46.10   179.66     0.01     0.00    -0.00   0.020  204
   173.92    45.12   181.69     0.01     0.00    -0.00   0.021  205
   172.95    47.08   181.69     0.01     0.00    -0.00   0.020  206
   172.95    47.08   180.68     0.01     0.00    -0.00   0.021  207
   172.95    47.08   180.68     0.01     0.00    -0.00   0.020  208
   172.95    47.08   181.69     0.01     0.00    -0.00   0.021  209
   173.92    47.08   183.73     0.01     0.00    -0.00   0.020  210
   172.95    47.08   181.69     0.01     0.00    -0.00   0.021  211
   172.95    46.10   180.68     0.01     0.00    -0.00   0.020  212
   173.92    46.10   181.69     0.01     0.00    -0.00   0.021  213
   173.92    45.12   181.69     0.01     0.00    -0.00   0.020  214
   172.95    47.08   181.69     0.01     0.00    -0.00   0.021  215
   172.95    46.10   182.71     0.01     0.00    -0.00   0.020  216
   172.95    47.08   182.71     0.01     0.00    -0.00   0.021  217
   173.92    46.10   181.69     0.01     0.00    -0.00   0.020  218
   172.95    47.08   181.69     0.01     0.00    -0.00   0.021  219
   172.95    46.10   181.69     0.01     0.00    -0.00   0.020  220
   173.92    46.10   182.71     0.01     0.00    -0.00   0.021  221
   172.95    46.10   180.68     0.01     0.00    -0.00   0.020  222
   172.95    46.10   180.68     0.01     0.00    -0.00   0.021  223
   172.95    46.10   181.69     0.01     0.00    -0.00   0.020  224
   172.95    47.08   180.68     0.01     0.00    -0.00   0.021  225
   172.95    47.08   181.69     0.01     0.00    -0.00   0.020  226
   171.97    46.10   181.69     0.01     0.00    -0.00   0.021  227
   172.95    47.08   181.69     0.01     0.00    -0.00   0.020  228
   171.97    47.08   181.69     0.01     0.00    -0.00   0.020  229
   172.95    48.06   181.69     0.01     0.00    -0.00   0.021  230
   172.95    46.10   181.69     0.01     0.00    -0.00   0.020  231
   173.92    46.10   180.68     0.01     0.00    -0.00   0.021  232
   173.92    46.10   181.69     0.01     0.00    -0.00   0.020  233
   172.95    46.10   181.69     0.01     0.00    -0.00   0.021  234
   173.92    46.10   181.69     0.01     0.00    -0.00   0.020  235
   171.97    46.10   181.69     0.01     0.00    -0.00   0.021  236
   172.95    47.08   181.69     0.01     0.00    -0.00   0.020  237
   172.95    47.08   180.68     0.01     0.00    -0.00   0.021  238
   173.92    46.10   181.69     0.01     0.00    -0.00   0.020  239
   174.90    46.10   181.69     0.01     0.00    -0.00   0.021  240
   172.95    47.08   181.69     0.01     0.00    -0.00   0.020  241
   173.92    47.08   181.69     0.01     0.00    -0.00   0.021  242
   172.95    47.08   181.69     0.01     0.00    -0.00   0.020  243
   172.95    46.10   181.69     0.01     0.00    -0.00   0.021  244
   173.92    46.10   181.69     0.01     0.00    -0.00   0.020  245
   172.95    46.10   180.68     0.01     0.00    -0.00   0.021  246
   172.95    47.08   180.68     0.01     0.00    -0.00   0.020  247
   171.97    46.10   181.69     0.01     0.00    -0.00   0.021  248
   172.95    45.12   181.69     0.01     0.00    -0.00   0.020  249
   172.95    47.08   181.69     0.01     0.00    -0.00   0.021  250
   172.95    47.08   180.68     0.01     0.00    -0.00   0.020  251
   173.92    47.08   181.69     0.01     0.00    -0.00   0.021  252
   173.92    47.08   181.69     0.01     0.00    -0.00   0.020  253
   172.95    47.08   180.68     0.01     0.00    -0.00   0.020  254
   172.95    46.10   181.69     0.01     0.00    -0.00   0.021  255
   173.92    46.10   181.69     0.01     0.00    -0.00   0.020    0
   173.92    46.10   181.69     0.01     0.00    -0.00   0.021    1
   173.92    46.10   181.69     0.01     0.00    -0.00   0.020    2
   172.95    47.08   181.69     0.01     0.00    -0.00   0.021    3
   172.95    46.10   180.68     0.01     0.00    -0.00   0.020    4
   171.97    46.10   180.68     0.01     0.00    -0.00   0.021    5
   172.95    46.10   181.69     0.01     0.00    -0.00   0.020    6
   172.95    47.08   182.71     0.01     0.00    -0.00   0.021    7
   171.97    47.08   182.71     0.01     0.00    -0.00   0.020    8
   173.92    46.10   182.71     0.01     0.00    -0.00   0.021    9
   173.92    46.10   180.68     0.01     0.00    -0.00   0.020   10
   172.95    47.08   181.69     0.01     0.00    -0.00   0.021   11
   172.95    47.08   180.68     0.01     0.00    -0.00   0.020   12
   173.92    45.12   181.69     0.01     0.00    -0.00   0.021   13
   172.95    47.08   181.69     0.01     0.00    -0.00   0.020   14
   173.92    46.10   180.68     0.01     0.00    -0.00   0.021   15
   172.95    46.10   181.69     0.01     0.00    -0.00   0.020   16
   173.92    46.10   180.68     0.01     0.00    -0.00   0.021   17
   172.95    47.08   180.68     0.01     0.00    -0.00   0.020   18
   171.97    46.10   181.69     0.01     0.00    -0.00   0.021   19
   173.92    46.10   181.69     0.01     0.00    -0.00   0.020   20
   173.92    46.10   181.69     0.01     0.00    -0.00   0.021   21
   172.95    46.10   182.71     0.01     0.00    -0.00   0.020   22
   173.92    46.10   181.69     0.01     0.00    -0.00   0.020   23
   172.95    46.10   180.68     0.01     0.00    -0.00   0.021   24
   173.92    48.06   181.69     0.01     0.00    -0.00   0.020   25
   173.92    47.08   180.68     0.01     0.00    -0.00   0.021   26
   173.92    46.10   181.69     0.01     0.00    -0.00   0.020   27
   171.97    46.10   181.69     0.01     0.00    -0.00   0.021   28
   172.95    47.08   179.66     0.01     0.00    -0.00   0.020   29
   173.92    47.08   181.69     0.01     0.00    -0.00   0.021   30
   172.95    46.10   180.68     0.01     0.00    -0.00   0.020   31
   172.95    46.10   181.69     0.01     0.00    -0.00   0.021   32
   173.92    47.08   181.69     0.01     0.00    -0.00   0.020   33
   173.92    46.10   181.69     0.01     0.00    -0.00   0.021   34
   173.92    47.08   180.68     0.01     0.00    -0.00   0.020   35
   172.95    46.10   180.68     0.01     0.00    -0.00   0.021   36
   172.95    46.10   180.68     0.01     0.00    -0.00   0.020   37
   173.92    46.10   181.69     0.01     0.00    -0.00   0.021   38
   172.95    46.10   180.68     0.01     0.00    -0.00   0.020   39
   172.95    46.10   181.69     0.01     0.00    -0.00   0.021   40
   171.97    47.08   181.69     0.01     0.00    -0.00   0.020   41
   171.97    47.08   182.71     0.01     0.00    -0.00   0.021   42
   172.95    46.10   181.69     0.01     0.00    -0.00   0.020   43
   172.95    47.08   182.71     0.01     0.00    -0.00   0.021   44
   172.95    46.10   180.68     0.01     0.00    -0.00   0.020   45
   172.95    46.10   181.69     0.01     0.00    -0.00   0.021   46
   172.95    47.08   181.69     0.01     0.00    -0.00   0.020   47
   172.95    46.10   180.68     0.01     0.00    -0.00   0.020   48
   173.92    46.10   181.69     0.01     0.00    -0.00   0.021   49
   172.95    46.10   181.69     0.01     0.00    -0.00   0.020   50
   172.95    46.10   181.69     0.01     0.00    -0.00   0.021   51
   172.95    45.12   181.69     0.01     0.00    -0.00   0.020   52
   172.95    46.10   181.69     0.01     0.00    -0.01   0.021   53
   172.95    46.10   182.71     0.01     0.00    -0.00   0.020   54
   172.95    47.08   180.68     0.01     0.00    -0.00   0.021   55
   173.92    46.10   181.69     0.01     0.00    -0.00   0.020   56
   173.92    45.12   181.69     0.01     0.00    -0.00   0.021   57
   172.95    47.08   180.68     0.01     0.00    -0.00   0.020   58
   172.95    46.10   181.69     0.01     0.00    -0.00   0.021   59
   172.95    48.06   181.69     0.01     0.00    -0.00   0.020   60
   171.97    46.10   181.69     0.01     0.00    -0.00   0.021   61
   173.92    46.10   181.69     0.01     0.00    -0.00   0.020   62
   173.92    46.10   181.69     0.01     0.00    -0.00   0.021   63
   173.92    46.10   181.69     0.01     0.00    -0.00   0.020   64
   173.92    45.12   181.69     0.01     0.00    -0.00   0.021   65
   173.92    46.10   180.68     0.01     0.00    -0.00   0.020   66
   172.95    47.08   181.69     0.01     0.00    -0.00   0.021   67
   173.92    47.08   181.69     0.01     0.00    -0.00   0.020   68
   173.92    45.12   181.69     0.01     0.00    -0.00   0.021   69
   173.92    47.08   180.68     0.01     0.00    -0.00   0.020   70
   173.92    45.12   181.69     0.01     0.00    -0.00   0.021   71
   171.97    46.10   178.64     0.01     0.00    -0.00   0.020   72
   173.92    46.10   181.69     0.01     0.00    -0.00   0.020   73
   172.95    45.12   181.69     0.01     0.00    -0.00   0.021   74
   171.97    45.12   182.71     0.01     0.00    -0.00   0.020   75
   173.92    46.10   180.68     0.01     0.00    -0.00   0.021   76
   172.95    46.10   180.68     0.01     0.00    -0.00   0.020   77
   172.95    47.08   183.73     0.01     0.00    -0.00   0.021   78
   172.95    46.10   182.71     0.01     0.00    -0.00   0.020   79
