   177.83    47.08   178.64     0.00     0.00    -0.00   0.021    0
   177.83    46.10   177.62     0.00     0.00    -0.00   0.020    1
   178.81    47.08   175.59     0.01     0.00    -0.00   0.021    2
   177.83    46.10   177.62     0.01     0.00    -0.00   0.020    3
   178.81    47.08   177.62     0.01     0.00    -0.00   0.021    4
   177.83    46.10   177.62     0.01     0.00    -0.00   0.020    5
   178.81    46.10   179.66     0.01     0.00    -0.00   0.021    6
   178.81    46.10   178.64     0.01     0.00    -0.00   0.020    7
   178.81    46.10   177.62     0.01     0.00    -0.00   0.021    8
   177.83    46.10   176.60     0.01     0.00    -0.00   0.020    9
   178.81    46.10   177.62     0.01     0.00    -0.00   0.021   10
   177.83    46.10   176.60     0.01     0.00    -0.00   0.020   11
   177.83    47.08   179.66     0.01     0.00    -0.00   0.021   12
   179.79    46.10   178.64     0.01     0.00    -0.00   0.020   13
   178.81    46.10   177.62     0.01     0.00    -0.00   0.021   14
   178.81    46.10   178.64     0.01     0.00    -0.00   0.020   15
   176.85    47.08   178.64     0.01     0.00    -0.00   0.020   16
   178.81    46.10   177.62     0.01     0.00    -0.00   0.021   17
   178.81    46.10   177.62     0.01     0.00    -0.00   0.020   18
   179.79    46.10   179.66     0.01     0.00    -0.00   0.021   19
   177.83    47.08   177.62     0.01     0.00    -0.00   0.020   20
   179.79    47.08   176.60     0.01     0.00    -0.00   0.021   21
   178.81    47.08   177.62     0.01     0.00    -0.00   0.020   22
   177.83    46.10   176.60     0.01     0.00    -0.00   0.021   23
   177.83    46.10   176.60     0.01     0.00    -0.00   0.020   24
   178.81    45.12   176.60     0.01     0.00    -0.00   0.021   25
   178.81    45.12   176.60     0.01     0.00    -0.00   0.020   26
   177.83    45.12   176.60     0.01     0.00    -0.00   0.021   27
   178.81    47.08   177.62     0.01     0.00    -0.00   0.020   28
   179.79    46.10   177.62     0.01     0.00    -0.00   0.021   29
   177.83    46.10   177.62     0.01     0.00    -0.00   0.020   30
   178.81    46.10   177.62     0.01     0.00    -0.00   0.021   31
   178.81    46.10   177.62     0.01     0.00    -0.00   0.020   32
   178.81    48.06   179.66     0.01     0.00    -0.00   0.021   33
   177.83    47.08   177.62     0.01     0.00    -0.00   0.020   34
   179.79    46.10   177.62     0.01     0.00    -0.00   0.021   35
   177.83    46.10   177.62     0.01     0.00    -0.00   0.020   36
   177.83    45.12   177.62     0.01     0.00    -0.00   0.021   37
   178.81    47.08   178.64     0.01     0.00    -0.00   0.020   38
   178.81    46.10   178.64     0.01     0.00    -0.00   0.021   39
   178.81    47.08   177.62     0.01     0.00    -0.00   0.020   40
   177.83    47.08   176.60     0.01     0.00    -0.00   0.020   41
   177.83    48.06   178.64     0.01     0.00    -0.00   0.021   42
   178.81    46.10   177.62     0.01     0.00    -0.00   0.020   43
   177.83    47.08   177.62     0.01     0.00    -0.00   0.021   44
   178.81    47.08   177.62     0.01     0.00    -0.00   0.020   45
   178.81    47.08   177.62     0.01     0.00    -0.00   0.021   46
   177.83    46.10   176.60     0.01     0.00    -0.00   0.020   47
   177.83    46.10   179.66     0.01     0.00    -0.00   0.021   48
   179.79    46.10   177.62     0.01     0.00    -0.00   0.020   49
   177.83    46.10   177.62     0.01     0.00    -0.00   0.021   50
   178.81    46.10   178.64     0.01     0.00    -0.00   0.020   51
   178.81    47.08   177.62     0.01     0.00    -0.00   0.021   52
   178.81    46.10   178.64     0.01     0.00    -0.00   0.020   53
   178.81    45.12   177.62     0.01     0.00    -0.00   0.021   54
   179.79    46.10   177.62     0.01     0.00    -0.00   0.020   55
   177.83    46.10   177.62     0.01     0.00    -0.00   0.021   56
   177.83    46.10   178.64     0.01     0.00    -0.00   0.020   57
   178.81    46.10   176.60     0.01     0.00    -0.00   0.021   58
   178.81    46.10   177.62     0.01     0.00    -0.00   0.020   59
   178.81    45.12   176.60     0.01     0.00    -0.00   0.021   60
   177.83    47.08   177.62     0.01     0.00    -0.00   0.020   61
   178.81    46.10   175.59     0.01     0.00    -0.00   0.021   62
   179.79    46.10   177.62     0.01     0.00    -0.01   0.020   63
   178.81    47.08   175.59     0.01     0.00    -0.00   0.021   64
   178.81    48.06   177.62     0.01     0.00    -0.00   0.020   65
   178.81    47.08   176.60     0.01     0.00    -0.00   0.020   66
   179.79    46.10   176.60     0.01     0.00    -0.00   0.021   67
   177.83    46.10   177.62     0.01     0.00    -0.00   0.020   68
   178.81    47.08   179.66     0.01     0.00    -0.00   0.021   69
   178.81    46.10   177.62     0.01     0.00    -0.00   0.020   70
   179.79    46.10   177.62     0.01     0.00    -0.00   0.021   71
   179.79    46.10   176.60     0.01     0.00    -0.00   0.020   72
   179.79    47.08   177.62     0.01     0.00    -0.00   0.021   73
   176.85    47.08   177.62     0.01     0.00    -0.00   0.020   74
   176.85    46.10   176.60     0.01     0.00    -0.00   0.021   75
   178.81    46.10   178.64     0.01     0.00    -0.00   0.020   76
   177.83    45.12   177.62     0.01     0.00    -0.00   0.021   77
   177.83    47.08   176.60     0.01     0.00    -0.00   0.020   78
   177.83    47.08   177.62     0.01     0.00    -0.00   0.021   79
   178.81    46.10   177.62     0.01     0.00    -0.00   0.020   80
   178.81    47.08   176.60     0.01     0.00    -0.00   0.021   81
   178.81    47.08   177.62     0.01     0.00    -0.00   0.020   82
   178.81    46.10   177.62     0.01     0.00    -0.00   0.021   83
   178.81    46.10   177.62     0.01     0.00    -0.00   0.020   84
   177.83    47.08   177.62     0.01     0.00    -0.00   0.021   85
   178.81    47.08   177.62     0.01     0.00    -0.00   0.020   86
   176.85    46.10   177.62     0.01     0.00    -0.00   0.021   87
   177.83    46.10   177.62     0.01     0.00    -0.00   0.020   88
   179.79    45.12   176.60     0.01     0.00    -0.00   0.021   89
   177.83    46.10   177.62     0.01     0.00    -0.00   0.020   90
   177.83    48.06   177.62     0.01     0.00    -0.00   0.020   91
   178.81    46.10   177.62     0.01     0.00    -0.00   0.021   92
   178.81    46.10   177.62     0.01     0.00    -0.00   0.020   93
   179.79    46.10   177.62     0.01     0.00    -0.00   0.021   94
   178.81    46.10   176.60     0.01     0.00    -0.01   0.020   95
   178.81    46.10   178.64     0.01     0.00    -0.00   0.021   96
   179.79    46.10   177.62     0.01     0.00    -0.00   0.020   97
   177.83    46.10   177.62     0.01     0.00    -0.00   0.021   98
   179.79    46.10   178.64     0.01     0.00    -0.00   0.020   99
   178.81    46.10   178.64     0.01     0.00    -0.01   0.021  100
   179.79    46.10   178.64     0.01     0.00    -0.01   0.020  101
   177.83    46.10   177.62     0.01     0.00    -0.00   0.021  102
   178.81    46.10   177.62     0.01     0.00    -0.00   0.020  103
   177.83    47.08   179.66     0.01     0.00    -0.00   0.021  104
   179.79    47.08   176.60     0.01     0.00    -0.00   0.020  105
   179.79    45.12   177.62     0.01     0.00    -0.00   0.021  106
   179.79    46.10   177.62     0.01     0.00    -0.00   0.020  107
   178.81    46.10   177.62     0.01     0.00    -0.00   0.021  108
   179.79    46.10   176.60     0.01     0.00    -0.00   0.020  109
   178.81    46.10   177.62     0.01     0.00    -0.00   0.021  110
   179.79    46.10   177.62     0.01     0.00    -0.00   0.020  111
   178.81    47.08   178.64     0.01     0.00    -0.00   0.021  112
   178.81    47.08   177.62     0.01     0.00    -0.00   0.020  113
   177.83    47.08   177.62     0.01     0.00    -0.00   0.021  114
   178.81    46.10   176.60     0.01     0.00    -0.00   0.020  115
   177.83    47.08   177.62     0.01     0.00    -0.00   0.020  116
   179.79    47.08   177.62     0.01     0.00    -0.00   0.021  117
   179.79    47.08   177.62     0.01     0.00    -0.00   0.020  118
   178.81    47.08   176.60     0.01     0.00    -0.00   0.021  119
   176.85    47.08   176.60     0.01     0.00    -0.00   0.020  120
   179.79    47.08   179.66     0.01     0.00    -0.00   0.021  121
   179.79    45.12   177.62     0.01     0.00    -0.00   0.020  122
   177.83    46.10   177.62     0.01     0.01    -0.00   0.021  123
   178.81    46.10   177.62     0.01     0.00    -0.00   0.020  124
   178.81    46.10   177.62     0.01     0.00    -0.00   0.021  125
   179.79    46.10   177.62     0.01     0.01    -0.00   0.020  126
   178.81    47.08   178.64     0.01     0.00    -0.00   0.021  127
   179.79    46.10   176.60     0.01     0.00    -0.00   0.020  128
   177.83    47.08   176.60     0.01     0.00    -0.00   0.021  129
   178.81    46.10   177.62     0.00     0.00    -0.00   0.020  130
   178.81    46.10   177.62     0.01     0.00    -0.00   0.021  131
   179.79    45.12   176.60     0.01     0.00    -0.00   0.020  132
   179.79    47.08   177.62     0.01     0.01    -0.00   0.021  133
   178.81    47.08   176.60     0.01     0.00    -0.00   0.020  134
   180.76    46.10   177.62     0.01     0.00    -0.00   0.021  135
   179.79    46.10   176.60     0.01     0.01    -0.00   0.020  136
   178.81    46.10   178.64     0.01     0.00    -0.00   0.021  137
   178.81    46.10   177.62     0.01     0.00    -0.01   0.020  138
   178.81    47.08   177.62     0.01     0.00    -0.00   0.021  139
   178.81    47.08   177.62     0.01     0.00    -0.00   0.020  140
   178.81    46.10   177.62     0.01     0.00    -0.00   0.020  141
   177.83    46.10   176.60     0.01     0.00    -0.00   0.021  142
   178.81    47.08   178.64     0.01     0.01    -0.01   0.020  143
   177.83    45.12   177.62     0.01     0.00    -0.00   0.021  144
   178.81    46.10   178.64     0.01     0.00    -0.00   0.020  145
   177.83    47.08   178.64     0.01     0.00    -0.00   0.021  146
   178.81    47.08   177.62     0.01     0.00    -0.00   0.020  147
   178.81    46.10   178.64     0.01     0.00    -0.00   0.021  148
   178.81    46.10   178.64     0.01     0.00    -0.00   0.020  149
   177.83    46.10   178.64     0.01     0.00    -0.00   0.021  150
   177.83    46.10   176.60     0.01     0.00    -0.00   0.020  151
   177.83    46.10   178.64     0.01     0.00    -0.00   0.021  152
   177.83    46.10   178.64     0.01     0.00    -0.00   0.020  153
   177.83    47.08   177.62     0.01     0.00    -0.00   0.021  154
   178.81    46.10   176.60     0.01     0.00    -0.01   0.020  155
   178.81    47.08   178.64     0.01     0.00    -0.00   0.021  156
   177.83    47.08   178.64     0.01     0.00    -0.00   0.020  157
   178.81    47.08   178.64     0.01     0.00    -0.00   0.021  158
   178.81    46.10   178.64     0.01     0.00    -0.00   0.020  159
   178.81    46.10   177.62     0.01     0.00    -0.00   0.021  160
   177.83    47.08   177.62     0.01     0.00    -0.00   0.020  161
   177.83    45.12   175.59     0.01     0.00    -0.00   0.021  162
   179.79    46.10   176.60     0.01     0.00    -0.01   0.020  163
   178.81    46.10   176.60     0.01     0.00    -0.00   0.021  164
   178.81    46.10   176.60     0.01     0.00    -0.00   0.020  165
   178.81    46.10   178.64     0.01     0.00    -0.00   0.020  166
   177.83    47.08   176.60     0.01     0.00    -0.00   0.021  167
   178.81    46.10   175.59     0.01     0.00    -0.00   0.020  168
   178.81    46.10   177.62     0.01     0.00    -0.00   0.021  169
   177.83    47.08   177.62     0.01     0.00    -0.00   0.020  170
   177.83    46.10   177.62     0.01     0.00    -0.00   0.021  171
   177.83    46.10   177.62     0.01     0.00    -0.00   0.020  172
   178.81    45.12   177.62     0.01     0.00    -0.00   0.021  173
   178.81    46.10   177.62     0.01     0.00    -0.00   0.020  174
   178.81    47.08   177.62     0.01     0.00    -0.00   0.021  175
   177.83    46.10   176.60     0.01     0.00    -0.00   0.020  176
   179.79    46.10   177.62     0.01     0.00    -0.01   0.021  177
   177.83    45.12   177.62     0.01     0.00    -0.00   0.020  178
   177.83    46.10   177.62     0.01     0.00    -0.00   0.021  179
   178.81    46.10   175.59     0.01     0.00    -0.00   0.020  180
   177.83    46.10   177.62     0.01     0.00    -0.00   0.021  181
   178.81    47.08   177.62     0.01     0.00    -0.00   0.020  182
   179.79    46.10   177.62     0.01     0.00    -0.00   0.021  183
   177.83    46.10   176.60     0.01     0.00    -0.00   0.020  184
   178.81    45.12   176.60     0.01     0.01    -0.00   0.021  185
   177.83    45.12   179.66     0.01     0.00    -0.00   0.020  186
   177.83    46.10   178.64     0.01     0.00    -0.00   0.021  187
   178.81    45.12   177.62     0.01     0.00    -0.00   0.020  188
   177.83    45.12   176.60     0.01     0.00    -0.00   0.021  189
   177.83    46.10   176.60     0.01     0.00    -0.00   0.020  190
   177.83    46.10   177.62     0.01     0.00    -0.00   0.020  191
   176.85    47.08   176.60     0.01     0.00    -0.00   0.021  192
   177.83    47.08   177.62     0.01     0.00    -0.00   0.020  193
   178.81    45.12   177.62     0.01     0.00    -0.00   0.021  194
   178.81    46.10   177.62     0.01     0.00    -0.00   0.020  195
   178.81    47.08   178.64     0.01     0.00    -0.00   0.021  196
   177.83    46.10   178.64     0.01     0.00    -0.00   0.020  197
   177.83    45.12   178.64     0.01     0.00    -0.00   0.021  198
   178.81    47.08   178.64     0.01     0.00    -0.00   0.020  199
   178.81    47.08   177.62     0.01     0.00    -0.00   0.021  200
   178.81    46.10   175.59     0.01     0.00    -0.00   0.020  201
   178.81    45.12   178.64     0.01     0.00    -0.00   0.021  202
   177.83    46.10   179.66     0.01     0.00    -0.00   0.020  203
   177.83    46.10   177.62     0.01     0.00    -0.00   0.021  204
   178.81    45.12   176.60     0.01     0.00    -0.00   0.020  205
   178.81    45.12   178.64     0.01     0.00    -0.00   0.021  206
   177.83    47.08   177.62     0.01     0.00    -0.00   0.020  207
   177.83    47.08   176.60     0.01     0.00    -0.00   0.021  208
   178.81    47.08   177.62     0.01     0.00    -0.00   0.020  209
   178.81    46.10   177.62     0.01     0.00    -0.00   0.021  210
   179.79    46.10   177.62     0.01     0.00    -0.00   0.020  211
   178.81    47.08   178.64     0.01     0.00    -0.00   0.021  212
   178.81    46.10   176.60     0.01     0.00    -0.00   0.020  213
   179.79    45.12   177.62     0.01     0.00    -0.00   0.021  214
   177.83    46.10   178.64     0.01     0.00    -0.00   0.020  215
   178.81    46.10   176.60     0.01     0.00    -0.00   0.020  216
   177.83    47.08   177.62     0.01     0.00    -0.00   0.021  217
   177.83    47.08   178.64     0.01     0.00    -0.00   0.020  218
   177.83    46.10   178.64     0.01     0.01    -0.00   0.021  219
   178.81    46.10   176.60     0.01     0.00    -0.00   0.020  220
   177.83    47.08   177.62     0.01     0.00    -0.00   0.021  221
   177.83    46.10   178.64     0.01     0.00    -0.00   0.020  222
   177.83    46.10   176.60     0.01     0.00    -0.00   0.021  223
   178.81    47.08   179.66     0.01     0.00    -0.00   0.020  224
   177.83    46.10   176.60     0.01     0.00    -0.00   0.021  225
   177.83    45.12   178.64     0.01     0.00    -0.00   0.020  226
   177.83    47.08   178.64     0.01     0.00    -0.00   0.021  227
   177.83    46.10   177.62     0.01     0.00    -0.00   0.020  228
   178.81    46.10   177.62     0.01     0.00    -0.00   0.021  229
   177.83    47.08   178.64     0.01     0.00    -0.00   0.020  230
   179.79    46.10   177.62     0.01     0.00    -0.00   0.021  231
   177.83    46.10   176.60     0.01     0.00    -0.00   0.020  232
   177.83    46.10   177.62     0.01     0.00    -0.00   0.021  233
   177.83    47.08   177.62     0.01     0.00    -0.00   0.020  234
   177.83    46.10   177.62     0.01     0.00    -0.00   0.021  235
   177.83    47.08   178.64     0.01     0.00    -0.00   0.020  236
   177.83    47.08   177.62     0.01     0.00    -0.00   0.021  237
   177.83    46.10   177.62     0.01     0.00    -0.00   0.020  238
   176.85    47.08   178.64     0.01     0.00    -0.00   0.021  239
   178.81    46.10   176.60     0.01     0.00    -0.00   0.020  240
   178.81    45.12   177.62     0.01     0.00    -0.00   0.020  241
   177.83    46.10   177.62     0.01     0.00    -0.00   0.021  242
   177.83    46.10   178.64     0.01     0.00    -0.00   0.020  243
   177.83    45.12   178.64     0.01     0.00    -0.00   0.021  244
   178.81    46.10   177.62     0.01     0.00    -0.00   0.020  245
   177.83    46.10   178.64     0.01     0.00    -0.00   0.021  246
   179.79    47.08   178.64     0.01     0.00    -0.00   0.020  247
   178.81    46.10   176.60     0.01     0.00    -0.00   0.021  248
   178.81    45.12   176.60     0.01     0.00    -0.00   0.020  249
   178.81    46.10   177.62     0.01     0.00    -0.00   0.021  250
   177.83    46.10   177.62     0.01     0.00    -0.00   0.020  251
   177.83    46.10   177.62     0.01     0.00    -0.00   0.021  252
   177.83    46.10   176.60     0.01     0.00    -0.00   0.020  253
   177.83    46.10   177.62     0.01     0.00    -0.01   0.021  254
   177.83    46.10   177.62     0.01     0.00    -0.00   0.020  255
   177.83    47.08   178.64     0.01     0.00    -0.00   0.021    0
   178.81    46.10   177.62     0.01     0.00    -0.00   0.020    1
   177.83    46.10   177.62     0.01     0.00    -0.00   0.021    2
   178.81    45.12   177.62     0.01     0.00    -0.00   0.020    3
   176.85    46.10   177.62     0.01     0.00    -0.00   0.021    4
   177.83    46.10   177.62     0.01     0.00    -0.00   0.020    5
   178.81    46.10   176.60     0.01     0.00    -0.00   0.021    6
   177.83    46.10   176.60     0.01     0.00    -0.00   0.020    7
   178.81    45.12   178.64     0.01     0.00    -0.00   0.021    8
   177.83    47.08   177.62     0.01     0.00    -0.00   0.020    9
   177.83    46.10   176.60     0.01     0.00    -0.01   0.020   10
   178.81    46.10   178.64     0.01     0.00    -0.00   0.021   11
   177.83    46.10   177.62     0.01     0.00    -0.00   0.020   12
   178.81    46.10   177.62     0.01     0.00    -0.00   0.021   13
   178.81    46.10   177.62     0.01     0.00    -0.00   0.020   14
   177.83    47.08   178.64     0.01     0.00    -0.00   0.021   15
   177.83    47.08   176.60     0.01     0.00    -0.00   0.020   16
   178.81    46.10   176.60     0.01     0.00    -0.00   0.021   17
   178.81    46.10   177.62     0.01     0.00    -0.00   0.020   18
   178.81    46.10   176.60     0.01     0.00    -0.00   0.021   19
   177.83    46.10   178.64     0.01     0.00    -0.00   0.020   20
   178.81    45.12   177.62     0.01     0.00    -0.00   0.021   21
   177.83    46.10   176.60     0.01     0.00    -0.00   0.020   22
   177.83    47.08   177.62     0.01     0.00    -0.00   0.021   23
   178.81    46.10   177.62     0.01     0.00    -0.00   0.020   24
   177.83    46.10   177.62     0.01     0.00    -0.00   0.021   25
   177.83    46.10   178.64     0.01     0.00    -0.00   0.020   26
   177.83    47.08   177.62     0.01     0.00    -0.00   0.021   27
   177.83    46.10   177.62     0.01     0.00    -0.00   0.020   28
   178.81    45.12   177.62     0.01     0.00    -0.00   0.021   29
   178.81    46.10   177.62     0.01     0.00    -0.00   0.020   30
   178.81    47.08   176.60     0.01     0.00    -0.00   0.021   31
   178.81    47.08   177.62     0.01     0.00    -0.00   0.020   32
   177.83    46.10   176.60     0.01     0.00    -0.00   0.021   33
   178.81    45.12   177.62     0.01     0.00    -0.00   0.020   34
   178.81    46.10   177.62     0.01     0.00    -0.00   0.020   35
   179.79    45.12   177.62     0.01     0.00    -0.00   0.021   36
   178.81    46.10   178.64     0.01     0.00    -0.00   0.020   37
   177.83    46.10   177.62     0.01     0.00    -0.00   0.021   38
   178.81    47.08   176.60     0.01     0.00    -0.00   0.020   39
   177.83    46.10   176.60     0.01     0.00    -0.00   0.021   40
   177.83    48.06   178.64     0.01     0.00    -0.00   0.020   41
   177.83    47.08   178.64     0.01     0.00    -0.00   0.021   42
   177.83    46.10   179.66     0.01     0.00    -0.00   0.020   43
   176.85    47.08   178.64     0.01     0.00    -0.00   0.021   44
   177.83    46.10   177.62     0.01     0.00    -0.01   0.020   45
   177.83    46.10   176.60     0.01     0.00    -0.01   0.021   46
   179.79    47.08   177.62     0.01     0.00    -0.01   0.020   47
   177.83    46.10   177.62     0.01     0.00    -0.00   0.021   48
   178.81    46.10   177.62     0.01     0.00    -0.00   0.020   49
   178.81    46.10   178.64     0.01     0.00    -0.00   0.021   50
   177.83    46.10   177.62     0.01     0.00    -0.00   0.020   51
   177.83    45.12   176.60     0.01     0.00    -0.00   0.021   52
   178.81    46.10   175.59     0.01     0.00    -0.00   0.020   53
   177.83    46.10   176.60     0.01     0.00    -0.00   0.021   54
   177.83    46.10   177.62     0.01     0.00    -0.00   0.020   55
   177.83    47.08   177.62     0.01     0.00    -0.00   0.021   56
   178.81    46.10   177.62     0.01     0.00    -0.00   0.020   57
   179.79    46.10   176.60     0.01     0.01    -0.00   0.021   58
   179.79    45.12   178.64     0.01     0.01    -0.00   0.020   59
   177.83    46.10   178.64     0.01     0.00    -0.00   0.020   60
   178.81    47.08   178.64     0.01     0.00    -0.00   0.021   61
   178.81    46.10   177.62     0.01     0.01    -0.00   0.020   62
   177.83    46.10   177.62     0.01     0.00    -0.00   0.021   63
   177.83    46.10   176.60     0.01     0.00    -0.00   0.020   64
   177.83    46.10   176.60     0.01     0.00    -0.00   0.021   65
   178.81    45.12   178.64     0.01     0.00    -0.00   0.020   66
   177.83    46.10   178.64     0.01     0.00    -0.00   0.021   67
   177.83    46.10   177.62     0.01     0.00    -0.00   0.020   68
   177.83    46.10   178.64     0.01     0.00    -0.00   0.021   69
   177.83    45.12   177.62     0.01     0.00    -0.00   0.020   70
   177.83    46.10   176.60     0.01     0.00    -0.00   0.021   71
   177.83    46.10   177.62     0.01     0.00    -0.00   0.020   72
   177.83    46.10   178.64     0.01     0.00    -0.00   0.021   73
   178.81    46.10   177.62     0.01     0.00    -0.00   0.020   74
   177.83    47.08   176.60     0.01     0.00    -0.00   0.021   75
   178.81    46.10   177.62     0.01     0.00    -0.00   0.020   76
   176.85    46.10   177.62     0.01     0.00    -0.00   0.021   77
   178.81    46.10   178.64     0.01     0.00    -0.00   0.020   78
   179.79    46.10   177.62     0.01     0.00    -0.01   0.021   79
   178.81    46.10   178.64     0.01     0.00    -0.01   0.020   80
   177.83    46.10   177.62     0.01     0.00    -0.00   0.021   81
   178.81    47.08   177.62     0.01     0.00    -0.00   0.020   82
   177.83    46.10   176.60     0.01     0.00    -0.01   0.021   83
   177.83    48.06   177.62     0.01     0.00    -0.00   0.020   84
   178.81    46.10   177.62     0.01    -0.00    -0.00   0.020   85
   177.83    47.08   177.62     0.01    -0.00    -0.00   0.021   86
   178.81    47.08   177.62     0.01     0.00    -0.00   0.020   87
   177.83    46.10   178.64     0.01     0.00    -0.00   0.021   88
   178.81    47.08   178.64     0.01     0.00    -0.00   0.020   89
   178.81    46.10   177.62     0.01     0.00    -0.00   0.021   90
   178.81    46.10   178.64     0.01     0.00    -0.00   0.020   91
   178.81    46.10   178.64     0.01     0.00    -0.00   0.021   92
   177.83    46.10   176.60     0.01     0.00    -0.00   0.020   93
   176.85    46.10   178.64     0.01     0.00    -0.00   0.021   94
   178.81    46.10   176.60     0.01     0.00    -0.00   0.020   95
   177.83    46.10   177.62     0.01     0.00    -0.00   0.021   96
   178.81    46.10   177.62     0.01     0.00    -0.00   0.020   97
   177.83    47.08   178.64     0.01     0.00    -0.00   0.021   98
   178.81    46.10   175.59     0.01     0.00    -0.00   0.020   99
   179.79    46.10   177.62     0.01     0.00    -0.00   0.021  100
   178.81    46.10   176.60     0.01     0.00    -0.00   0.020  101
   178.81    46.10   177.62     0.01     0.00    -0.00   0.021  102
   177.83    46.10   177.62     0.01     0.00    -0.00   0.020  103
   177.83    47.08   178.64     0.01     0.00    -0.00   0.021  104
   178.81    46.10   176.60     0.01     0.00    -0.00   0.020  105
   178.81    46.10   177.62     0.01     0.00    -0.00   0.021  106
   178.81    47.08   177.62     0.01     0.00    -0.00   0.020  107
   179.79    45.12   177.62     0.01     0.00    -0.00   0.021  108
   178.81    47.08   178.64     0.01     0.00    -0.00   0.020  109
   177.83    46.10   177.62     0.01     0.00    -0.00   0.020  110
   177.83    46.10   178.64     0.01     0.00    -0.00   0.021  111
   177.83    45.12   176.60     0.01     0.00    -0.00   0.020  112
   177.83    47.08   177.62     0.01     0.00    -0.00   0.021  113
   176.85    46.10   177.62     0.01     0.00    -0.00   0.020  114
   178.81    46.10   177.62     0.01     0.00    -0.00   0.021  115
   178.81    47.08   177.62     0.01     0.00    -0.00   0.020  116
   177.83    47.08   178.64     0.01     0.00    -0.00   0.021  117
   176.85    47.08   178.64     0.01     0.00    -0.00   0.020  118
   177.83    46.10   178.64     0.01     0.00    -0.00   0.021  119
   178.81    47.08   176.60     0.01     0.00    -0.00   0.020  120
   177.83    47.08   174.57     0.01     0.00    -0.00   0.021  121
   178.81    47.08   176.60     0.01     0.00    -0.00   0.020  122
   178.81    45.12   178.64     0.01     0.00    -0.00   0.021  123
   177.83    46.10   178.64     0.01     0.00    -0.00   0.020  124
   177.83    46.10   177.62     0.01     0.00    -0.00   0.021  125
   177.83    46.10   177.62     0.01     0.00    -0.01   0.020  126
   179.79    46.10   175.59     0.01     0.00    -0.00   0.021  127
   177.83    46.10   177.62     0.01     0.00    -0.00   0.020  128
   177.83    47.08   177.62     0.01     0.00    -0.00   0.021  129
   178.81    46.10   176.60     0.01     0.00    -0.00   0.020  130
   177.83    46.10   177.62     0.01     0.00    -0.00   0.021  131
   178.81    46.10   177.62     0.01     0.00    -0.00   0.020  132
   178.81    46.10   177.62     0.01     0.00    -0.00   0.021  133
   178.81    46.10   176.60     0.01     0.00    -0.00   0.020  134
   177.83    46.10   177.62     0.01     0.00    -0.00   0.020  135
   177.83    46.10   176.60     0.01     0.00    -0.00   0.021  136
   178.81    47.08   177.62     0.01     0.00    -0.00   0.020  137
   178.81    46.10   177.62     0.01     0.00    -0.00   0.021  138
   178.81    46.10   178.64     0.01     0.00    -0.00   0.020  139
   178.81    47.08   177.62     0.01     0.00    -0.00   0.021  140
   177.83    46.10   177.62     0.01     0.00    -0.00   0.020  141
   177.83    45.12   178.64     0.01     0.00    -0.00   0.021  142
   179.79    45.12   176.60     0.01     0.00    -0.00   0.020  143
   178.81    45.12   177.62     0.01     0.00    -0.00   0.021  144
   178.81    46.10   177.62     0.01     0.00    -0.00   0.020  145
   179.79    45.12   178.64     0.01     0.00    -0.00   0.021  146
   177.83    45.12   177.62     0.01     0.00    -0.00   0.020  147
   178.81    46.10   178.64     0.01     0.00    -0.00   0.021  148
   178.81    47.08   177.62     0.01     0.00    -0.00   0.020  149
   177.83    47.08   178.64     0.01     0.00    -0.00   0.021  150
   178.81    45.12   177.62     0.01     0.00    -0.00   0.020  151
   177.83    46.10   176.60     0.01     0.00    -0.00   0.021  152
   177.83    46.10   178.64     0.01     0.00    -0.00   0.020  153
   177.83    46.10   177.62     0.01     0.00    -0.00   0.021  154
   177.83    47.08   178.64     0.01     0.00    -0.00   0.020  155
   177.83    47.08   177.62     0.01     0.00    -0.00   0.021  156
   177.83    46.10   177.62     0.01     0.00    -0.00   0.020  157
   178.81    46.10   177.62     0.01     0.00    -0.00   0.021  158
   177.83    47.08   177.62     0.01     0.00    -0.00   0.020  159
   177.83    46.10   176.60     0.01     0.00    -0.00   0.020  160
   179.79    46.10   177.62     0.01     0.00    -0.00   0.021  161
   178.81    46.10   177.62     0.01     0.00    -0.00   0.020  162
   177.83    46.10   176.60     0.01     0.00    -0.00   0.021  163
   178.81    46.10   177.62     0.01     0.00    -0.00   0.020  164
   178.81    46.10   177.62     0.01     0.00    -0.00   0.021  165
   178.81    47.08   178.64     0.01     0.00    -0.00   0.020  166
   177.83    47.08   176.60     0.01     0.00    -0.00   0.021  167
   177.83    46.10   177.62     0.01     0.00    -0.00   0.020  168
   178.81    45.12   176.60     0.01     0.00    -0.00   0.021  169
   179.79    45.12   176.60     0.01     0.00    -0.00   0.020  170
   177.83    47.08   176.60     0.01     0.00    -0.00   0.021  171
   178.81    46.10   175.59     0.01     0.00    -0.00   0.020  172
   178.81    46.10   176.60     0.01     0.00    -0.00   0.021  173
   179.79    45.12   177.62     0.01     0.00    -0.00   0.020  174
   178.81    46.10   177.62     0.01     0.00    -0.00   0.021  175
   177.83    46.10   177.62     0.01     0.00    -0.00   0.020  176
   178.81    45.12   176.60     0.01     0.00    -0.00   0.021  177
   177.83    46.10   177.62     0.01     0.00    -0.00   0.020  178
   178.81    47.08   177.62     0.01     0.00    -0.00   0.021  179
   177.83    46.10   177.62     0.01     0.00    -0.00   0.020  180
   178.81    46.10   178.64     0.01     0.00    -0.00   0.021  181
   178.81    46.10   176.60     0.01     0.00    -0.00   0.020  182
   177.83    45.12   178.64     0.01     0.00    -0.00   0.021  183
   178.81    47.08   178.64     0.01     0.00    -0.00   0.020  184
   178.81    46.10   176.60     0.01     0.00    -0.00   0.020  185
   178.81    46.10   177.62     0.01     0.00    -0.00   0.021  186
   177.83    46.10   178.64     0.01     0.00    -0.00   0.020  187
   177.83    46.10   178.64     0.01     0.00    -0.00   0.021  188
   177.83    46.10   177.62     0.01     0.00    -0.00   0.020  189
   177.83    45.12   178.64     0.01     0.00    -0.00   0.021  190
   178.81    47.08   177.62     0.01     0.00    -0.00   0.020  191
   177.83    47.08   178.64     0.01     0.00    -0.00   0.021  192
   176.85    47.08   176.60     0.01     0.00    -0.00   0.020  193
   178.81    46.10   177.62     0.01     0.00    -0.01   0.021  194
   177.83    46.10   178.64     0.01     0.00    -0.00   0.020  195
   177.83    46.10   177.62     0.01     0.00    -0.00   0.021  196
   178.81    46.10   177.62     0.01     0.00    -0.00   0.020  197
   177.83    47.08   178.64     0.01     0.00    -0.00   0.021  198
   177.83    47.08   178.64     0.01     0.00    -0.00   0.020  199
   177.83    47.08   177.62     0.01     0.00    -0.00   0.021  200
   178.81    47.08   178.64     0.01     0.00    -0.00   0.020  201
   177.83    46.10   178.64     0.01     0.00    -0.00   0.021  202
   177.83    47.08   178.64     0.01     0.00    -0.00   0.020  203
   178.81    46.10   177.62     0.01     0.00    -0.00   0.021  204
   177.83    46.10   177.62     0.01     0.00    -0.00   0.020  205
   178.81    46.10   177.62     0.01     0.00    -0.00   0.021  206
   178.81    45.12   179.66     0.01     0.00    -0.00   0.020  207
   177.83    46.10   177.62     0.01     0.00    -0.00   0.021  208
   177.83    46.10   178.64     0.01     0.00    -0.00   0.020  209
   178.81    46.10   178.64     0.01     0.00    -0.00   0.020  210
   177.83    46.10   177.62     0.01     0.00    -0.00   0.021  211
   178.81    46.10   177.62     0.01     0.00    -0.00   0.020  212
   178.81    46.10   178.64     0.01     0.00    -0.00   0.021  213
   178.81    46.10   178.64     0.01     0.00    -0.00   0.020  214
   177.83    46.10   178.64     0.01     0.00    -0.00   0.021  215
   177.83    46.10   177.62     0.01     0.00    -0.00   0.020  216
   177.83    46.10   177.62     0.01     0.00    -0.00   0.021  217
   177.83    46.10   177.62     0.01     0.00    -0.00   0.020  218
   177.83    46.10   177.62     0.01     0.00    -0.00   0.021  219
   177.83    46.10   177.62     0.01     0.00    -0.00   0.020  220
   177.83    46.10   176.60     0.01     0.00    -0.00   0.021  221
   177.83    46.10   177.62     0.01     0.00    -0.00   0.020  222
   178.81    46.10   178.64     0.01     0.01    -0.00   0.021  223
   177.83    45.12   176.60     0.01     0.00    -0.00   0.020  224
   177.83    46.10   178.64     0.01     0.01    -0.00   0.021  225
   178.81    46.10   176.60     0.01     0.00    -0.00   0.020  226
   177.83    46.10   178.64     0.01     0.00    -0.00   0.021  227
   177.83    46.10   177.62     0.01     0.00    -0.00   0.020  228
   177.83    46.10   176.60     0.01     0.00    -0.00   0.021  229
   177.83    47.08   176.60     0.01     0.00    -0.00   0.020  230
   177.83    46.10   177.62     0.01     0.00    -0.00   0.021  231
   178.81    47.08   177.62     0.01     0.00    -0.00   0.020  232
   177.83    46.10   178.64     0.01     0.00    -0.00   0.021  233
   178.81    46.10   176.60     0.01     0.00    -0.00   0.020  234
   176.85    46.10   176.60     0.01     0.00    -0.00   0.020  235
   177.83    47.08   176.60     0.01     0.00    -0.00   0.021  236
   178.81    46.10   177.62     0.01     0.00    -0.00   0.020  237
   178.81    46.10   178.64     0.01     0.00    -0.00   0.021  238
   177.83    46.10   178.64     0.01     0.00    -0.00   0.020  239
   177.83    46.10   177.62     0.01     0.00    -0.00   0.021  240
   179.79    45.12   176.60     0.01     0.00    -0.00   0.020  241
   176.85    46.10   177.62     0.01     0.00    -0.01   0.021  242
   177.83    46.10   177.62     0.01     0.00    -0.00   0.020  243
   177.83    46.10   178.64     0.01     0.00    -0.00   0.021  244
   176.85    47.08   178.64     0.01     0.00    -0.00   0.020  245
   177.83    46.10   176.60     0.01     0.00    -0.00   0.021  246
   177.83    46.10   178.64     0.01     0.00    -0.00   0.020  247
   177.83    45.12   178.64     0.01     0.00    -0.00   0.021  248
   178.81    46.10   177.62     0.01     0.00    -0.00   0.020  249
   177.83    45.12   177.62     0.01     0.00    -0.00   0.021  250
   177.83    46.10   177.62     0.01     0.00    -0.00   0.020  251
   177.83    46.10   178.64     0.01     0.00    -0.00   0.021  252
   178.81    47.08   177.62     0.01     0.00    -0.00   0.020  253
   178.81    46.10   178.64     0.01     0.01    -0.00   0.021  254
   177.83    46.10   178.64     0.01     0.00    -0.00   0.020  255
   178.81    46.10   177.62     0.01     0.00    -0.00   0.021    0
   177.83    44.14   178.64     0.01     0.00    -0.00   0.020    1
   178.81    45.12   177.62     0.01     0.00    -0.00   0.021    2
   177.83    47.08   177.62     0.01     0.00    -0.01   0.020    3
   177.83    46.10   177.62     0.01     0.00    -0.00   0.020    4
   177.83    46.10   177.62     0.01     0.00    -0.00   0.021    5
   177.83    46.10   178.64     0.01     0.00    -0.00   0.020    6
   177.83    46.10   178.64     0.01     0.01    -0.00   0.021    7
   177.83    47.08   178.64     0.01     0.00    -0.00   0.020    8
   177.83    47.08   177.62     0.01     0.01    -0.00   0.021    9
   177.83    45.12   177.62     0.01     0.00    -0.00   0.020   10
   177.83    46.10   177.62     0.01     0.00    -0.00   0.021   11
   177.83    46.10   177.62     0.01     0.00    -0.00   0.020   12
   178.81    45.12   177.62     0.01     0.00    -0.00   0.021   13
   176.85    47.08   176.60     0.01     0.00    -0.00   0.020   14
   177.83    47.08   177.62     0.01     0.00    -0.00   0.021   15
   176.85    47.08   176.60     0.01     0.00    -0.00   0.020   16
   178.81    46.10   177.62     0.01     0.00    -0.00   0.021   17
   177.83    46.10   177.62     0.01     0.00    -0.00   0.020   18
   177.83    45.12   177.62     0.01     0.00    -0.00   0.021   19
   176.85    46.10   178.64     0.01     0.00    -0.00   0.020   20
   178.81    46.10   177.62     0.01     0.00    -0.00   0.021   21
   178.81    46.10   177.62     0.01     0.00    -0.00   0.020   22
   177.83    46.10   177.62     0.01     0.00    -0.00   0.021   23
   177.83    46.10   178.64     0.01     0.00    -0.00   0.020   24
   177.83    46.10   177.62     0.01     0.00    -0.00   0.021   25
   176.85    46.10   177.62     0.01     0.00    -0.00   0.020   26
   177.83    46.10   177.62     0.01     0.00    -0.00   0.021   27
   177.83    47.08   178.64     0.01     0.00    -0.00   0.020   28
   177.83    47.08   178.64     0.01     0.00    -0.00   0.020   29
   176.85    46.10   177.62     0.01     0.00    -0.00   0.021   30
   177.83    46.10   178.64     0.01     0.00    -0.00   0.020   31
   177.83    46.10   177.62     0.01     0.00    -0.00   0.021   32
   177.83    46.10   177.62     0.01     0.00    -0.00   0.020   33
   178.81    45.12   178.64     0.01     0.00    -0.00   0.021   34
   177.83    46.10   177.62     0.01     0.00    -0.00   0.020   35
   177.83    47.08   178.64     0.01     0.00    -0.00   0.021   36
   178.81    46.10   178.64     0.01     0.00    -0.00   0.020   37
   177.83    46.10   177.62     0.01     0.00    -0.00   0.021   38
   177.83    46.10   178.64     0.01     0.00    -0.00   0.020   39
   177.83    46.10   176.60     0.01     0.00    -0.00   0.021   40
   178.81    47.08   177.62     0.01     0.00    -0.00   0.020   41
   177.83    47.08   179.66     0.01     0.00    -0.00   0.021   42
   178.81    46.10   177.62     0.01     0.00    -0.00   0.020   43
   177.83    46.10   178.64     0.01     0.00    -0.00   0.021   44
   178.81    46.10   177.62     0.01     0.00    -0.00   0.020   45
   177.83    47.08   178.64     0.01     0.00    -0.00   0.021   46
   177.83    45.12   178.64     0.01     0.00    -0.00   0.020   47
