   172.95    50.02   179.66     0.01     0.00    -0.01   0.021    0
   173.92    51.00   178.64     0.01     0.00    -0.00   0.020    1
   173.92    50.02   179.66     0.01     0.00    -0.00   0.021    2
   172.95    51.00   179.66     0.01     0.00    -0.00   0.020    3
   172.95    51.00   178.64     0.01     0.00    -0.00   0.021    4
   172.95    51.00   179.66     0.01     0.00    -0.00   0.020    5
   173.92    51.00   179.66     0.01     0.00    -0.00   0.021    6
   175.88    51.00   180.68     0.01     0.00    -0.00   0.020    7
   175.88    51.00   179.66     0.01     0.00    -0.00   0.021    8
   174.90    50.02   178.64     0.01     0.00    -0.00   0.020    9
   173.92    51.98   178.64     0.01     0.00    -0.00   0.021   10
   173.92    51.98   178.64     0.01     0.00    -0.00   0.020   11
   172.95    50.02   179.66     0.01     0.00    -0.00   0.021   12
   173.92    51.00   180.68     0.01     0.00    -0.00   0.020   13
   173.92    51.00   179.66     0.01     0.00    -0.00   0.021   14
   174.90    51.00   178.64     0.01     0.00    -0.00   0.020   15
   174.90    50.02   180.68     0.01    -0.00    -0.00   0.020   16
   174.90    51.00   179.66     0.01     0.00    -0.00   0.021   17
   173.92    51.00   179.66     0.01     0.00    -0.00   0.020   18
   174.90    51.00   178.64     0.01     0.00    -0.00   0.021   19
   174.90    50.02   179.66     0.01     0.00    -0.00   0.020   20
   173.92    51.00   179.66     0.01     0.00    -0.00   0.021   21
   173.92    51.98   178.64     0.01     0.00    -0.00   0.020   22
   173.92    51.98   178.64     0.01     0.00    -0.00   0.021   23
   174.90    51.00   178.64     0.01     0.00    -0.00   0.020   24
   174.90    51.00   179.66     0.01     0.00    -0.00   0.021   25
   173.92    51.00   177.62     0.01     0.00    -0.00   0.020   26
   174.90    50.02   179.66     0.01     0.00    -0.00   0.021   27
   172.95    51.00   180.68     0.01     0.00    -0.00   0.020   28
   173.92    51.00   179.66     0.01     0.00    -0.00   0.021   29
   174.90    50.02   178.64     0.01     0.00    -0.00   0.020   30
   174.90    51.98   179.66     0.01    -0.00    -0.00   0.021   31
   174.90    51.00   178.64     0.01     0.00    -0.00   0.020   32
   174.90    51.00   179.66     0.01     0.00    -0.00   0.021   33
   174.90    50.02   179.66     0.01     0.00    -0.00   0.020   34
   174.90    49.04   178.64     0.01     0.00    -0.00   0.021   35
   175.88    50.02   178.64     0.01     0.00    -0.00   0.020   36
   174.90    51.00   178.64     0.01     0.00    -0.00   0.021   37
   173.92    51.00   178.64     0.01     0.00    -0.00   0.020   38
   173.92    50.02   179.66     0.01     0.00    -0.00   0.021   39
   173.92    51.00   178.64     0.01     0.00    -0.00   0.020   40
   174.90    51.00   178.64     0.01     0.00    -0.00   0.020   41
   173.92    50.02   179.66     0.01     0.00    -0.00   0.021   42
   173.92    51.00   179.66     0.01    -0.00    -0.00   0.020   43
   174.90    50.02   178.64     0.01     0.00    -0.00   0.021   44
   173.92    51.00   178.64     0.01     0.00    -0.00   0.020   45
   174.90    50.02   177.62     0.01     0.00    -0.00   0.021   46
   174.90    50.02   178.64     0.01     0.00    -0.00   0.020   47
   173.92    51.98   180.68     0.01     0.00    -0.00   0.021   48
   173.92    50.02   180.68     0.01     0.00    -0.00   0.020   49
   174.90    50.02   178.64     0.01     0.00    -0.00   0.021   50
   173.92    50.02   179.66     0.01    -0.00    -0.00   0.020   51
   174.90    50.02   179.66     0.01     0.00    -0.00   0.021   52
   173.92    51.00   179.66     0.01     0.00    -0.00   0.020   53
   174.90    51.00   180.68     0.01     0.00    -0.00   0.021   54
   174.90    51.00   178.64     0.01     0.00    -0.00   0.020   55
   173.92    50.02   178.64     0.01     0.00    -0.00   0.021   56
   174.90    51.00   180.68     0.01     0.00    -0.00   0.020   57
   173.92    50.02   178.64     0.01     0.00    -0.00   0.021   58
   173.92    50.02   177.62     0.01     0.00    -0.00   0.020   59
   172.95    51.00   179.66     0.01     0.00    -0.00   0.021   60
   173.92    51.00   180.68     0.01     0.00    -0.00   0.020   61
   174.90    51.00   178.64     0.01     0.00    -0.00   0.021   62
   174.90    51.00   179.66     0.01     0.00    -0.00   0.020   63
   174.90    50.02   179.66     0.01     0.00    -0.00   0.021   64
   173.92    51.00   177.62     0.01     0.00    -0.00   0.020   65
   174.90    51.00   179.66     0.01     0.00    -0.00   0.020   66
   173.92    51.00   178.64     0.01     0.00    -0.00   0.021   67
   173.92    51.98   179.66     0.01     0.00    -0.00   0.020   68
   175.88    51.00   178.64     0.01     0.00    -0.00   0.021   69
   173.92    51.00   178.64     0.01     0.00    -0.00   0.020   70
   173.92    51.98   178.64     0.01     0.00    -0.00   0.021   71
   174.90    51.00   177.62     0.01     0.00    -0.00   0.020   72
   174.90    50.02   178.64     0.01     0.00    -0.00   0.021   73
   173.92    51.00   180.68     0.01     0.00    -0.00   0.020   74
   173.92    51.00   178.64     0.01     0.00    -0.00   0.021   75
   173.92    51.00   177.62     0.01     0.00    -0.00   0.020   76
   174.90    49.04   179.66     0.01     0.00     0.00   0.021   77
   173.92    51.00   178.64     0.01     0.00    -0.00   0.020   78
   173.92    51.00   179.66     0.01     0.00    -0.00   0.021   79
   173.92    50.02   178.64     0.01     0.00    -0.00   0.020   80
   173.92    51.00   178.64     0.01     0.00    -0.00   0.021   81
   174.90    51.00   177.62     0.01     0.00    -0.00   0.020   82
   174.90    50.02   178.64     0.01     0.00    -0.00   0.021   83
   174.90    51.00   178.64     0.01     0.00    -0.00   0.020   84
   173.92    49.04   179.66     0.01     0.00    -0.00   0.021   85
   174.90    51.00   180.68     0.01     0.00    -0.00   0.020   86
   173.92    51.00   178.64     0.01     0.00    -0.00   0.021   87
   174.90    51.00   179.66     0.01     0.00    -0.00   0.020   88
   174.90    50.02   179.66     0.01     0.00    -0.00   0.021   89
   174.90    51.00   178.64     0.01     0.00    -0.00   0.020   90
   174.90    51.00   178.64     0.01     0.00    -0.00   0.020   91
   172.95    51.00   180.68     0.01     0.00    -0.00   0.021   92
   173.92    50.02   178.64     0.01     0.00    -0.00   0.020   93
   174.90    51.00   178.64     0.01     0.00    -0.00   0.021   94
   173.92    51.00   179.66     0.01     0.00    -0.00   0.020   95
   174.90    50.02   179.66     0.01     0.00    -0.00   0.021   96
   174.90    51.00   178.64     0.01     0.00    -0.00   0.020   97
   174.90    51.00   179.66     0.01     0.00    -0.00   0.021   98
   173.92    51.00   178.64     0.01     0.00    -0.00   0.020   99
   173.92    50.02   178.64     0.01     0.00    -0.00   0.021  100
   174.90    50.02   178.64     0.01     0.00    -0.00   0.020  101
   174.90    51.00   179.66     0.01     0.00    -0.00   0.021  102
   173.92    50.02   179.66     0.01     0.00    -0.00   0.020  103
   173.92    50.02   179.66     0.01     0.00    -0.00   0.021  104
   173.92    51.98   178.64     0.01     0.00    -0.00   0.020  105
   173.92    50.02   179.66     0.01     0.00    -0.00   0.021  106
   173.92    51.00   179.66     0.01     0.00    -0.00   0.020  107
   173.92    50.02   178.64     0.01     0.00    -0.00   0.021  108
   172.95    51.00   178.64     0.01     0.00    -0.00   0.020  109
   173.92    50.02   179.66     0.01     0.00    -0.00   0.021  110
   174.90    51.98   178.64     0.01     0.00    -0.00   0.020  111
   173.92    51.98   179.66     0.01     0.00    -0.00   0.021  112
   173.92    51.00   180.68     0.01     0.00    -0.00   0.020  113
   172.95    51.00   178.64     0.01     0.00    -0.00   0.021  114
   173.92    51.00   177.62     0.01     0.00    -0.00   0.020  115
   172.95    51.00   180.68     0.01     0.00    -0.00   0.020  116
   174.90    50.02   179.66     0.01     0.00    -0.00   0.021  117
   173.92    51.00   178.64     0.01     0.00    -0.00   0.020  118
   173.92    50.02   178.64     0.01     0.00    -0.00   0.021  119
   173.92    51.00   179.66     0.01     0.00    -0.00   0.020  120
   174.90    51.00   178.64     0.01     0.00    -0.00   0.021  121
   173.92    51.00   179.66     0.01     0.00    -0.00   0.020  122
   174.90    51.98   179.66     0.01     0.00    -0.00   0.021  123
   174.90    51.00   178.64     0.01     0.00    -0.00   0.020  124
   173.92    51.00   178.64     0.01     0.00    -0.00   0.021  125
   174.90    51.00   179.66     0.01     0.00    -0.00   0.020  126
   173.92    50.02   179.66     0.01     0.00    -0.00   0.021  127
   174.90    51.00   179.66     0.01     0.00    -0.00   0.020  128
   174.90    51.00   179.66     0.01     0.00    -0.00   0.021  129
   173.92    50.02   177.62     0.01     0.00    -0.00   0.020  130
   174.90    51.00   179.66     0.01     0.00    -0.00   0.021  131
   173.92    51.00   179.66     0.01     0.00    -0.00   0.020  132
   173.92    51.00   178.64     0.01     0.00    -0.00   0.021  133
   173.92    51.00   178.64     0.01    -0.00    -0.00   0.020  134
   173.92    51.00   179.66     0.01     0.00    -0.00   0.021  135
   174.90    50.02   179.66     0.01     0.00    -0.00   0.020  136
   173.92    50.02   179.66     0.01     0.00    -0.00   0.021  137
   174.90    51.00   179.66     0.01     0.00    -0.00   0.020  138
   173.92    51.00   178.64     0.01     0.00    -0.00   0.021  139
   173.92    51.00   179.66     0.01    -0.00    -0.00   0.020  140
   173.92    51.00   178.64     0.01     0.00    -0.00   0.020  141
   172.95    50.02   179.66     0.01     0.00    -0.00   0.021  142
   174.90    51.00   178.64     0.01     0.00    -0.00   0.020  143
   173.92    51.00   178.64     0.01     0.00    -0.00   0.021  144
   174.90    50.02   180.68     0.01     0.00    -0.00   0.020  145
   173.92    51.00   179.66     0.01     0.00    -0.00   0.021  146
   173.92    51.00   179.66     0.01     0.00    -0.00   0.020  147
   174.90    51.00   179.66     0.01     0.00    -0.00   0.021  148
   174.90    51.98   179.66     0.01     0.00    -0.00   0.020  149
   173.92    51.00   179.66     0.01     0.00    -0.00   0.021  150
   173.92    51.00   179.66     0.01     0.00    -0.00   0.020  151
   174.90    50.02   180.68     0.01    -0.00    -0.00   0.021  152
   172.95    51.98   178.64     0.01     0.00    -0.00   0.020  153
   174.90    51.00   179.66     0.01     0.00    -0.00   0.021  154
   174.90    51.00   179.66     0.01     0.00    -0.00   0.020  155
   173.92    50.02   178.64     0.01    -0.00    -0.00   0.021  156
   173.92    51.00   178.64     0.01     0.00    -0.00   0.020  157
   174.90    51.00   180.68     0.01    -0.00    -0.00   0.021  158
   173.92    51.98   178.64     0.01     0.00    -0.00   0.020  159
   173.92    50.02   178.64     0.01     0.00    -0.00   0.021  160
   174.90    51.98   179.66     0.01     0.00    -0.00   0.020  161
   173.92    51.00   178.64     0.01     0.00    -0.00   0.021  162
   174.90    49.04   179.66     0.01     0.00    -0.00   0.020  163
   172.95    51.98   179.66     0.01     0.00    -0.00   0.021  164
   173.92    51.00   178.64     0.01     0.00    -0.00   0.020  165
   173.92    51.00   180.68     0.01     0.00    -0.00   0.020  166
   173.92    51.00   179.66     0.01     0.00    -0.00   0.021  167
   174.90    50.02   179.66     0.01     0.00    -0.00   0.020  168
   173.92    51.00   179.66     0.01    -0.00    -0.00   0.021  169
   173.92    51.00   179.66     0.01     0.00    -0.00   0.020  170
   172.95    50.02   178.64     0.01     0.00    -0.00   0.021  171
   174.90    51.00   179.66     0.01     0.00    -0.00   0.020  172
   174.90    51.00   178.64     0.01     0.00    -0.00   0.021  173
   173.92    51.00   178.64     0.01     0.00    -0.00   0.020  174
   172.95    51.00   178.64     0.01     0.00    -0.00   0.021  175
   173.92    51.00   179.66     0.01     0.00    -0.00   0.020  176
   172.95    51.98   179.66     0.01     0.00    -0.00   0.021  177
   173.92    50.02   179.66     0.01     0.00    -0.00   0.020  178
   174.90    51.00   178.64     0.01     0.00    -0.00   0.021  179
   173.92    51.00   180.68     0.01     0.00    -0.00   0.020  180
   173.92    50.02   179.66     0.01     0.00    -0.00   0.021  181
   174.90    49.04   179.66     0.01     0.00    -0.00   0.020  182
   173.92    51.00   178.64     0.01     0.00    -0.00   0.021  183
   174.90    51.00   180.68     0.01    -0.00    -0.00   0.020  184
   173.92    51.00   178.64     0.01    -0.00    -0.00   0.021  185
   172.95    50.02   178.64     0.01    -0.00    -0.00   0.020  186
   173.92    50.02   179.66     0.01     0.00    -0.00   0.021  187
   173.92    51.00   179.66     0.01     0.00    -0.00   0.020  188
   173.92    51.00   179.66     0.01     0.00    -0.00   0.021  189
   174.90    50.02   178.64     0.01     0.00    -0.00   0.020  190
   174.90    50.02   179.66     0.01    -0.00    -0.00   0.020  191
   173.92    50.02   177.62     0.01    -0.00    -0.00   0.021  192
   174.90    51.00   178.64     0.01    -0.00    -0.00   0.020  193
   173.92    51.00   178.64     0.01     0.00    -0.00   0.021  194
   173.92    51.00   178.64     0.01     0.00    -0.00   0.020  195
   175.88    50.02   180.68     0.01     0.00    -0.00   0.021  196
   174.90    49.04   178.64     0.01     0.00    -0.00   0.020  197
   173.92    50.02   180.68     0.01     0.00    -0.00   0.021  198
   173.92    51.00   179.66     0.01     0.00    -0.00   0.020  199
   174.90    51.00   178.64     0.01     0.00    -0.00   0.021  200
   174.90    51.00   178.64     0.01    -0.00    -0.00   0.020  201
   174.90    50.02   179.66     0.01     0.00    -0.00   0.021  202
   174.90    50.02   179.66     0.01     0.00    -0.00   0.020  203
   173.92    50.02   178.64     0.01     0.00    -0.00   0.021  204
   174.90    51.00   178.64     0.01     0.00    -0.00   0.020  205
   173.92    51.00   178.64     0.01     0.00    -0.00   0.021  206
   173.92    50.02   179.66     0.01     0.00    -0.00   0.020  207
   173.92    51.00   180.68     0.01     0.00    -0.00   0.021  208
   173.92    50.02   179.66     0.01     0.00    -0.00   0.020  209
   173.92    51.00   178.64     0.01     0.00    -0.00   0.021  210
   173.92    51.00   178.64     0.01     0.00     0.00   0.020  211
   173.92    49.04   179.66     0.01     0.00    -0.00   0.021  212
   173.92    51.00   178.64     0.01     0.00    -0.00   0.020  213
   174.90    51.00   179.66     0.01     0.00    -0.00   0.021  214
   174.90    50.02   180.68     0.01     0.00    -0.00   0.020  215
   173.92    51.00   179.66     0.01     0.00    -0.00   0.020  216
   173.92    51.00   179.66     0.01     0.00    -0.00   0.021  217
   173.92    51.00   177.62     0.01     0.00    -0.00   0.020  218
   172.95    51.98   178.64     0.01     0.00    -0.00   0.021  219
   173.92    51.00   178.64     0.01     0.00    -0.00   0.020  220
   173.92    51.00   178.64     0.01     0.00    -0.00   0.021  221
   173.92    51.00   179.66     0.01     0.00    -0.00   0.020  222
   174.90    51.00   180.68     0.01     0.00    -0.00   0.021  223
   173.92    51.98   178.64     0.01     0.00    -0.00   0.020  224
   174.90    50.02   179.66     0.01     0.00    -0.00   0.021  225
   173.92    51.00   178.64     0.01    -0.00    -0.00   0.020  226
   174.90    50.02   178.64     0.01     0.00    -0.00   0.021  227
   173.92    50.02   179.66     0.01     0.00    -0.00   0.020  228
   173.92    51.00   179.66     0.01     0.00    -0.00   0.021  229
   173.92    51.00   179.66     0.01     0.00    -0.00   0.020  230
   173.92    51.00   177.62     0.01     0.00    -0.00   0.021  231
   174.90    51.00   178.64     0.01     0.00    -0.00   0.020  232
   174.90    51.98   178.64     0.01     0.00    -0.00   0.021  233
   173.92    51.00   177.62     0.01     0.00    -0.00   0.020  234
   174.90    51.00   178.64     0.01     0.00    -0.00   0.021  235
   173.92    50.02   177.62     0.01     0.00    -0.00   0.020  236
   174.90    49.04   178.64     0.01     0.00    -0.00   0.021  237
   173.92    51.00   178.64     0.01     0.00    -0.00   0.020  238
   173.92    51.00   179.66     0.01     0.00    -0.00   0.021  239
   173.92    50.02   179.66     0.01     0.00    -0.00   0.020  240
   173.92    50.02   177.62     0.01     0.00    -0.00   0.020  241
   174.90    51.00   178.64     0.01     0.00    -0.00   0.021  242
   174.90    51.00   179.66     0.01     0.00    -0.00   0.020  243
   174.90    50.02   179.66     0.01     0.00    -0.00   0.021  244
   173.92    51.00   179.66     0.01     0.00    -0.00   0.020  245
   173.92    51.00   179.66     0.01     0.00    -0.00   0.021  246
   174.90    50.02   178.64     0.01     0.00    -0.00   0.020  247
   173.92    51.00   180.68     0.01     0.00    -0.00   0.021  248
   173.92    50.02   178.64     0.01    -0.00    -0.00   0.020  249
   172.95    51.98   178.64     0.01    -0.00    -0.00   0.021  250
   174.90    50.02   179.66     0.01    -0.00    -0.00   0.020  251
   173.92    50.02   178.64     0.01    -0.00    -0.00   0.021  252
   174.90    51.98   178.64     0.01     0.00    -0.00   0.020  253
   174.90    51.00   179.66     0.01     0.00    -0.00   0.021  254
   173.92    51.00   178.64     0.01     0.00    -0.00   0.020  255
   173.92    51.00   179.66     0.01    -0.00    -0.00   0.021    0
   173.92    51.00   178.64     0.01     0.00    -0.00   0.020    1
   174.90    50.02   179.66     0.01     0.00    -0.00   0.021    2
   173.92    51.00   178.64     0.01     0.00    -0.00   0.020    3
   173.92    51.00   178.64     0.01     0.00    -0.00   0.021    4
   174.90    51.00   180.68     0.01    -0.00    -0.00   0.020    5
   173.92    51.00   178.64     0.01    -0.00    -0.00   0.021    6
   173.92    50.02   178.64     0.01    -0.00    -0.00   0.020    7
   174.90    51.00   178.64     0.01     0.00    -0.00   0.021    8
   172.95    51.00   177.62     0.01     0.00    -0.00   0.020    9
   174.90    50.02   179.66     0.01     0.00    -0.00   0.020   10
   174.90    50.02   179.66     0.01     0.00    -0.00   0.021   11
   173.92    51.00   178.64     0.01     0.00    -0.00   0.020   12
   173.92    50.02   179.66     0.01     0.00    -0.00   0.021   13
   174.90    51.00   180.68     0.01     0.00    -0.00   0.020   14
   173.92    51.98   179.66     0.01     0.00    -0.00   0.021   15
   172.95    50.02   178.64     0.01    -0.00    -0.00   0.020   16
   173.92    51.98   178.64     0.01    -0.00    -0.00   0.021   17
   173.92    51.00   178.64     0.01     0.00    -0.00   0.020   18
   175.88    50.02   178.64     0.01     0.00    -0.00   0.021   19
   173.92    51.00   178.64     0.01     0.00    -0.00   0.020   20
   173.92    50.02   178.64     0.01     0.00    -0.00   0.021   21
   175.88    50.02   179.66     0.01     0.00    -0.00   0.020   22
   173.92    51.00   179.66     0.01     0.00    -0.00   0.021   23
   173.92    50.02   179.66     0.01     0.00    -0.00   0.020   24
   173.92    51.00   179.66     0.01     0.00    -0.00   0.021   25
   173.92    51.00   179.66     0.01     0.00    -0.00   0.020   26
   173.92    50.02   179.66     0.01     0.00    -0.00   0.021   27
   173.92    50.02   177.62     0.01     0.00    -0.00   0.020   28
   174.90    51.00   178.64     0.01     0.00    -0.00   0.021   29
   173.92    51.00   178.64     0.01     0.00    -0.00   0.020   30
   173.92    50.02   180.68     0.01     0.00    -0.00   0.021   31
   174.90    50.02   179.66     0.01     0.00    -0.00   0.020   32
   173.92    51.00   179.66     0.01     0.00    -0.00   0.021   33
   174.90    51.00   179.66     0.01     0.00    -0.00   0.020   34
   173.92    50.02   178.64     0.01     0.00    -0.00   0.020   35
   173.92    51.00   178.64     0.01     0.00    -0.00   0.021   36
   174.90    51.00   180.68     0.01     0.00    -0.00   0.020   37
   173.92    51.00   178.64     0.01     0.00    -0.00   0.021   38
   173.92    50.02   178.64     0.01     0.00    -0.00   0.020   39
   173.92    51.00   178.64     0.01     0.00    -0.00   0.021   40
   173.92    51.98   178.64     0.01     0.00    -0.00   0.020   41
   173.92    51.00   178.64     0.01    -0.00    -0.00   0.021   42
   174.90    51.00   179.66     0.01    -0.00    -0.00   0.020   43
   173.92    51.00   178.64     0.01     0.00    -0.00   0.021   44
   173.92    51.00   178.64     0.01     0.00    -0.00   0.020   45
   174.90    51.00   180.68     0.01     0.00    -0.00   0.021   46
   175.88    51.00   180.68     0.01     0.00    -0.00   0.020   47
   174.90    50.02   179.66     0.01     0.00    -0.00   0.021   48
   172.95    50.02   180.68     0.01     0.00    -0.00   0.020   49
   173.92    50.02   178.64     0.01     0.00    -0.00   0.021   50
   173.92    50.02   179.66     0.01     0.00    -0.00   0.020   51
   174.90    51.00   180.68     0.01     0.00    -0.00   0.021   52
   173.92    51.00   178.64     0.01     0.00    -0.00   0.020   53
   173.92    51.00   178.64     0.01     0.00    -0.00   0.021   54
   173.92    51.00   179.66     0.01     0.00    -0.00   0.020   55
   174.90    51.00   179.66     0.01     0.00    -0.00   0.021   56
   173.92    50.02   180.68     0.01     0.00    -0.00   0.020   57
   174.90    50.02   178.64     0.01     0.00    -0.00   0.021   58
   173.92    51.00   179.66     0.01     0.00    -0.00   0.020   59
   173.92    50.02   179.66     0.01     0.00     0.00   0.020   60
   173.92    51.00   180.68     0.01     0.00    -0.00   0.021   61
   173.92    51.00   178.64     0.01     0.00    -0.00   0.020   62
   174.90    51.00   178.64     0.01     0.00    -0.00   0.021   63
   174.90    50.02   179.66     0.01     0.00    -0.00   0.020   64
   174.90    51.00   178.64     0.01     0.00    -0.00   0.021   65
   174.90    51.00   179.66     0.01     0.00    -0.00   0.020   66
   174.90    51.00   179.66     0.01     0.00    -0.00   0.021   67
   173.92    49.04   178.64     0.01     0.00    -0.00   0.020   68
   174.90    50.02   178.64     0.01     0.00    -0.00   0.021   69
   174.90    51.00   178.64     0.01     0.00    -0.00   0.020   70
   174.90    50.02   180.68     0.01     0.00    -0.00   0.021   71
   174.90    51.00   180.68     0.01     0.00     0.00   0.020   72
   173.92    51.00   180.68     0.01     0.00    -0.00   0.021   73
   174.90    50.02   179.66     0.01     0.00    -0.00   0.020   74
   174.90    50.02   179.66     0.01     0.00    -0.00   0.021   75
   173.92    51.00   178.64     0.01     0.00    -0.00   0.020   76
   174.90    50.02   179.66     0.01     0.00    -0.00   0.021   77
   174.90    51.00   179.66     0.01     0.00    -0.00   0.020   78
   173.92    50.02   179.66     0.01     0.00    -0.00   0.021   79
   173.92    51.00   178.64     0.01     0.00    -0.00   0.020   80
   172.95    51.00   179.66     0.01     0.00    -0.00   0.021   81
   172.95    50.02   180.68     0.01     0.00     0.00   0.020   82
   174.90    50.02   180.68     0.01     0.00    -0.00   0.021   83
   174.90    51.00   180.68     0.01     0.00    -0.00   0.020   84
   174.90    49.04   178.64     0.01     0.00    -0.00   0.020   85
   173.92    51.00   180.68     0.01     0.00    -0.00   0.021   86
   174.90    50.02   178.64     0.01     0.00    -0.00   0.020   87
   172.95    51.00   178.64     0.01     0.00    -0.00   0.021   88
   174.90    50.02   179.66     0.01     0.00    -0.00   0.020   89
   173.92    50.02   178.64     0.01     0.00    -0.00   0.021   90
   173.92    51.98   179.66     0.01     0.00    -0.00   0.020   91
   173.92    50.02   178.64     0.01     0.00    -0.00   0.021   92
   173.92    51.00   179.66     0.01     0.00    -0.00   0.020   93
   175.88    51.00   178.64     0.01     0.00    -0.00   0.021   94
   174.90    49.04   177.62     0.01     0.00    -0.00   0.020   95
   173.92    50.02   180.68     0.01     0.00    -0.00   0.021   96
   174.90    51.00   179.66     0.01     0.00    -0.00   0.020   97
   173.92    51.00   179.66     0.01     0.00    -0.00   0.021   98
   172.95    51.00   178.64     0.01     0.00    -0.00   0.020   99
   174.90    51.00   179.66     0.01     0.00    -0.00   0.021  100
   172.95    50.02   179.66     0.01     0.00    -0.00   0.020  101
   173.92    51.00   179.66     0.01     0.00    -0.00   0.021  102
   174.90    51.00   180.68     0.01     0.00    -0.00   0.020  103
   174.90    51.00   179.66     0.01     0.00    -0.00   0.021  104
   174.90    51.00   179.66     0.01     0.00    -0.00   0.020  105
   174.90    51.00   178.64     0.01     0.00    -0.00   0.021  106
   174.90    50.02   180.68     0.01     0.00    -0.00   0.020  107
   175.88    50.02   177.62     0.01     0.00    -0.00   0.021  108
   173.92    50.02   179.66     0.01     0.00    -0.00   0.020  109
   173.92    50.02   178.64     0.01     0.00    -0.00   0.020  110
   174.90    51.00   180.68     0.01     0.00    -0.00   0.021  111
   174.90    50.02   178.64     0.01     0.00    -0.00   0.020  112
   172.95    50.02   178.64     0.01     0.00    -0.00   0.021  113
   172.95    51.98   178.64     0.01     0.00    -0.00   0.020  114
   173.92    51.00   178.64     0.01     0.00    -0.00   0.021  115
   173.92    50.02   178.64     0.01     0.00    -0.00   0.020  116
   173.92    51.00   178.64     0.01     0.00     0.00   0.021  117
   173.92    51.00   179.66     0.01     0.00     0.00   0.020  118
   173.92    50.02   178.64     0.01     0.00     0.00   0.021  119
   173.92    51.00   179.66     0.01     0.00     0.00   0.020  120
   174.90    50.02   179.66     0.01    -0.00     0.00   0.021  121
   174.90    49.04   179.66     0.01    -0.00    -0.00   0.020  122
   172.95    50.02   179.66     0.01     0.00    -0.00   0.021  123
   173.92    50.02   178.64     0.01     0.00    -0.00   0.020  124
   173.92    51.00   179.66     0.01    -0.00    -0.00   0.021  125
   173.92    50.02   178.64     0.01     0.00    -0.00   0.020  126
   173.92    50.02   179.66     0.01     0.00    -0.00   0.021  127
   173.92    50.02   179.66     0.01     0.00    -0.00   0.020  128
   174.90    50.02   178.64     0.01     0.00    -0.00   0.021  129
   173.92    50.02   179.66     0.01     0.00    -0.00   0.020  130
   173.92    50.02   179.66     0.01     0.00    -0.00   0.021  131
   172.95    50.02   179.66     0.01     0.00    -0.00   0.020  132
   174.90    50.02   180.68     0.01     0.00    -0.00   0.021  133
   173.92    50.02   179.66     0.01     0.00    -0.00   0.020  134
   173.92    50.02   179.66     0.01     0.00    -0.00   0.020  135
   174.90    51.00   180.68     0.01     0.00    -0.00   0.021  136
   173.92    50.02   178.64     0.01     0.00    -0.00   0.020  137
   174.90    50.02   179.66     0.01    -0.00    -0.00   0.021  138
   174.90    51.00   179.66     0.01     0.00    -0.00   0.020  139
   173.92    51.00   179.66     0.01     0.00    -0.00   0.021  140
   173.92    51.00   178.64     0.01     0.00    -0.00   0.020  141
   173.92    50.02   180.68     0.01     0.00    -0.00   0.021  142
   173.92    50.02   179.66     0.01     0.00    -0.00   0.020  143
   175.88    51.00   179.66     0.01     0.00    -0.00   0.021  144
   174.90    50.02   179.66     0.01     0.00    -0.00   0.020  145
   172.95    50.02   178.64     0.01     0.00    -0.00   0.021  146
   174.90    51.00   179.66     0.01     0.00    -0.00   0.020  147
   173.92    50.02   177.62     0.01     0.00    -0.00   0.021  148
   173.92    51.00   180.68     0.01     0.00    -0.00   0.020  149
   175.88    49.04   179.66     0.01     0.00    -0.00   0.021  150
   173.92    49.04   178.64     0.01     0.00    -0.00   0.020  151
   172.95    51.00   178.64     0.01     0.00    -0.00   0.021  152
   173.92    51.00   179.66     0.01     0.00     0.00   0.020  153
   174.90    51.00   179.66     0.01     0.00    -0.00   0.021  154
   172.95    51.00   178.64     0.01     0.00    -0.00   0.020  155
   173.92    51.00   179.66     0.01    -0.00    -0.00   0.021  156
   173.92    50.02   178.64     0.01     0.00    -0.00   0.020  157
   173.92    50.02   179.66     0.01    -0.00    -0.00   0.021  158
   175.88    49.04   178.64     0.01    -0.00    -0.00   0.020  159
   173.92    51.00   179.66     0.01     0.00    -0.00   0.020  160
   174.90    51.00   179.66     0.01    -0.00    -0.00   0.021  161
   173.92    50.02   178.64     0.01     0.00    -0.00   0.020  162
   174.90    50.02   179.66     0.01    -0.00    -0.00   0.021  163
   174.90    49.04   178.64     0.01    -0.00    -0.00   0.020  164
   173.92    51.00   179.66     0.01    -0.00    -0.01   0.021  165
   174.90    50.02   179.66     0.01     0.00    -0.00   0.020  166
   173.92    49.04   177.62     0.01     0.00    -0.00   0.021  167
   173.92    50.02   179.66     0.01     0.00    -0.00   0.020  168
   174.90    49.04   180.68     0.01    -0.00    -0.00   0.021  169
   173.92    51.00   179.66     0.01     0.00    -0.00   0.020  170
   173.92    50.02   178.64     0.01     0.00    -0.00   0.021  171
   173.92    49.04   178.64     0.01     0.00    -0.00   0.020  172
   173.92    51.00   178.64     0.01     0.00    -0.00   0.021  173
   173.92    51.00   179.66     0.01     0.00    -0.00   0.020  174
   172.95    51.98   178.64     0.01     0.00    -0.00   0.021  175
   173.92    51.00   180.68     0.01    -0.00    -0.00   0.020  176
   174.90    50.02   179.66     0.01     0.00    -0.00   0.021  177
   173.92    50.02   179.66     0.01    -0.00    -0.00   0.020  178
   174.90    51.00   178.64     0.01     0.00    -0.00   0.021  179
   174.90    51.98   178.64     0.01     0.00    -0.00   0.020  180
   173.92    50.02   178.64     0.01     0.00    -0.00   0.021  181
   174.90    50.02   179.66     0.01     0.00    -0.00   0.020  182
   173.92    51.00   179.66     0.01     0.00    -0.00   0.021  183
   173.92    51.00   179.66     0.01    -0.00    -0.00   0.020  184
   174.90    50.02   179.66     0.01    -0.00    -0.00   0.020  185
   173.92    51.00   179.66     0.01     0.00    -0.00   0.021  186
   174.90    51.00   178.64     0.01     0.00    -0.00   0.020  187
   173.92    51.98   178.64     0.01     0.00    -0.00   0.021  188
   174.90    51.00   178.64     0.01     0.00    -0.00   0.020  189
   174.90    51.00   178.64     0.01     0.00     0.00   0.021  190
   173.92    49.04   179.66     0.01     0.00    -0.00   0.020  191
   172.95    50.02   179.66     0.01     0.00    -0.00   0.021  192
   174.90    51.00   179.66     0.01     0.00    -0.00   0.020  193
   173.92    51.00   178.64     0.01     0.00    -0.00   0.021  194
   174.90    51.00   179.66     0.01     0.00    -0.00   0.020  195
   174.90    50.02   178.64     0.01     0.00    -0.00   0.021  196
   174.90    51.00   179.66     0.01    -0.00    -0.00   0.020  197
   173.92    50.02   179.66     0.01     0.00    -0.00   0.021  198
   173.92    50.02   178.64     0.01     0.00    -0.00   0.020  199
   173.92    50.02   178.64     0.01     0.00    -0.00   0.021  200
   173.92    51.00   180.68     0.01     0.00    -0.00   0.020  201
   175.88    50.02   178.64     0.01     0.00    -0.00   0.021  202
   174.90    51.00   177.62     0.01     0.00    -0.00   0.020  203
   172.95    51.00   177.62     0.01     0.00    -0.00   0.021  204
   173.92    51.00   178.64     0.01     0.00    -0.00   0.020  205
   173.92    50.02   178.64     0.01     0.00    -0.00   0.021  206
   173.92    51.00   179.66     0.01     0.00    -0.00   0.020  207
   174.90    50.02   178.64     0.01     0.00    -0.00   0.021  208
   174.90    51.98   180.68     0.01     0.00    -0.00   0.020  209
   175.88    50.02   178.64     0.01     0.00    -0.00   0.020  210
   173.92    51.00   178.64     0.01     0.00    -0.01   0.021  211
   174.90    51.00   179.66     0.01     0.00    -0.00   0.020  212
   174.90    50.02   178.64     0.01     0.00    -0.00   0.021  213
   173.92    51.98   179.66     0.01     0.00    -0.00   0.020  214
   174.90    51.00   179.66     0.01     0.00    -0.00   0.021  215
   173.92    51.00   179.66     0.01     0.00    -0.00   0.020  216
   172.95    51.00   179.66     0.01     0.00    -0.00   0.021  217
   174.90    50.02   179.66     0.01     0.00    -0.00   0.020  218
   174.90    51.00   178.64     0.01     0.00    -0.00   0.021  219
   175.88    50.02   179.66     0.01     0.00    -0.00   0.020  220
   172.95    50.02   179.66     0.01     0.00    -0.00   0.021  221
   174.90    51.00   179.66     0.01     0.00    -0.00   0.020  222
   174.90    51.00   180.68     0.01     0.00    -0.00   0.021  223
   173.92    50.02   179.66     0.01     0.00    -0.00   0.020  224
   173.92    51.98   180.68     0.01     0.00    -0.00   0.021  225
   173.92    50.02   178.64     0.01     0.00    -0.00   0.020  226
   175.88    50.02   178.64     0.01     0.00    -0.00   0.021  227
   174.90    51.00   180.68     0.01     0.00    -0.00   0.020  228
   173.92    51.00   179.66     0.01     0.00    -0.00   0.021  229
   174.90    51.00   180.68     0.01     0.00    -0.00   0.020  230
   173.92    50.02   179.66     0.01     0.00    -0.00   0.021  231
   173.92    50.02   179.66     0.01     0.00    -0.00   0.020  232
   173.92    51.00   179.66     0.01     0.00    -0.00   0.021  233
   173.92    51.00   178.64     0.01     0.00    -0.00   0.020  234
   173.92    51.00   178.64     0.01     0.00    -0.00   0.020  235
   172.95    51.00   179.66     0.01     0.00    -0.00   0.021  236
   172.95    51.00   179.66     0.01     0.00    -0.00   0.020  237
   173.92    51.98   179.66     0.01     0.00    -0.00   0.021  238
   174.90    50.02   178.64     0.01     0.00    -0.00   0.020  239
   173.92    51.00   178.64     0.01     0.00    -0.00   0.021  240
   174.90    51.00   179.66     0.01     0.00    -0.00   0.020  241
   173.92    51.00   178.64     0.01     0.00    -0.00   0.021  242
   173.92    51.00   178.64     0.01     0.00    -0.00   0.020  243
   174.90    52.97   179.66     0.01     0.00    -0.00   0.021  244
   173.92    50.02   178.64     0.01     0.00    -0.00   0.020  245
   173.92    51.00   179.66     0.01     0.00    -0.00   0.021  246
   173.92    51.00   178.64     0.01     0.00    -0.00   0.020  247
   173.92    50.02   178.64     0.01     0.00    -0.00   0.021  248
   174.90    51.00   179.66     0.01    -0.00    -0.00   0.020  249
   174.90    50.02   179.66     0.01     0.00    -0.00   0.021  250
   173.92    50.02   179.66     0.01     0.00    -0.00   0.020  251
   173.92    51.00   179.66     0.01     0.00    -0.00   0.021  252
   173.92    50.02   178.64     0.01     0.00    -0.00   0.020  253
   172.95    51.00   178.64     0.01     0.00    -0.00   0.021  254
   174.90    50.02   178.64     0.01     0.00    -0.00   0.020  255
   174.90    50.02   180.68     0.01    -0.00    -0.00   0.021    0
   173.92    51.98   180.68     0.01     0.00    -0.00   0.020    1
   173.92    50.02   179.66     0.01     0.00    -0.00   0.021    2
   173.92    51.00   178.64     0.01     0.00    -0.00   0.020    3
   173.92    51.00   179.66     0.01     0.00     0.00   0.020    4
   173.92    51.00   179.66     0.01     0.00     0.00   0.021    5
   173.92    50.02   179.66     0.01     0.00    -0.00   0.020    6
   173.92    51.00   179.66     0.01     0.00    -0.00   0.021    7
   173.92    51.00   178.64     0.01     0.00    -0.00   0.020    8
   172.95    51.00   179.66     0.01     0.00    -0.00   0.021    9
   173.92    51.00   179.66     0.01     0.00    -0.00   0.020   10
   173.92    51.00   179.66     0.01     0.00    -0.00   0.021   11
   173.92    51.00   179.66     0.01     0.00    -0.00   0.020   12
   173.92    50.02   179.66     0.01    -0.00    -0.00   0.021   13
   172.95    50.02   179.66     0.01     0.00    -0.00   0.020   14
   173.92    51.00   179.66     0.01    -0.00    -0.00   0.021   15
   172.95    51.00   180.68     0.01     0.00    -0.00   0.020   16
   174.90    50.02   179.66     0.01     0.00    -0.00   0.021   17
   173.92    50.02   177.62     0.01     0.00    -0.00   0.020   18
   173.92    50.02   179.66     0.01     0.00    -0.00   0.021   19
   174.90    51.00   179.66     0.01     0.00    -0.00   0.020   20
   173.92    50.02   179.66     0.01     0.00    -0.00   0.021   21
   174.90    51.00   179.66     0.01     0.00    -0.00   0.020   22
   174.90    51.00   179.66     0.01     0.00    -0.00   0.021   23
   172.95    50.02   179.66     0.01     0.00    -0.00   0.020   24
   174.90    51.00   178.64     0.01     0.00    -0.00   0.021   25
   173.92    51.00   178.64     0.01     0.00    -0.00   0.020   26
   174.90    51.00   177.62     0.01     0.00    -0.00   0.021   27
   174.90    50.02   178.64     0.01     0.00    -0.00   0.020   28
   174.90    50.02   179.66     0.01     0.00    -0.00   0.020   29
   172.95    51.00   177.62     0.01     0.00    -0.00   0.021   30
   173.92    50.02   179.66     0.01     0.00    -0.00   0.020   31
   174.90    51.00   179.66     0.01    -0.00    -0.00   0.021   32
   174.90    50.02   178.64     0.01    -0.00    -0.00   0.020   33
   173.92    51.00   179.66     0.01     0.00    -0.00   0.021   34
   173.92    51.00   179.66     0.01     0.00    -0.00   0.020   35
   172.95    51.00   179.66     0.01     0.00    -0.00   0.021   36
   174.90    51.00   179.66     0.01     0.00    -0.00   0.020   37
   174.90    50.02   180.68     0.01     0.00    -0.00   0.021   38
   173.92    51.00   179.66     0.01     0.00     0.00   0.020   39
   173.92    51.00   180.68     0.01     0.00    -0.00   0.021   40
   173.92    51.00   179.66     0.01     0.00    -0.00   0.020   41
   173.92    50.02   180.68     0.01    -0.00    -0.00   0.021   42
   175.88    51.00   179.66     0.01     0.00    -0.00   0.020   43
   174.90    50.02   178.64     0.01     0.00    -0.00   0.021   44
   173.92    51.00   179.66     0.01     0.00    -0.00   0.020   45
   174.90    51.00   179.66     0.01     0.00    -0.00   0.021   46
   173.92    51.00   179.66     0.01    -0.00    -0.00   0.020   47
   173.92    51.00   179.66     0.01     0.00    -0.00   0.021   48
   173.92    51.98   178.64     0.01    -0.00    -0.00   0.020   49
   173.92    50.02   178.64     0.01     0.00    -0.00   0.021   50
   174.90    50.02   179.66     0.01     0.00    -0.00   0.020   51
   174.90    50.02   179.66     0.01     0.00    -0.00   0.021   52
   173.92    50.02   178.64     0.01     0.00    -0.00   0.020   53
   173.92    51.00   179.66     0.01    -0.00    -0.00   0.020   54
   172.95    51.00   177.62     0.01     0.00    -0.00   0.021   55
   174.90    50.02   179.66     0.01     0.00    -0.00   0.020   56
   173.92    50.02   179.66     0.01     0.00    -0.00   0.021   57
   173.92    50.02   180.68     0.01     0.00    -0.00   0.020   58
   173.92    50.02   179.66     0.01     0.00    -0.00   0.021   59
   173.92    51.00   179.66     0.01     0.00    -0.00   0.020   60
   173.92    50.02   178.64     0.01     0.00    -0.00   0.021   61
   173.92    50.02   179.66     0.01     0.00    -0.00   0.020   62
   173.92    50.02   179.66     0.01     0.00    -0.00   0.021   63
   173.92    51.98   178.64     0.01     0.00    -0.00   0.020   64
   173.92    51.00   180.68     0.01     0.00    -0.00   0.021   65
   173.92    51.00   178.64     0.01     0.00    -0.00   0.020   66
   174.90    50.02   179.66     0.01     0.00    -0.00   0.021   67
   174.90    51.00   180.68     0.01    -0.00    -0.00   0.020   68
   174.90    49.04   179.66     0.01    -0.00    -0.00   0.021   69
   173.92    51.00   178.64     0.01    -0.00    -0.00   0.020   70
   173.92    51.00   179.66     0.01     0.00    -0.00   0.021   71
   174.90    50.02   179.66     0.01     0.00    -0.00   0.020   72
   174.90    51.00   179.66     0.01     0.00    -0.00   0.021   73
   173.92    50.02   179.66     0.01     0.00    -0.00   0.020   74
   173.92    51.00   179.66     0.01     0.00    -0.00   0.021   75
   174.90    50.02   178.64     0.01     0.00    -0.00   0.020   76
   172.95    51.00   179.66     0.01    -0.00    -0.00   0.021   77
   172.95    51.00   179.66     0.01     0.00    -0.00   0.020   78
   174.90    50.02   178.64     0.01     0.00    -0.00   0.020   79
   173.92    50.02   179.66     0.01     0.00     0.00   0.021   80
   174.90    50.02   180.68     0.01     0.00    -0.00   0.020   81
   174.90    50.02   179.66     0.01     0.00    -0.00   0.021   82
   173.92    50.02   180.68     0.01     0.00    -0.00   0.020   83
