   177.83    47.08   178.64     0.01     0.00    -0.00   0.021    0
   177.83    47.08   178.64     0.01     0.00    -0.00   0.020    1
   178.81    48.06   177.62     0.01     0.00    -0.00   0.021    2
   177.83    48.06   177.62     0.01     0.00    -0.00   0.020    3
   177.83    47.08   176.60     0.01     0.00    -0.00   0.021    4
   177.83    48.06   177.62     0.01     0.00    -0.00   0.020    5
   177.83    49.04   178.64     0.01     0.00    -0.00   0.021    6
   176.85    49.04   177.62     0.01     0.00    -0.00   0.020    7
   177.83    49.04   179.66     0.01     0.00    -0.00   0.021    8
   178.81    48.06   177.62     0.01     0.00    -0.00   0.020    9
   176.85    48.06   177.62     0.01     0.00    -0.00   0.021   10
   178.81    49.04   178.64     0.01     0.00    -0.00   0.020   11
   177.83    48.06   177.62     0.01     0.00    -0.00   0.021   12
   177.83    48.06   177.62     0.01     0.00    -0.00   0.020   13
   176.85    49.04   177.62     0.01     0.00    -0.00   0.021   14
   176.85    48.06   178.64     0.01     0.00    -0.01   0.020   15
   176.85    48.06   176.60     0.01     0.00    -0.00   0.020   16
   177.83    48.06   177.62     0.01     0.00    -0.00   0.021   17
   176.85    49.04   178.64     0.01     0.00    -0.01   0.020   18
   177.83    49.04   176.60     0.01     0.00    -0.00   0.021   19
   176.85    48.06   178.64     0.01     0.00    -0.01   0.020   20
   177.83    48.06   176.60     0.01     0.00    -0.01   0.021   21
   177.83    47.08   176.60     0.01     0.00    -0.01   0.020   22
   177.83    49.04   176.60     0.01     0.00    -0.00   0.021   23
   178.81    48.06   176.60     0.01     0.00    -0.01   0.020   24
   177.83    48.06   176.60     0.01     0.00    -0.00   0.021   25
   177.83    49.04   177.62     0.01     0.00    -0.00   0.020   26
   177.83    48.06   177.62     0.01     0.00    -0.00   0.021   27
   178.81    49.04   177.62     0.01     0.00    -0.00   0.020   28
   178.81    49.04   178.64     0.01     0.00    -0.00   0.021   29
   177.83    48.06   176.60     0.01     0.00    -0.01   0.020   30
   177.83    48.06   177.62     0.01     0.00    -0.00   0.021   31
   177.83    48.06   176.60     0.01     0.00    -0.00   0.020   32
   177.83    49.04   177.62     0.01     0.00    -0.00   0.021   33
   177.83    48.06   175.59     0.01     0.00    -0.00   0.020   34
   177.83    49.04   176.60     0.01     0.00    -0.00   0.021   35
   178.81    47.08   176.60     0.01     0.00    -0.00   0.020   36
   177.83    48.06   176.60     0.01     0.00    -0.00   0.021   37
   177.83    49.04   176.60     0.01     0.00    -0.00   0.020   38
   176.85    49.04   177.62     0.01     0.00    -0.00   0.021   39
   177.83    48.06   177.62     0.01     0.00    -0.00   0.020   40
   176.85    48.06   176.60     0.01     0.00    -0.00   0.020   41
   177.83    49.04   177.62     0.01     0.00    -0.00   0.021   42
   178.81    48.06   177.62     0.01     0.00    -0.00   0.020   43
   177.83    48.06   176.60     0.01     0.00    -0.00   0.021   44
   177.83    49.04   177.62     0.01     0.00    -0.01   0.020   45
   178.81    49.04   177.62     0.01     0.00    -0.01   0.021   46
   176.85    48.06   178.64     0.01     0.00    -0.00   0.020   47
   176.85    48.06   175.59     0.01     0.00    -0.00   0.021   48
   177.83    48.06   176.60     0.01     0.00    -0.00   0.020   49
   177.83    48.06   176.60     0.01     0.00    -0.00   0.021   50
   176.85    49.04   178.64     0.01     0.00    -0.00   0.020   51
   177.83    48.06   176.60     0.01     0.00    -0.00   0.021   52
   177.83    47.08   177.62     0.01     0.00    -0.01   0.020   53
   176.85    49.04   177.62     0.01     0.00    -0.00   0.021   54
   176.85    49.04   176.60     0.01     0.00    -0.00   0.020   55
   179.79    48.06   177.62     0.01     0.00    -0.00   0.021   56
   178.81    47.08   177.62     0.01     0.00    -0.00   0.020   57
   177.83    49.04   177.62     0.01     0.00    -0.00   0.021   58
   177.83    48.06   176.60     0.01     0.00    -0.01   0.020   59
   177.83    49.04   177.62     0.01     0.00    -0.00   0.021   60
   178.81    47.08   178.64     0.01     0.00    -0.01   0.020   61
   177.83    47.08   177.62     0.01     0.00    -0.01   0.021   62
   177.83    50.02   177.62     0.01     0.00    -0.00   0.020   63
   177.83    48.06   176.60     0.01     0.00    -0.00   0.021   64
   178.81    49.04   176.60     0.01     0.00    -0.00   0.020   65
   177.83    48.06   178.64     0.01     0.00    -0.00   0.020   66
   177.83    48.06   177.62     0.01     0.00    -0.00   0.021   67
   177.83    48.06   177.62     0.01     0.00    -0.00   0.020   68
   178.81    47.08   179.66     0.01     0.00    -0.00   0.021   69
   177.83    48.06   177.62     0.01     0.00    -0.00   0.020   70
   178.81    48.06   177.62     0.01     0.00    -0.00   0.021   71
   177.83    48.06   177.62     0.01     0.00    -0.00   0.020   72
   176.85    49.04   177.62     0.01     0.00    -0.00   0.021   73
   176.85    48.06   176.60     0.01     0.00    -0.00   0.020   74
   177.83    49.04   177.62     0.01     0.00    -0.00   0.021   75
   177.83    48.06   177.62     0.01     0.00    -0.00   0.020   76
   176.85    48.06   176.60     0.01     0.00    -0.01   0.021   77
   178.81    48.06   178.64     0.01     0.00    -0.00   0.020   78
   177.83    47.08   177.62     0.01     0.00    -0.00   0.021   79
   177.83    49.04   177.62     0.01     0.00    -0.00   0.020   80
   176.85    49.04   176.60     0.01     0.00    -0.00   0.021   81
   176.85    48.06   178.64     0.01     0.00    -0.00   0.020   82
   176.85    48.06   177.62     0.01     0.00    -0.00   0.021   83
   177.83    49.04   176.60     0.01     0.00    -0.00   0.020   84
   176.85    49.04   176.60     0.01     0.00    -0.00   0.021   85
   177.83    48.06   175.59     0.01     0.00    -0.00   0.020   86
   177.83    48.06   176.60     0.01     0.00    -0.00   0.021   87
   177.83    49.04   177.62     0.01     0.00    -0.00   0.020   88
   176.85    49.04   177.62     0.01     0.00    -0.00   0.021   89
   177.83    48.06   178.64     0.01     0.00    -0.00   0.020   90
   177.83    48.06   177.62     0.01     0.00    -0.00   0.020   91
   177.83    48.06   177.62     0.01     0.00    -0.00   0.021   92
   177.83    49.04   177.62     0.01     0.00    -0.00   0.020   93
   177.83    48.06   177.62     0.01     0.00    -0.00   0.021   94
   177.83    48.06   178.64     0.01     0.00    -0.00   0.020   95
   177.83    49.04   178.64     0.01     0.00    -0.01   0.021   96
   178.81    48.06   177.62     0.01     0.00    -0.00   0.020   97
   177.83    48.06   177.62     0.01     0.00    -0.00   0.021   98
   176.85    48.06   177.62     0.01     0.00    -0.00   0.020   99
   177.83    48.06   177.62     0.01     0.00    -0.00   0.021  100
   177.83    47.08   176.60     0.01     0.00    -0.00   0.020  101
   176.85    48.06   177.62     0.01     0.00    -0.00   0.021  102
   177.83    49.04   177.62     0.01     0.00    -0.00   0.020  103
   176.85    48.06   176.60     0.01     0.00    -0.00   0.021  104
   177.83    48.06   176.60     0.01     0.00    -0.00   0.020  105
   178.81    48.06   177.62     0.01     0.00    -0.00   0.021  106
   177.83    49.04   177.62     0.01     0.00    -0.00   0.020  107
   177.83    48.06   177.62     0.01     0.00    -0.00   0.021  108
   177.83    48.06   176.60     0.01     0.00    -0.00   0.020  109
   176.85    48.06   176.60     0.01     0.00    -0.00   0.021  110
   177.83    48.06   176.60     0.01     0.00    -0.00   0.020  111
   176.85    49.04   178.64     0.01     0.00    -0.00   0.021  112
   176.85    48.06   178.64     0.01     0.00    -0.00   0.020  113
   177.83    48.06   178.64     0.01     0.00    -0.00   0.021  114
   176.85    48.06   177.62     0.01     0.00    -0.00   0.020  115
   177.83    46.10   177.62     0.01     0.00    -0.00   0.020  116
   177.83    47.08   177.62     0.01     0.00    -0.00   0.021  117
   176.85    48.06   178.64     0.01     0.00    -0.00   0.020  118
   176.85    47.08   177.62     0.01     0.00    -0.00   0.021  119
   177.83    48.06   177.62     0.01     0.00    -0.01   0.020  120
   177.83    48.06   178.64     0.01     0.00    -0.00   0.021  121
   177.83    48.06   178.64     0.01     0.00    -0.00   0.020  122
   176.85    48.06   176.60     0.01     0.00    -0.00   0.021  123
   176.85    48.06   177.62     0.01     0.00    -0.00   0.020  124
   177.83    48.06   176.60     0.01     0.00    -0.00   0.021  125
   176.85    48.06   178.64     0.01     0.00    -0.01   0.020  126
   177.83    47.08   177.62     0.01     0.00    -0.00   0.021  127
   175.88    48.06   177.62     0.01     0.00    -0.01   0.020  128
   177.83    48.06   177.62     0.01     0.00    -0.01   0.021  129
   177.83    49.04   178.64     0.01     0.00    -0.00   0.020  130
   176.85    47.08   177.62     0.01     0.00    -0.00   0.021  131
   176.85    48.06   177.62     0.01     0.00    -0.00   0.020  132
   177.83    48.06   176.60     0.01     0.00    -0.00   0.021  133
   177.83    49.04   178.64     0.01     0.00    -0.00   0.020  134
   176.85    48.06   178.64     0.01     0.00    -0.00   0.021  135
   177.83    49.04   177.62     0.01     0.00    -0.00   0.020  136
   178.81    48.06   177.62     0.01     0.00    -0.00   0.021  137
   176.85    48.06   177.62     0.01     0.00    -0.00   0.020  138
   177.83    48.06   178.64     0.01     0.00    -0.00   0.021  139
   177.83    48.06   178.64     0.01     0.00    -0.00   0.020  140
   177.83    47.08   177.62     0.01     0.00    -0.00   0.020  141
   177.83    49.04   176.60     0.01     0.00    -0.00   0.021  142
   177.83    49.04   177.62     0.01     0.00    -0.00   0.020  143
   176.85    49.04   178.64     0.01     0.00    -0.00   0.021  144
   177.83    47.08   177.62     0.01     0.00    -0.00   0.020  145
   178.81    48.06   177.62     0.01     0.00    -0.00   0.021  146
   177.83    48.06   177.62     0.01     0.00    -0.00   0.020  147
   177.83    48.06   176.60     0.01     0.00    -0.00   0.021  148
   177.83    48.06   178.64     0.01     0.00    -0.00   0.020  149
   177.83    46.10   177.62     0.01     0.00    -0.00   0.021  150
   176.85    49.04   176.60     0.01     0.00    -0.00   0.020  151
   178.81    49.04   178.64     0.01     0.00    -0.00   0.021  152
   177.83    50.02   177.62     0.01     0.00    -0.00   0.020  153
   177.83    48.06   177.62     0.01     0.00    -0.00   0.021  154
   177.83    48.06   177.62     0.01     0.00    -0.00   0.020  155
   178.81    49.04   178.64     0.01     0.00    -0.00   0.021  156
   177.83    49.04   177.62     0.01     0.00    -0.01   0.020  157
   177.83    48.06   176.60     0.01     0.00    -0.01   0.021  158
   176.85    49.04   178.64     0.01     0.00    -0.00   0.020  159
   177.83    49.04   178.64     0.01     0.00    -0.00   0.021  160
   177.83    48.06   178.64     0.01     0.00    -0.01   0.020  161
   177.83    49.04   177.62     0.01     0.00    -0.00   0.021  162
   178.81    48.06   177.62     0.01     0.00    -0.01   0.020  163
   178.81    48.06   178.64     0.01     0.00    -0.00   0.021  164
   178.81    48.06   179.66     0.01     0.00    -0.01   0.020  165
   177.83    47.08   178.64     0.01     0.00    -0.00   0.020  166
   177.83    48.06   177.62     0.01     0.00    -0.00   0.021  167
   177.83    49.04   176.60     0.01     0.00    -0.00   0.020  168
   176.85    49.04   177.62     0.01     0.00    -0.01   0.021  169
   176.85    48.06   177.62     0.01     0.00    -0.00   0.020  170
   177.83    48.06   176.60     0.01     0.00    -0.00   0.021  171
   176.85    48.06   176.60     0.01     0.00    -0.00   0.020  172
   177.83    48.06   176.60     0.01     0.00    -0.00   0.021  173
   177.83    49.04   177.62     0.01     0.00    -0.00   0.020  174
   177.83    49.04   177.62     0.01     0.00    -0.00   0.021  175
   176.85    49.04   178.64     0.01     0.00    -0.00   0.020  176
   177.83    49.04   176.60     0.01     0.00    -0.00   0.021  177
   177.83    49.04   176.60     0.01     0.00    -0.00   0.020  178
   177.83    47.08   176.60     0.01     0.00    -0.00   0.021  179
   177.83    48.06   178.64     0.01     0.00    -0.00   0.020  180
   177.83    47.08   177.62     0.01     0.00    -0.00   0.021  181
   177.83    48.06   177.62     0.01     0.00    -0.00   0.020  182
   177.83    49.04   177.62     0.01     0.00    -0.00   0.021  183
   178.81    49.04   177.62     0.01     0.00    -0.01   0.020  184
   177.83    48.06   178.64     0.01     0.00    -0.00   0.021  185
   177.83    48.06   177.62     0.01     0.00    -0.00   0.020  186
   176.85    49.04   178.64     0.01     0.00    -0.00   0.021  187
   177.83    48.06   177.62     0.01     0.00    -0.00   0.020  188
   177.83    48.06   178.64     0.01     0.00    -0.00   0.021  189
   177.83    48.06   178.64     0.01     0.00    -0.00   0.020  190
   176.85    49.04   177.62     0.01     0.00    -0.00   0.020  191
   176.85    47.08   177.62     0.01     0.00    -0.00   0.021  192
   177.83    48.06   176.60     0.01     0.00    -0.00   0.020  193
   177.83    47.08   177.62     0.01     0.00    -0.00   0.021  194
   177.83    48.06   176.60     0.01     0.00    -0.00   0.020  195
   177.83    48.06   177.62     0.01     0.00    -0.00   0.021  196
   177.83    49.04   176.60     0.01     0.00    -0.00   0.020  197
   176.85    48.06   177.62     0.01     0.00    -0.00   0.021  198
   176.85    48.06   178.64     0.01     0.00    -0.00   0.020  199
   176.85    47.08   178.64     0.01     0.00    -0.00   0.021  200
   177.83    48.06   178.64     0.01     0.00    -0.00   0.020  201
   177.83    48.06   178.64     0.01     0.00    -0.00   0.021  202
   177.83    48.06   176.60     0.01     0.00    -0.00   0.020  203
   176.85    48.06   177.62     0.01     0.00    -0.01   0.021  204
   178.81    48.06   179.66     0.01     0.00    -0.00   0.020  205
   176.85    49.04   177.62     0.01     0.00    -0.00   0.021  206
   177.83    48.06   178.64     0.01     0.00    -0.00   0.020  207
   176.85    49.04   177.62     0.01     0.00    -0.00   0.021  208
   177.83    49.04   176.60     0.01     0.00    -0.00   0.020  209
   177.83    48.06   178.64     0.01     0.00    -0.00   0.021  210
   177.83    48.06   176.60     0.01     0.00    -0.00   0.020  211
   177.83    48.06   178.64     0.01     0.00    -0.00   0.021  212
   177.83    48.06   175.59     0.01     0.00    -0.00   0.020  213
   176.85    48.06   178.64     0.01     0.00    -0.00   0.021  214
   176.85    48.06   177.62     0.01     0.00    -0.01   0.020  215
   176.85    48.06   177.62     0.01     0.00    -0.01   0.020  216
   176.85    48.06   176.60     0.01     0.00    -0.00   0.021  217
   177.83    48.06   177.62     0.01     0.00    -0.00   0.020  218
   176.85    48.06   177.62     0.01     0.00    -0.00   0.021  219
   176.85    48.06   176.60     0.01     0.00    -0.00   0.020  220
   177.83    48.06   177.62     0.01     0.00    -0.00   0.021  221
   178.81    48.06   178.64     0.01     0.00    -0.00   0.020  222
   177.83    48.06   177.62     0.01     0.00    -0.00   0.021  223
   178.81    48.06   178.64     0.01     0.00    -0.00   0.020  224
   177.83    48.06   177.62     0.01     0.00    -0.01   0.021  225
   177.83    48.06   178.64     0.01     0.00    -0.00   0.020  226
   177.83    48.06   179.66     0.01     0.00    -0.00   0.021  227
   177.83    49.04   178.64     0.01     0.00    -0.00   0.020  228
   176.85    49.04   177.62     0.01     0.00    -0.00   0.021  229
   177.83    48.06   177.62     0.01     0.00    -0.00   0.020  230
   176.85    48.06   177.62     0.01     0.00    -0.00   0.021  231
   176.85    48.06   177.62     0.01     0.00    -0.00   0.020  232
   176.85    48.06   177.62     0.01     0.00    -0.00   0.021  233
   177.83    48.06   179.66     0.01     0.00    -0.00   0.020  234
   177.83    48.06   177.62     0.01     0.00    -0.00   0.021  235
   177.83    48.06   177.62     0.01     0.00    -0.00   0.020  236
   177.83    49.04   177.62     0.01     0.00    -0.00   0.021  237
   177.83    48.06   178.64     0.01     0.00    -0.00   0.020  238
   177.83    48.06   178.64     0.01     0.00    -0.00   0.021  239
   177.83    48.06   178.64     0.01     0.00    -0.01   0.020  240
   177.83    47.08   178.64     0.01     0.00    -0.00   0.020  241
   176.85    47.08   176.60     0.01     0.00    -0.00   0.021  242
   177.83    48.06   177.62     0.01     0.00    -0.00   0.020  243
   176.85    49.04   179.66     0.01     0.00    -0.00   0.021  244
   177.83    48.06   177.62     0.01     0.00    -0.00   0.020  245
   177.83    48.06   178.64     0.01     0.00    -0.00   0.021  246
   177.83    49.04   178.64     0.01     0.00    -0.00   0.020  247
   177.83    48.06   178.64     0.01     0.00    -0.00   0.021  248
   178.81    48.06   177.62     0.01     0.00    -0.00   0.020  249
   177.83    48.06   179.66     0.01     0.00    -0.00   0.021  250
   176.85    48.06   178.64     0.01     0.00    -0.00   0.020  251
   176.85    48.06   177.62     0.01     0.00    -0.00   0.021  252
   177.83    48.06   177.62     0.01     0.00    -0.01   0.020  253
   178.81    48.06   178.64     0.01     0.00    -0.00   0.021  254
   177.83    47.08   177.62     0.01     0.00    -0.00   0.020  255
   178.81    47.08   178.64     0.01     0.00    -0.00   0.021    0
   176.85    48.06   178.64     0.01     0.00    -0.00   0.020    1
   178.81    47.08   177.62     0.01     0.00    -0.00   0.021    2
   176.85    47.08   179.66     0.01     0.00    -0.00   0.020    3
   177.83    48.06   178.64     0.01     0.00    -0.00   0.021    4
   177.83    48.06   178.64     0.01     0.00    -0.00   0.020    5
   177.83    48.06   178.64     0.01     0.00    -0.00   0.021    6
   176.85    48.06   178.64     0.01     0.00    -0.00   0.020    7
   177.83    49.04   178.64     0.01     0.00    -0.00   0.021    8
   177.83    48.06   178.64     0.01     0.00    -0.01   0.020    9
   176.85    48.06   177.62     0.01     0.00    -0.00   0.020   10
   177.83    48.06   177.62     0.01     0.00    -0.01   0.021   11
   178.81    48.06   178.64     0.01     0.00    -0.00   0.020   12
   176.85    48.06   177.62     0.01     0.00    -0.00   0.021   13
   176.85    48.06   178.64     0.01     0.00    -0.00   0.020   14
   176.85    48.06   178.64     0.01     0.00    -0.00   0.021   15
   176.85    47.08   176.60     0.01     0.00    -0.00   0.020   16
   176.85    49.04   177.62     0.01     0.00    -0.00   0.021   17
   176.85    48.06   178.64     0.01     0.00    -0.00   0.020   18
   177.83    48.06   178.64     0.01     0.00    -0.00   0.021   19
   177.83    48.06   178.64     0.01     0.00    -0.00   0.020   20
   177.83    48.06   179.66     0.01     0.00    -0.00   0.021   21
   178.81    48.06   177.62     0.01     0.00    -0.00   0.020   22
   177.83    48.06   177.62     0.01     0.00    -0.00   0.021   23
   176.85    47.08   177.62     0.01     0.00    -0.00   0.020   24
   177.83    48.06   176.60     0.01     0.00    -0.00   0.021   25
   177.83    47.08   177.62     0.01     0.00    -0.00   0.020   26
   176.85    48.06   177.62     0.01     0.00    -0.00   0.021   27
   177.83    48.06   179.66     0.01     0.00    -0.00   0.020   28
   177.83    48.06   178.64     0.01     0.00    -0.00   0.021   29
   177.83    49.04   178.64     0.01     0.00    -0.00   0.020   30
   177.83    47.08   178.64     0.01     0.00    -0.00   0.021   31
   176.85    49.04   177.62     0.01     0.00    -0.01   0.020   32
   177.83    47.08   178.64     0.01     0.00    -0.01   0.021   33
   176.85    47.08   177.62     0.01     0.00    -0.01   0.020   34
   176.85    48.06   177.62     0.01     0.00    -0.01   0.020   35
   177.83    47.08   177.62     0.01     0.00    -0.00   0.021   36
   176.85    47.08   177.62     0.01     0.00    -0.00   0.020   37
   177.83    48.06   177.62     0.01     0.00    -0.00   0.021   38
   176.85    48.06   177.62     0.01     0.00    -0.00   0.020   39
   178.81    48.06   178.64     0.01     0.00    -0.00   0.021   40
   176.85    48.06   177.62     0.01     0.00    -0.00   0.020   41
   176.85    48.06   179.66     0.01     0.00    -0.00   0.021   42
   176.85    48.06   177.62     0.01     0.00    -0.00   0.020   43
   177.83    48.06   178.64     0.01     0.00    -0.00   0.021   44
   177.83    48.06   178.64     0.01     0.00    -0.00   0.020   45
   177.83    47.08   177.62     0.01     0.00    -0.00   0.021   46
   177.83    49.04   178.64     0.01     0.00    -0.00   0.020   47
   176.85    49.04   177.62     0.01     0.00    -0.00   0.021   48
   177.83    48.06   177.62     0.01     0.00    -0.00   0.020   49
   177.83    48.06   178.64     0.01     0.00    -0.00   0.021   50
   178.81    48.06   177.62     0.01     0.00    -0.00   0.020   51
   176.85    49.04   177.62     0.01     0.00    -0.00   0.021   52
   177.83    48.06   177.62     0.01     0.00    -0.00   0.020   53
   176.85    48.06   177.62     0.01     0.00    -0.00   0.021   54
   178.81    48.06   178.64     0.01     0.00    -0.00   0.020   55
   176.85    48.06   177.62     0.01     0.00    -0.00   0.021   56
   178.81    47.08   177.62     0.01     0.00    -0.00   0.020   57
   177.83    48.06   176.60     0.01     0.00    -0.00   0.021   58
   177.83    47.08   176.60     0.01     0.00    -0.00   0.020   59
   177.83    48.06   177.62     0.01     0.00    -0.00   0.020   60
   177.83    48.06   177.62     0.01     0.00    -0.00   0.021   61
   177.83    48.06   177.62     0.01     0.00    -0.00   0.020   62
   176.85    49.04   177.62     0.01     0.00    -0.00   0.021   63
   176.85    49.04   178.64     0.01     0.00    -0.00   0.020   64
   175.88    48.06   177.62     0.01     0.00    -0.00   0.021   65
   176.85    48.06   178.64     0.01     0.00    -0.00   0.020   66
   177.83    48.06   178.64     0.01     0.00    -0.00   0.021   67
   177.83    47.08   176.60     0.01     0.00    -0.00   0.020   68
   177.83    48.06   177.62     0.01     0.00    -0.00   0.021   69
   176.85    49.04   177.62     0.01     0.00    -0.00   0.020   70
   178.81    48.06   177.62     0.01     0.00    -0.00   0.021   71
   178.81    48.06   177.62     0.01     0.00    -0.00   0.020   72
   177.83    47.08   177.62     0.01     0.00    -0.01   0.021   73
   178.81    48.06   178.64     0.01     0.00    -0.01   0.020   74
   177.83    49.04   176.60     0.01     0.00    -0.00   0.021   75
   178.81    48.06   177.62     0.01     0.00    -0.00   0.020   76
   175.88    49.04   177.62     0.01     0.00    -0.00   0.021   77
   177.83    47.08   177.62     0.01     0.00    -0.00   0.020   78
   177.83    48.06   178.64     0.01     0.00    -0.00   0.021   79
   177.83    49.04   178.64     0.01     0.00    -0.00   0.020   80
   176.85    47.08   177.62     0.01     0.00    -0.00   0.021   81
   177.83    48.06   177.62     0.01     0.00    -0.00   0.020   82
   177.83    48.06   178.64     0.01     0.00    -0.00   0.021   83
   176.85    49.04   178.64     0.01     0.00    -0.00   0.020   84
   177.83    47.08   178.64     0.01     0.00    -0.00   0.020   85
   177.83    49.04   178.64     0.01     0.00    -0.00   0.021   86
   177.83    47.08   176.60     0.01     0.00    -0.01   0.020   87
   177.83    48.06   176.60     0.01     0.00    -0.00   0.021   88
   176.85    48.06   176.60     0.01     0.00    -0.00   0.020   89
   177.83    49.04   177.62     0.01     0.00    -0.00   0.021   90
   176.85    49.04   177.62     0.01     0.00    -0.00   0.020   91
   176.85    49.04   177.62     0.01     0.00    -0.00   0.021   92
   177.83    47.08   177.62     0.01     0.00    -0.00   0.020   93
   176.85    48.06   179.66     0.01     0.00    -0.00   0.021   94
   176.85    50.02   179.66     0.01     0.00    -0.00   0.020   95
   177.83    48.06   177.62     0.01     0.00    -0.00   0.021   96
   175.88    48.06   178.64     0.01     0.00    -0.00   0.020   97
   176.85    49.04   177.62     0.01     0.00    -0.00   0.021   98
   178.81    49.04   178.64     0.01     0.00    -0.00   0.020   99
   176.85    48.06   177.62     0.01     0.00    -0.00   0.021  100
   177.83    48.06   178.64     0.01     0.00    -0.00   0.020  101
   176.85    48.06   178.64     0.01     0.00    -0.00   0.021  102
   177.83    48.06   178.64     0.01     0.00    -0.00   0.020  103
   177.83    48.06   178.64     0.01     0.00    -0.00   0.021  104
   177.83    48.06   178.64     0.01     0.00    -0.00   0.020  105
   177.83    47.08   177.62     0.01     0.00    -0.00   0.021  106
   176.85    48.06   178.64     0.01     0.00    -0.00   0.020  107
   177.83    48.06   177.62     0.01     0.00    -0.00   0.021  108
   177.83    48.06   178.64     0.01     0.00    -0.00   0.020  109
   177.83    49.04   178.64     0.01     0.00    -0.01   0.020  110
   177.83    48.06   178.64     0.01     0.00    -0.00   0.021  111
   177.83    49.04   177.62     0.01     0.00    -0.00   0.020  112
   177.83    47.08   177.62     0.01     0.00    -0.00   0.021  113
   177.83    48.06   179.66     0.01     0.00    -0.00   0.020  114
   175.88    49.04   179.66     0.01     0.00    -0.00   0.021  115
   175.88    48.06   178.64     0.01     0.00    -0.00   0.020  116
   176.85    47.08   178.64     0.01     0.00    -0.00   0.021  117
   178.81    47.08   179.66     0.01     0.00    -0.00   0.020  118
   177.83    48.06   178.64     0.01     0.00    -0.00   0.021  119
   176.85    48.06   177.62     0.01     0.00    -0.00   0.020  120
   176.85    48.06   177.62     0.01     0.00    -0.00   0.021  121
   177.83    48.06   178.64     0.01     0.00    -0.00   0.020  122
   176.85    47.08   178.64     0.01     0.00    -0.00   0.021  123
   176.85    48.06   179.66     0.01     0.00    -0.00   0.020  124
   176.85    49.04   178.64     0.01     0.00    -0.00   0.021  125
   177.83    47.08   178.64     0.01     0.00    -0.00   0.020  126
   177.83    47.08   178.64     0.01     0.00    -0.00   0.021  127
   176.85    48.06   177.62     0.01     0.00    -0.00   0.020  128
   176.85    48.06   178.64     0.01     0.00    -0.00   0.021  129
   177.83    46.10   179.66     0.01     0.00    -0.00   0.020  130
   179.79    47.08   177.62     0.01     0.00    -0.00   0.021  131
   176.85    47.08   177.62     0.01     0.00    -0.00   0.020  132
   176.85    48.06   177.62     0.01     0.00    -0.00   0.021  133
   178.81    48.06   178.64     0.01     0.00    -0.00   0.020  134
   177.83    48.06   178.64     0.01     0.00    -0.00   0.020  135
   177.83    48.06   176.60     0.01     0.00    -0.00   0.021  136
   176.85    48.06   178.64     0.01     0.00    -0.00   0.020  137
   177.83    49.04   179.66     0.01     0.00    -0.00   0.021  138
   177.83    47.08   178.64     0.01     0.00    -0.00   0.020  139
   176.85    47.08   176.60     0.01     0.00    -0.00   0.021  140
   177.83    48.06   177.62     0.01     0.00    -0.00   0.020  141
   176.85    48.06   176.60     0.01     0.00    -0.00   0.021  142
   177.83    47.08   178.64     0.01     0.00    -0.00   0.020  143
   177.83    49.04   178.64     0.01     0.00    -0.00   0.021  144
   176.85    49.04   176.60     0.01     0.00    -0.00   0.020  145
   177.83    48.06   179.66     0.01     0.00    -0.00   0.021  146
   176.85    48.06   177.62     0.01     0.00    -0.00   0.020  147
   178.81    46.10   179.66     0.01     0.00    -0.00   0.021  148
   176.85    49.04   178.64     0.01     0.00    -0.00   0.020  149
   177.83    48.06   178.64     0.01     0.00    -0.00   0.021  150
   177.83    48.06   178.64     0.01     0.00    -0.00   0.020  151
   176.85    48.06   178.64     0.01     0.00    -0.00   0.021  152
   177.83    48.06   178.64     0.01     0.00    -0.00   0.020  153
   176.85    48.06   178.64     0.01     0.00    -0.00   0.021  154
   175.88    48.06   177.62     0.01     0.00    -0.00   0.020  155
   176.85    48.06   177.62     0.01     0.00    -0.00   0.021  156
   178.81    47.08   178.64     0.01     0.00    -0.00   0.020  157
   177.83    48.06   177.62     0.01     0.00    -0.00   0.021  158
   178.81    49.04   176.60     0.01     0.00    -0.00   0.020  159
   177.83    48.06   178.64     0.01     0.00    -0.00   0.020  160
   177.83    48.06   178.64     0.01     0.00    -0.00   0.021  161
   177.83    48.06   177.62     0.01     0.00    -0.00   0.020  162
   176.85    49.04   177.62     0.01     0.00    -0.00   0.021  163
   177.83    48.06   177.62     0.01     0.00    -0.00   0.020  164
   178.81    48.06   178.64     0.01     0.00    -0.00   0.021  165
   177.83    49.04   178.64     0.01     0.00    -0.01   0.020  166
   177.83    48.06   178.64     0.01     0.00    -0.00   0.021  167
   176.85    48.06   179.66     0.01     0.00    -0.00   0.020  168
   177.83    49.04   177.62     0.01     0.00    -0.00   0.021  169
   176.85    49.04   178.64     0.01     0.00    -0.00   0.020  170
   176.85    48.06   178.64     0.01     0.00    -0.00   0.021  171
   177.83    47.08   177.62     0.01     0.00    -0.00   0.020  172
   177.83    48.06   178.64     0.01     0.00    -0.00   0.021  173
   177.83    48.06   180.68     0.01     0.00    -0.00   0.020  174
   177.83    49.04   178.64     0.01     0.00    -0.00   0.021  175
   177.83    48.06   179.66     0.01     0.00    -0.00   0.020  176
   176.85    48.06   179.66     0.01     0.00    -0.00   0.021  177
   176.85    49.04   179.66     0.01     0.00    -0.00   0.020  178
   176.85    48.06   178.64     0.01     0.00    -0.00   0.021  179
   177.83    48.06   179.66     0.01     0.00    -0.00   0.020  180
   176.85    48.06   178.64     0.01     0.00    -0.00   0.021  181
   177.83    48.06   178.64     0.01     0.00    -0.00   0.020  182
   176.85    48.06   176.60     0.01     0.00    -0.00   0.021  183
   175.88    48.06   178.64     0.01     0.00    -0.00   0.020  184
   176.85    49.04   176.60     0.01     0.00    -0.00   0.020  185
   177.83    48.06   179.66     0.01     0.00    -0.00   0.021  186
   176.85    48.06   177.62     0.01     0.00    -0.00   0.020  187
   177.83    47.08   177.62     0.01     0.00    -0.00   0.021  188
   177.83    48.06   178.64     0.01     0.00    -0.00   0.020  189
   178.81    49.04   178.64     0.01     0.00    -0.00   0.021  190
   178.81    48.06   178.64     0.01     0.00    -0.00   0.020  191
   177.83    48.06   178.64     0.01     0.00    -0.00   0.021  192
   177.83    48.06   177.62     0.01     0.00    -0.00   0.020  193
   177.83    48.06   178.64     0.01     0.00    -0.00   0.021  194
   177.83    47.08   178.64     0.01     0.00    -0.00   0.020  195
   177.83    48.06   179.66     0.01     0.00    -0.00   0.021  196
   176.85    49.04   176.60     0.01     0.00    -0.00   0.020  197
   177.83    48.06   176.60     0.01     0.00    -0.00   0.021  198
   177.83    48.06   178.64     0.01     0.00    -0.00   0.020  199
   177.83    49.04   178.64     0.01     0.00    -0.00   0.021  200
   177.83    47.08   178.64     0.01     0.00    -0.00   0.020  201
   178.81    47.08   177.62     0.01     0.00    -0.00   0.021  202
   178.81    48.06   179.66     0.01     0.00    -0.00   0.020  203
   177.83    48.06   178.64     0.01     0.00    -0.00   0.021  204
   177.83    47.08   179.66     0.01     0.00    -0.00   0.020  205
   178.81    49.04   177.62     0.01     0.00    -0.00   0.021  206
   176.85    49.04   179.66     0.01     0.00    -0.00   0.020  207
   176.85    49.04   176.60     0.01     0.00    -0.00   0.021  208
   177.83    48.06   177.62     0.01     0.00    -0.00   0.020  209
   177.83    48.06   177.62     0.01     0.00    -0.00   0.020  210
   176.85    49.04   179.66     0.01     0.00    -0.00   0.021  211
   178.81    48.06   180.68     0.01     0.00    -0.00   0.020  212
   177.83    48.06   178.64     0.01     0.00    -0.00   0.021  213
   177.83    48.06   177.62     0.01     0.00    -0.00   0.020  214
   177.83    48.06   178.64     0.01     0.00    -0.00   0.021  215
   177.83    48.06   178.64     0.01     0.00    -0.00   0.020  216
   176.85    48.06   178.64     0.01     0.00    -0.00   0.021  217
   176.85    49.04   177.62     0.01     0.00    -0.00   0.020  218
   176.85    49.04   177.62     0.01     0.00    -0.00   0.021  219
   176.85    48.06   178.64     0.01     0.00    -0.00   0.020  220
   175.88    49.04   179.66     0.01     0.00    -0.00   0.021  221
   177.83    48.06   176.60     0.01     0.00    -0.00   0.020  222
   177.83    48.06   179.66     0.01     0.00    -0.00   0.021  223
   177.83    48.06   178.64     0.01     0.00    -0.00   0.020  224
   177.83    48.06   177.62     0.01     0.00    -0.00   0.021  225
   176.85    48.06   176.60     0.01     0.00    -0.00   0.020  226
   177.83    48.06   178.64     0.01     0.00    -0.00   0.021  227
   177.83    48.06   178.64     0.01     0.00    -0.00   0.020  228
   177.83    47.08   177.62     0.01     0.00    -0.00   0.021  229
   177.83    48.06   178.64     0.01     0.00    -0.00   0.020  230
   176.85    49.04   177.62     0.01     0.00    -0.00   0.021  231
   178.81    48.06   179.66     0.01     0.00    -0.00   0.020  232
   178.81    48.06   177.62     0.01     0.00    -0.00   0.021  233
   178.81    48.06   177.62     0.01     0.00    -0.00   0.020  234
   178.81    48.06   177.62     0.01     0.00    -0.00   0.020  235
   176.85    48.06   178.64     0.01     0.00    -0.00   0.021  236
   176.85    48.06   177.62     0.01     0.00    -0.00   0.020  237
   177.83    48.06   177.62     0.01     0.00    -0.00   0.021  238
   178.81    48.06   177.62     0.01     0.00    -0.00   0.020  239
   176.85    47.08   177.62     0.01     0.00    -0.00   0.021  240
   177.83    47.08   178.64     0.01     0.00    -0.00   0.020  241
   177.83    48.06   178.64     0.01     0.00    -0.00   0.021  242
   177.83    47.08   176.60     0.01     0.00    -0.00   0.020  243
   177.83    47.08   178.64     0.01     0.00    -0.00   0.021  244
   177.83    48.06   177.62     0.01     0.00    -0.00   0.020  245
   176.85    48.06   176.60     0.01     0.00    -0.00   0.021  246
   177.83    48.06   178.64     0.01     0.00    -0.00   0.020  247
   177.83    48.06   180.68     0.01     0.00    -0.00   0.021  248
   176.85    48.06   179.66     0.01     0.00    -0.00   0.020  249
   177.83    48.06   177.62     0.01     0.00    -0.01   0.021  250
   177.83    48.06   178.64     0.01     0.00    -0.00   0.020  251
   178.81    48.06   176.60     0.01     0.00    -0.00   0.021  252
   177.83    48.06   177.62     0.01     0.00    -0.00   0.020  253
   176.85    48.06   178.64     0.01     0.00    -0.00   0.021  254
   177.83    47.08   178.64     0.01     0.00    -0.00   0.020  255
   176.85    48.06   179.66     0.01     0.00    -0.00   0.021    0
   177.83    49.04   178.64     0.01     0.00    -0.00   0.020    1
   177.83    48.06   178.64     0.01     0.00    -0.00   0.021    2
   176.85    48.06   177.62     0.01     0.00    -0.00   0.020    3
   177.83    47.08   177.62     0.01     0.00    -0.00   0.020    4
   177.83    47.08   177.62     0.01     0.00    -0.00   0.021    5
   178.81    46.10   177.62     0.01     0.00    -0.00   0.020    6
   178.81    48.06   177.62     0.01     0.00    -0.01   0.021    7
   176.85    47.08   178.64     0.01     0.00    -0.00   0.020    8
   177.83    48.06   177.62     0.01     0.00    -0.01   0.021    9
   176.85    49.04   178.64     0.01     0.00    -0.00   0.020   10
   176.85    49.04   178.64     0.01     0.00    -0.00   0.021   11
   177.83    49.04   177.62     0.01     0.00    -0.00   0.020   12
   178.81    48.06   178.64     0.01     0.00    -0.00   0.021   13
   177.83    49.04   178.64     0.01     0.00    -0.00   0.020   14
   176.85    49.04   176.60     0.01     0.00    -0.00   0.021   15
   177.83    47.08   176.60     0.01     0.00    -0.00   0.020   16
   177.83    49.04   177.62     0.01     0.00    -0.00   0.021   17
   177.83    48.06   177.62     0.01     0.00    -0.00   0.020   18
   178.81    48.06   178.64     0.01     0.00    -0.00   0.021   19
   177.83    48.06   177.62     0.01     0.00    -0.00   0.020   20
   177.83    48.06   177.62     0.01     0.00    -0.00   0.021   21
   176.85    48.06   178.64     0.01     0.00    -0.00   0.020   22
   176.85    48.06   177.62     0.01     0.00    -0.00   0.021   23
   177.83    48.06   178.64     0.01     0.00    -0.00   0.020   24
   178.81    47.08   178.64     0.01     0.00    -0.00   0.021   25
   178.81    47.08   178.64     0.01     0.00    -0.00   0.020   26
   176.85    49.04   177.62     0.01     0.00    -0.00   0.021   27
   176.85    48.06   179.66     0.01     0.00    -0.00   0.020   28
   177.83    49.04   177.62     0.01     0.00    -0.00   0.020   29
   177.83    48.06   179.66     0.01     0.00    -0.00   0.021   30
   176.85    48.06   178.64     0.01     0.00    -0.00   0.020   31
   176.85    48.06   178.64     0.01     0.00    -0.00   0.021   32
   177.83    47.08   176.60     0.01     0.00    -0.00   0.020   33
   176.85    49.04   178.64     0.01     0.00    -0.00   0.021   34
   177.83    48.06   178.64     0.01     0.00    -0.00   0.020   35
   178.81    49.04   178.64     0.01     0.00    -0.00   0.021   36
   176.85    48.06   178.64     0.01     0.00    -0.00   0.020   37
   176.85    47.08   177.62     0.01     0.00    -0.00   0.021   38
   178.81    48.06   178.64     0.01     0.00    -0.00   0.020   39
   177.83    47.08   177.62     0.01     0.00    -0.00   0.021   40
   177.83    49.04   177.62     0.01     0.00    -0.00   0.020   41
   177.83    49.04   179.66     0.01     0.00    -0.00   0.021   42
   177.83    47.08   177.62     0.01     0.00    -0.00   0.020   43
   177.83    47.08   178.64     0.01     0.00    -0.00   0.021   44
   177.83    48.06   176.60     0.01     0.00    -0.00   0.020   45
   177.83    48.06   178.64     0.01     0.00    -0.00   0.021   46
   176.85    48.06   179.66     0.01     0.00    -0.00   0.020   47
   177.83    48.06   179.66     0.01     0.00    -0.00   0.021   48
   177.83    48.06   178.64     0.01     0.00    -0.00   0.020   49
   176.85    48.06   178.64     0.01     0.00    -0.00   0.021   50
   177.83    47.08   179.66     0.01     0.00    -0.00   0.020   51
   176.85    50.02   177.62     0.01     0.00    -0.00   0.021   52
   176.85    47.08   177.62     0.01     0.00    -0.00   0.020   53
   178.81    48.06   178.64     0.01     0.00    -0.00   0.020   54
   177.83    48.06   178.64     0.01     0.00    -0.00   0.021   55
   177.83    47.08   177.62     0.01     0.00    -0.01   0.020   56
   177.83    49.04   177.62     0.01     0.00    -0.00   0.021   57
   177.83    49.04   179.66     0.01     0.00    -0.00   0.020   58
   177.83    47.08   178.64     0.01     0.00    -0.00   0.021   59
   177.83    48.06   176.60     0.01     0.00    -0.00   0.020   60
   177.83    48.06   179.66     0.01     0.00    -0.00   0.021   61
   177.83    47.08   177.62     0.01     0.00    -0.00   0.020   62
   176.85    48.06   178.64     0.01     0.00    -0.00   0.021   63
   176.85    48.06   177.62     0.01     0.00    -0.00   0.020   64
   177.83    48.06   177.62     0.01     0.00    -0.00   0.021   65
   176.85    49.04   178.64     0.01     0.00    -0.00   0.020   66
   178.81    48.06   178.64     0.01     0.00    -0.00   0.021   67
   178.81    47.08   177.62     0.01     0.00    -0.00   0.020   68
   178.81    47.08   178.64     0.01     0.00    -0.00   0.021   69
   177.83    48.06   178.64     0.01     0.00    -0.00   0.020   70
   177.83    47.08   177.62     0.01     0.00    -0.00   0.021   71
   176.85    48.06   178.64     0.01     0.00    -0.00   0.020   72
   178.81    49.04   178.64     0.01     0.00    -0.00   0.021   73
   178.81    47.08   178.64     0.01     0.00    -0.00   0.020   74
   176.85    48.06   177.62     0.01     0.00    -0.00   0.021   75
   177.83    48.06   178.64     0.01     0.00    -0.00   0.020   76
   177.83    48.06   176.60     0.01     0.00    -0.00   0.021   77
   177.83    48.06   177.62     0.01     0.00    -0.00   0.020   78
   178.81    49.04   177.62     0.01     0.00    -0.00   0.020   79
   176.85    48.06   177.62     0.01     0.00    -0.00   0.021   80
   176.85    49.04   176.60     0.01     0.00    -0.00   0.020   81
   176.85    48.06   179.66     0.01     0.00    -0.00   0.021   82
   177.83    48.06   178.64     0.01     0.00    -0.00   0.020   83
   176.85    48.06   179.66     0.01     0.00    -0.01   0.021   84
   178.81    47.08   178.64     0.01     0.00    -0.00   0.020   85
   177.83    48.06   177.62     0.01     0.00    -0.00   0.021   86
   177.83    48.06   177.62     0.01     0.00    -0.00   0.020   87
   177.83    48.06   177.62     0.01     0.00    -0.01   0.021   88
   178.81    48.06   177.62     0.01     0.00    -0.00   0.020   89
   178.81    48.06   178.64     0.01     0.00    -0.00   0.021   90
   177.83    48.06   177.62     0.01     0.00    -0.00   0.020   91
   177.83    48.06   178.64     0.01     0.00    -0.00   0.021   92
   177.83    47.08   179.66     0.01     0.00    -0.00   0.020   93
   178.81    47.08   179.66     0.01     0.00    -0.00   0.021   94
   177.83    47.08   178.64     0.01     0.00    -0.00   0.020   95
   175.88    48.06   177.62     0.01     0.00    -0.00   0.021   96
   177.83    49.04   178.64     0.01     0.00    -0.00   0.020   97
   178.81    47.08   178.64     0.01     0.00    -0.00   0.021   98
   177.83    48.06   178.64     0.01     0.00    -0.00   0.020   99
   177.83    49.04   178.64     0.01     0.00    -0.00   0.021  100
   177.83    48.06   178.64     0.01     0.00    -0.00   0.020  101
   176.85    47.08   177.62     0.01     0.00    -0.00   0.021  102
   177.83    47.08   177.62     0.01     0.00    -0.00   0.020  103
   177.83    48.06   177.62     0.01     0.00    -0.00   0.020  104
   176.85    48.06   176.60     0.01     0.00    -0.00   0.021  105
   177.83    48.06   178.64     0.01     0.00    -0.00   0.020  106
   177.83    48.06   178.64     0.01     0.00    -0.00   0.021  107
   177.83    47.08   177.62     0.01     0.00    -0.00   0.020  108
   176.85    48.06   177.62     0.01     0.00    -0.00   0.021  109
   178.81    48.06   178.64     0.01     0.00    -0.00   0.020  110
   177.83    48.06   177.62     0.01     0.00    -0.00   0.021  111
   176.85    48.06   177.62     0.01     0.00    -0.00   0.020  112
   177.83    48.06   177.62     0.01     0.00    -0.00   0.021  113
   176.85    48.06   179.66     0.01     0.00    -0.00   0.020  114
   176.85    48.06   177.62     0.01     0.00    -0.00   0.021  115
   177.83    48.06   177.62     0.01     0.00    -0.00   0.020  116
   176.85    47.08   177.62     0.01     0.00    -0.00   0.021  117
   176.85    49.04   179.66     0.01     0.00    -0.00   0.020  118
   177.83    49.04   177.62     0.01     0.00    -0.00   0.021  119
   177.83    48.06   177.62     0.01     0.00    -0.00   0.020  120
   176.85    47.08   177.62     0.01     0.00    -0.00   0.021  121
   177.83    49.04   177.62     0.01     0.00    -0.00   0.020  122
   176.85    48.06   178.64     0.01     0.00    -0.00   0.021  123
   176.85    49.04   177.62     0.01     0.00    -0.00   0.020  124
   177.83    48.06   178.64     0.01     0.00    -0.00   0.021  125
   177.83    48.06   177.62     0.01     0.00    -0.00   0.020  126
   177.83    48.06   178.64     0.01     0.00    -0.00   0.021  127
   177.83    48.06   177.62     0.01     0.00    -0.00   0.020  128
   177.83    48.06   178.64     0.01     0.00    -0.00   0.020  129
   176.85    49.04   177.62     0.01     0.00    -0.00   0.021  130
   178.81    48.06   176.60     0.01     0.00    -0.00   0.020  131
   177.83    48.06   177.62     0.01     0.00    -0.00   0.021  132
   177.83    48.06   176.60     0.01     0.00    -0.00   0.020  133
   176.85    48.06   177.62     0.01     0.00    -0.00   0.021  134
   177.83    48.06   177.62     0.01     0.00    -0.00   0.020  135
   178.81    47.08   177.62     0.01     0.00    -0.00   0.021  136
   176.85    48.06   176.60     0.01     0.00    -0.00   0.020  137
   178.81    48.06   177.62     0.01     0.00    -0.00   0.021  138
   177.83    48.06   177.62     0.01     0.00    -0.00   0.020  139
   177.83    48.06   178.64     0.01     0.00    -0.00   0.021  140
   177.83    47.08   178.64     0.01     0.00    -0.00   0.020  141
   177.83    49.04   178.64     0.01     0.00    -0.00   0.021  142
   177.83    48.06   176.60     0.01     0.00    -0.00   0.020  143
   176.85    48.06   176.60     0.01     0.00    -0.00   0.021  144
   177.83    47.08   177.62     0.01     0.00    -0.01   0.020  145
   177.83    48.06   179.66     0.01     0.00    -0.00   0.021  146
   176.85    48.06   177.62     0.01     0.00    -0.00   0.020  147
   176.85    47.08   178.64     0.01     0.00    -0.00   0.021  148
   176.85    49.04   177.62     0.01     0.00    -0.01   0.020  149
   177.83    47.08   177.62     0.01     0.00    -0.00   0.021  150
   177.83    49.04   178.64     0.01     0.00    -0.00   0.020  151
   177.83    49.04   177.62     0.01     0.00    -0.00   0.021  152
   176.85    48.06   178.64     0.01     0.00    -0.00   0.020  153
   176.85    47.08   179.66     0.01     0.00    -0.00   0.020  154
   177.83    48.06   177.62     0.01     0.00    -0.01   0.021  155
   176.85    47.08   177.62     0.01     0.00    -0.00   0.020  156
   177.83    48.06   177.62     0.01     0.00    -0.00   0.021  157
   176.85    50.02   178.64     0.01     0.00    -0.00   0.020  158
   176.85    49.04   179.66     0.01     0.00    -0.00   0.021  159
   176.85    48.06   176.60     0.01     0.00    -0.00   0.020  160
   177.83    49.04   177.62     0.01     0.00    -0.00   0.021  161
   177.83    48.06   177.62     0.01     0.00    -0.00   0.020  162
   177.83    48.06   176.60     0.01     0.00    -0.00   0.021  163
   177.83    48.06   177.62     0.01     0.00    -0.00   0.020  164
   177.83    49.04   178.64     0.01     0.00    -0.00   0.021  165
   175.88    48.06   177.62     0.01     0.00    -0.00   0.020  166
   176.85    48.06   177.62     0.01     0.00    -0.00   0.021  167
   177.83    48.06   178.64     0.01     0.00    -0.00   0.020  168
   177.83    48.06   177.62     0.01     0.00    -0.00   0.021  169
   177.83    48.06   177.62     0.01     0.00    -0.00   0.020  170
   177.83    47.08   177.62     0.01     0.00    -0.00   0.021  171
   176.85    48.06   177.62     0.01     0.00    -0.00   0.020  172
   177.83    48.06   179.66     0.01     0.00    -0.00   0.021  173
   176.85    47.08   178.64     0.01     0.00    -0.00   0.020  174
   177.83    47.08   179.66     0.01     0.00    -0.00   0.021  175
   176.85    47.08   179.66     0.01     0.00    -0.00   0.020  176
   177.83    48.06   177.62     0.01     0.00    -0.00   0.021  177
   176.85    47.08   178.64     0.01     0.00    -0.00   0.020  178
   176.85    48.06   178.64     0.01     0.00    -0.00   0.020  179
   177.83    48.06   176.60     0.01     0.00    -0.00   0.021  180
   178.81    49.04   178.64     0.01     0.00    -0.00   0.020  181
   176.85    48.06   177.62     0.01     0.00    -0.00   0.021  182
   176.85    48.06   177.62     0.01     0.00    -0.00   0.020  183
   177.83    48.06   177.62     0.01     0.00    -0.00   0.021  184
   176.85    48.06   177.62     0.01     0.00    -0.00   0.020  185
   176.85    49.04   177.62     0.01     0.00    -0.00   0.021  186
   178.81    46.10   177.62     0.01     0.00    -0.00   0.020  187
   176.85    46.10   178.64     0.01     0.00    -0.00   0.021  188
   176.85    48.06   176.60     0.01     0.00    -0.00   0.020  189
   179.79    47.08   178.64     0.01     0.00    -0.00   0.021  190
   176.85    48.06   177.62     0.01     0.00    -0.00   0.020  191
   175.88    48.06   178.64     0.01     0.00    -0.00   0.021  192
   177.83    48.06   178.64     0.01     0.00    -0.00   0.020  193
   176.85    47.08   178.64     0.01     0.00    -0.00   0.021  194
   176.85    47.08   177.62     0.01     0.00    -0.00   0.020  195
   178.81    48.06   176.60     0.01     0.00    -0.00   0.021  196
   176.85    48.06   177.62     0.01     0.00    -0.00   0.020  197
   177.83    48.06   177.62     0.01     0.00    -0.00   0.021  198
   176.85    47.08   177.62     0.01     0.00    -0.00   0.020  199
   176.85    49.04   178.64     0.01     0.00    -0.00   0.021  200
   175.88    47.08   177.62     0.01     0.00    -0.00   0.020  201
   177.83    47.08   176.60     0.01     0.00    -0.00   0.021  202
   177.83    48.06   178.64     0.01     0.00    -0.00   0.020  203
   177.83    47.08   177.62     0.01     0.00    -0.00   0.020  204
   177.83    48.06   178.64     0.01     0.00    -0.00   0.021  205
   177.83    47.08   178.64     0.01     0.00    -0.00   0.020  206
   177.83    48.06   178.64     0.01     0.00    -0.00   0.021  207
   176.85    48.06   177.62     0.01     0.00    -0.00   0.020  208
   177.83    47.08   178.64     0.01     0.00    -0.00   0.021  209
   177.83    49.04   179.66     0.01     0.00    -0.00   0.020  210
   177.83    47.08   177.62     0.01     0.00    -0.00   0.021  211
   176.85    46.10   178.64     0.01     0.00    -0.00   0.020  212
   177.83    47.08   177.62     0.01     0.00    -0.00   0.021  213
   176.85    48.06   178.64     0.01     0.00    -0.01   0.020  214
   177.83    49.04   177.62     0.01     0.00    -0.00   0.021  215
   177.83    49.04   179.66     0.01     0.00    -0.00   0.020  216
   175.88    48.06   177.62     0.01     0.00    -0.00   0.021  217
   176.85    47.08   177.62     0.01     0.00    -0.00   0.020  218
   177.83    48.06   178.64     0.01     0.00    -0.00   0.021  219
   176.85    48.06   176.60     0.01     0.00    -0.00   0.020  220
   176.85    49.04   178.64     0.01     0.00    -0.00   0.021  221
   177.83    47.08   177.62     0.01     0.00    -0.00   0.020  222
   177.83    47.08   177.62     0.01     0.00    -0.00   0.021  223
   177.83    47.08   178.64     0.01     0.00    -0.00   0.020  224
   177.83    47.08   178.64     0.01     0.00    -0.00   0.021  225
   176.85    47.08   178.64     0.01     0.00    -0.00   0.020  226
   176.85    47.08   178.64     0.01     0.00    -0.00   0.021  227
   177.83    48.06   176.60     0.01     0.00    -0.00   0.020  228
   177.83    48.06   178.64     0.01     0.00    -0.00   0.020  229
   177.83    48.06   177.62     0.01     0.00    -0.00   0.021  230
   177.83    49.04   176.60     0.01     0.00    -0.00   0.020  231
   175.88    49.04   178.64     0.01     0.00    -0.00   0.021  232
   176.85    48.06   179.66     0.01     0.00    -0.00   0.020  233
   177.83    49.04   177.62     0.01     0.00    -0.00   0.021  234
   178.81    47.08   178.64     0.01     0.00    -0.00   0.020  235
   176.85    48.06   176.60     0.01     0.00    -0.00   0.021  236
   177.83    47.08   177.62     0.01     0.00    -0.00   0.020  237
   178.81    49.04   177.62     0.01     0.00    -0.00   0.021  238
   178.81    47.08   178.64     0.01     0.00    -0.00   0.020  239
   176.85    48.06   178.64     0.01     0.00    -0.00   0.021  240
   176.85    47.08   177.62     0.01     0.00    -0.00   0.020  241
   176.85    48.06   178.64     0.01     0.00    -0.00   0.021  242
   177.83    48.06   176.60     0.01     0.00    -0.00   0.020  243
   176.85    48.06   178.64     0.01     0.00    -0.00   0.021  244
   175.88    48.06   177.62     0.01     0.00    -0.00   0.020  245
   176.85    48.06   177.62     0.01     0.00    -0.00   0.021  246
   177.83    48.06   177.62     0.01     0.00    -0.00   0.020  247
   176.85    47.08   177.62     0.01     0.00    -0.00   0.021  248
   177.83    48.06   178.64     0.01     0.00    -0.00   0.020  249
   177.83    48.06   179.66     0.01     0.00    -0.00   0.021  250
   177.83    48.06   178.64     0.01     0.00    -0.00   0.020  251
   176.85    48.06   177.62     0.01     0.00    -0.01   0.021  252
   178.81    49.04   177.62     0.01     0.00    -0.01   0.020  253
   177.83    48.06   178.64     0.01     0.00    -0.00   0.020  254
   177.83    48.06   178.64     0.01     0.00    -0.00   0.021  255
   177.83    48.06   178.64     0.01     0.00    -0.00   0.020    0
   177.83    47.08   177.62     0.01     0.00    -0.00   0.021    1
   177.83    48.06   178.64     0.01     0.00    -0.00   0.020    2
   178.81    47.08   177.62     0.01     0.00    -0.00   0.021    3
   176.85    48.06   177.62     0.01     0.00    -0.00   0.020    4
   176.85    48.06   178.64     0.01     0.00    -0.00   0.021    5
   176.85    49.04   178.64     0.01     0.00    -0.00   0.020    6
   177.83    48.06   178.64     0.01     0.00    -0.00   0.021    7
   177.83    47.08   177.62     0.01     0.00    -0.00   0.020    8
   176.85    48.06   179.66     0.01     0.00    -0.00   0.021    9
   176.85    47.08   177.62     0.01     0.00    -0.00   0.020   10
   175.88    47.08   179.66     0.01     0.00    -0.00   0.021   11
   177.83    48.06   177.62     0.01     0.00    -0.00   0.020   12
   176.85    49.04   178.64     0.01     0.00    -0.00   0.021   13
   176.85    49.04   176.60     0.01     0.00    -0.00   0.020   14
