   181.74    44.14   175.59     0.01     0.00    -0.01   0.021    0
   182.72    43.16   174.57     0.01     0.00    -0.00   0.020    1
   180.76    42.18   174.57     0.01     0.00    -0.00   0.021    2
   181.74    44.14   173.55     0.01     0.00    -0.00   0.020    3
   181.74    42.18   174.57     0.01     0.00    -0.00   0.021    4
   180.76    43.16   175.59     0.01     0.00    -0.00   0.020    5
   179.79    44.14   174.57     0.01     0.00    -0.00   0.021    6
   180.76    43.16   175.59     0.00     0.01    -0.00   0.020    7
   180.76    43.16   175.59     0.01     0.00    -0.00   0.021    8
   182.72    43.16   174.57     0.01     0.00    -0.00   0.020    9
   180.76    43.16   175.59     0.01     0.00    -0.00   0.021   10
   181.74    42.18   176.60     0.01     0.00    -0.00   0.020   11
   181.74    43.16   175.59     0.01     0.00    -0.00   0.021   12
   181.74    42.18   176.60     0.01     0.00    -0.00   0.020   13
   180.76    43.16   176.60     0.01     0.00    -0.00   0.021   14
   181.74    43.16   175.59     0.01     0.00    -0.00   0.020   15
   181.74    43.16   175.59     0.01     0.00    -0.00   0.020   16
   180.76    43.16   175.59     0.01     0.00    -0.00   0.021   17
   180.76    43.16   174.57     0.01     0.00    -0.00   0.020   18
   180.76    43.16   174.57     0.01     0.00    -0.00   0.021   19
   181.74    44.14   175.59     0.01     0.00    -0.00   0.020   20
   181.74    43.16   174.57     0.01     0.00    -0.00   0.021   21
   180.76    43.16   174.57     0.01     0.00    -0.00   0.020   22
   181.74    44.14   175.59     0.01     0.00    -0.00   0.021   23
   181.74    44.14   173.55     0.01     0.00    -0.01   0.020   24
   181.74    42.18   175.59     0.01     0.00    -0.01   0.021   25
   181.74    43.16   174.57     0.01     0.00    -0.01   0.020   26
   182.72    44.14   175.59     0.01     0.00    -0.00   0.021   27
   181.74    44.14   176.60     0.01     0.00    -0.00   0.020   28
   182.72    44.14   174.57     0.01     0.00    -0.01   0.021   29
   182.72    43.16   174.57     0.01     0.00    -0.01   0.020   30
   181.74    42.18   176.60     0.01     0.00    -0.01   0.021   31
   181.74    43.16   174.57     0.01     0.00    -0.00   0.020   32
   181.74    44.14   175.59     0.01     0.00    -0.00   0.021   33
   181.74    44.14   174.57     0.01     0.00    -0.00   0.020   34
   181.74    44.14   175.59     0.01     0.00    -0.00   0.021   35
   182.72    44.14   174.57     0.01     0.00    -0.00   0.020   36
   181.74    43.16   175.59     0.01     0.00    -0.00   0.021   37
   180.76    43.16   175.59     0.01     0.00    -0.00   0.020   38
   179.79    44.14   175.59     0.01     0.00    -0.00   0.021   39
   180.76    43.16   176.60     0.01     0.00    -0.00   0.020   40
   182.72    42.18   174.57     0.01     0.00    -0.01   0.020   41
   181.74    43.16   176.60     0.01     0.00    -0.01   0.021   42
   181.74    44.14   175.59     0.01     0.00    -0.01   0.020   43
   181.74    43.16   174.57     0.01     0.00    -0.01   0.021   44
   181.74    44.14   174.57     0.01     0.00    -0.00   0.020   45
   180.76    45.12   175.59     0.01     0.00    -0.01   0.021   46
   180.76    43.16   174.57     0.01     0.00    -0.01   0.020   47
   181.74    43.16   175.59     0.01     0.00    -0.00   0.021   48
   180.76    44.14   175.59     0.01     0.01    -0.00   0.020   49
   182.72    44.14   175.59     0.01     0.00    -0.00   0.021   50
   180.76    45.12   175.59     0.01     0.00    -0.00   0.020   51
   181.74    44.14   175.59     0.01     0.01    -0.00   0.021   52
   180.76    45.12   174.57     0.01     0.00    -0.00   0.020   53
   181.74    43.16   175.59     0.01     0.00    -0.00   0.021   54
   181.74    43.16   174.57     0.01     0.00    -0.00   0.020   55
   181.74    44.14   174.57     0.01     0.00    -0.00   0.021   56
   181.74    44.14   176.60     0.01     0.00    -0.00   0.020   57
   181.74    43.16   174.57     0.01     0.00    -0.00   0.021   58
   180.76    44.14   175.59     0.01     0.00    -0.00   0.020   59
   181.74    44.14   174.57     0.01     0.00    -0.00   0.021   60
   181.74    43.16   175.59     0.01     0.00    -0.00   0.020   61
   181.74    43.16   175.59     0.01     0.00    -0.00   0.021   62
   181.74    45.12   176.60     0.01     0.01    -0.00   0.020   63
   181.74    43.16   174.57     0.01     0.00    -0.00   0.021   64
   183.69    43.16   175.59     0.01     0.00    -0.00   0.020   65
   181.74    44.14   175.59     0.01     0.00    -0.01   0.020   66
   181.74    43.16   175.59     0.01     0.01    -0.00   0.021   67
   181.74    43.16   174.57     0.01     0.00    -0.00   0.020   68
   181.74    43.16   175.59     0.01     0.00    -0.00   0.021   69
   181.74    43.16   175.59     0.01     0.00    -0.00   0.020   70
   180.76    44.14   174.57     0.01     0.00    -0.00   0.021   71
   181.74    43.16   176.60     0.01     0.00    -0.00   0.020   72
   181.74    44.14   175.59     0.01     0.00    -0.00   0.021   73
   180.76    44.14   176.60     0.01     0.00    -0.00   0.020   74
   182.72    44.14   176.60     0.01     0.00    -0.00   0.021   75
   179.79    44.14   175.59     0.01     0.00    -0.01   0.020   76
   180.76    43.16   176.60     0.01     0.00    -0.00   0.021   77
   180.76    43.16   175.59     0.01     0.00    -0.00   0.020   78
   182.72    43.16   174.57     0.01     0.00    -0.00   0.021   79
   181.74    43.16   175.59     0.01     0.00    -0.01   0.020   80
   182.72    43.16   175.59     0.01     0.00    -0.00   0.021   81
   180.76    44.14   174.57     0.01     0.01    -0.00   0.020   82
   180.76    43.16   175.59     0.01     0.01    -0.00   0.021   83
   180.76    44.14   176.60     0.01     0.01    -0.00   0.020   84
   181.74    43.16   173.55     0.01     0.01    -0.00   0.021   85
   180.76    43.16   175.59     0.01     0.00    -0.00   0.020   86
   181.74    44.14   175.59     0.01     0.01    -0.00   0.021   87
   180.76    43.16   177.62     0.01     0.00    -0.00   0.020   88
   181.74    45.12   175.59     0.00     0.00    -0.00   0.021   89
   181.74    43.16   176.60     0.01     0.00    -0.00   0.020   90
   180.76    43.16   175.59     0.01     0.00    -0.00   0.020   91
   180.76    43.16   174.57     0.01     0.00    -0.00   0.021   92
   181.74    43.16   175.59     0.01     0.00    -0.00   0.020   93
   180.76    44.14   174.57     0.01     0.00    -0.00   0.021   94
   180.76    44.14   175.59     0.01     0.00    -0.00   0.020   95
   182.72    42.18   175.59     0.01     0.00    -0.01   0.021   96
   182.72    43.16   174.57     0.01     0.00    -0.01   0.020   97
   181.74    44.14   175.59     0.01     0.00    -0.01   0.021   98
   182.72    44.14   176.60     0.01     0.00    -0.00   0.020   99
   181.74    43.16   175.59     0.01     0.00    -0.00   0.021  100
   181.74    43.16   176.60     0.01     0.00    -0.01   0.020  101
   182.72    43.16   174.57     0.01     0.00    -0.00   0.021  102
   180.76    44.14   176.60     0.01     0.00    -0.00   0.020  103
   180.76    43.16   175.59     0.01     0.00    -0.00   0.021  104
   180.76    44.14   176.60     0.01     0.01    -0.00   0.020  105
   181.74    43.16   174.57     0.01     0.00    -0.00   0.021  106
   180.76    43.16   175.59     0.01     0.00    -0.00   0.020  107
   181.74    43.16   175.59     0.01     0.00    -0.00   0.021  108
   181.74    43.16   176.60     0.01     0.00    -0.00   0.020  109
   181.74    43.16   175.59     0.01     0.00    -0.00   0.021  110
   181.74    43.16   175.59     0.01     0.00    -0.00   0.020  111
   180.76    42.18   174.57     0.01     0.01    -0.00   0.021  112
   181.74    43.16   175.59     0.01     0.00    -0.00   0.020  113
   180.76    43.16   176.60     0.01     0.00    -0.00   0.021  114
   181.74    44.14   176.60     0.01     0.00    -0.00   0.020  115
   181.74    44.14   175.59     0.01     0.00    -0.00   0.020  116
   180.76    44.14   175.59     0.01     0.00    -0.00   0.021  117
   181.74    43.16   175.59     0.01     0.00    -0.00   0.020  118
   180.76    44.14   174.57     0.01     0.00    -0.00   0.021  119
   180.76    45.12   176.60     0.01     0.00    -0.00   0.020  120
   180.76    44.14   176.60     0.01     0.01    -0.00   0.021  121
   181.74    42.18   175.59     0.01     0.01    -0.00   0.020  122
   181.74    43.16   174.57     0.01     0.01    -0.00   0.021  123
   181.74    43.16   175.59     0.01     0.01    -0.00   0.020  124
   180.76    44.14   175.59     0.01     0.00    -0.00   0.021  125
   181.74    43.16   175.59     0.01     0.00    -0.00   0.020  126
   180.76    43.16   175.59     0.01     0.00    -0.00   0.021  127
   180.76    43.16   176.60     0.01     0.00    -0.00   0.020  128
   180.76    44.14   176.60     0.01     0.00    -0.00   0.021  129
   180.76    43.16   176.60     0.01     0.00    -0.00   0.020  130
   181.74    43.16   175.59     0.01     0.00    -0.01   0.021  131
   181.74    44.14   176.60     0.01     0.00    -0.00   0.020  132
   182.72    44.14   176.60     0.01     0.00    -0.01   0.021  133
   181.74    42.18   175.59     0.01     0.00    -0.01   0.020  134
   180.76    44.14   174.57     0.01     0.00    -0.00   0.021  135
   181.74    42.18   176.60     0.01     0.00    -0.00   0.020  136
   180.76    43.16   175.59     0.01     0.00    -0.00   0.021  137
   181.74    42.18   174.57     0.01     0.00    -0.00   0.020  138
   180.76    43.16   176.60     0.01     0.00    -0.00   0.021  139
   180.76    43.16   174.57     0.01     0.00    -0.00   0.020  140
   180.76    43.16   174.57     0.01     0.00    -0.00   0.020  141
   180.76    43.16   174.57     0.01     0.00    -0.00   0.021  142
   181.74    44.14   175.59     0.01     0.00    -0.00   0.020  143
   180.76    44.14   176.60     0.01     0.00    -0.00   0.021  144
   180.76    43.16   174.57     0.01     0.00    -0.00   0.020  145
   180.76    43.16   175.59     0.01     0.00    -0.00   0.021  146
   180.76    44.14   175.59     0.01     0.00    -0.00   0.020  147
   180.76    43.16   176.60     0.01     0.00    -0.00   0.021  148
   181.74    44.14   175.59     0.01     0.01    -0.00   0.020  149
   181.74    43.16   175.59     0.01     0.00    -0.00   0.021  150
   181.74    44.14   176.60     0.01     0.00    -0.00   0.020  151
   181.74    43.16   175.59     0.01     0.00    -0.00   0.021  152
   181.74    44.14   175.59     0.01     0.00    -0.00   0.020  153
   180.76    44.14   175.59     0.01     0.00    -0.00   0.021  154
   181.74    42.18   176.60     0.01     0.00    -0.00   0.020  155
   180.76    44.14   175.59     0.01     0.00    -0.00   0.021  156
   181.74    44.14   175.59     0.01     0.01    -0.01   0.020  157
   182.72    43.16   175.59     0.01     0.00    -0.00   0.021  158
   181.74    43.16   175.59     0.01     0.00    -0.00   0.020  159
   179.79    45.12   177.62     0.01     0.01    -0.00   0.021  160
   180.76    44.14   175.59     0.00     0.00    -0.00   0.020  161
   181.74    44.14   175.59     0.01     0.00    -0.00   0.021  162
   180.76    43.16   175.59     0.01     0.00    -0.00   0.020  163
   180.76    43.16   174.57     0.01     0.00    -0.00   0.021  164
   181.74    43.16   176.60     0.01     0.00    -0.00   0.020  165
   181.74    43.16   175.59     0.01     0.00    -0.00   0.020  166
   181.74    42.18   175.59     0.01     0.00    -0.00   0.021  167
   181.74    43.16   175.59     0.01     0.00    -0.00   0.020  168
   182.72    43.16   176.60     0.01     0.00    -0.00   0.021  169
   180.76    44.14   175.59     0.01     0.00    -0.00   0.020  170
   180.76    43.16   176.60     0.01     0.00    -0.00   0.021  171
   180.76    44.14   176.60     0.01     0.00    -0.00   0.020  172
   180.76    43.16   175.59     0.01     0.00    -0.00   0.021  173
   181.74    43.16   175.59     0.01     0.00    -0.00   0.020  174
   181.74    43.16   175.59     0.01     0.00    -0.00   0.021  175
   180.76    43.16   176.60     0.01     0.00    -0.00   0.020  176
   181.74    43.16   175.59     0.01     0.01    -0.00   0.021  177
   180.76    43.16   175.59     0.01     0.00    -0.00   0.020  178
   181.74    43.16   175.59     0.01     0.00    -0.00   0.021  179
   181.74    43.16   175.59     0.01     0.00    -0.00   0.020  180
   181.74    44.14   175.59     0.01     0.00    -0.00   0.021  181
   180.76    43.16   176.60     0.01     0.00    -0.00   0.020  182
   181.74    43.16   175.59     0.01     0.00    -0.00   0.021  183
   181.74    42.18   175.59     0.01     0.00    -0.00   0.020  184
   180.76    44.14   175.59     0.01     0.00    -0.00   0.021  185
   181.74    43.16   176.60     0.01     0.00    -0.00   0.020  186
   180.76    43.16   175.59     0.01     0.00    -0.00   0.021  187
   181.74    43.16   175.59     0.01     0.00    -0.00   0.020  188
   181.74    43.16   175.59     0.01     0.00    -0.00   0.021  189
   181.74    43.16   175.59     0.01     0.00    -0.00   0.020  190
   181.74    44.14   176.60     0.01     0.00    -0.00   0.020  191
   180.76    45.12   175.59     0.01     0.00    -0.00   0.021  192
   180.76    43.16   176.60     0.01     0.00    -0.00   0.020  193
   179.79    43.16   175.59     0.01     0.00    -0.00   0.021  194
   180.76    43.16   177.62     0.01     0.00    -0.00   0.020  195
   180.76    45.12   175.59     0.01     0.01    -0.00   0.021  196
   180.76    44.14   174.57     0.01     0.00    -0.00   0.020  197
   180.76    43.16   176.60     0.01     0.00    -0.00   0.021  198
   181.74    43.16   177.62     0.01     0.00    -0.00   0.020  199
   181.74    43.16   175.59     0.01     0.00    -0.00   0.021  200
   181.74    42.18   174.57     0.01     0.00    -0.00   0.020  201
   180.76    44.14   175.59     0.01     0.00    -0.00   0.021  202
   182.72    43.16   176.60     0.01     0.00    -0.00   0.020  203
   182.72    42.18   176.60     0.01     0.00    -0.00   0.021  204
   180.76    43.16   176.60     0.01     0.00    -0.00   0.020  205
   181.74    43.16   176.60     0.01     0.00    -0.00   0.021  206
   180.76    43.16   175.59     0.01     0.00    -0.00   0.020  207
   181.74    44.14   174.57     0.01     0.00    -0.00   0.021  208
   181.74    43.16   175.59     0.01     0.00    -0.00   0.020  209
   181.74    43.16   175.59     0.01     0.00    -0.00   0.021  210
   180.76    44.14   174.57     0.01     0.00    -0.00   0.020  211
   180.76    43.16   175.59     0.01     0.00    -0.00   0.021  212
   181.74    44.14   175.59     0.01     0.00    -0.00   0.020  213
   180.76    42.18   175.59     0.01     0.00    -0.00   0.021  214
   181.74    43.16   174.57     0.01     0.00    -0.00   0.020  215
   181.74    43.16   175.59     0.01     0.00    -0.00   0.020  216
   181.74    44.14   175.59     0.01     0.00    -0.00   0.021  217
   180.76    42.18   174.57     0.01     0.00    -0.00   0.020  218
   180.76    44.14   176.60     0.01     0.00    -0.00   0.021  219
   180.76    44.14   175.59     0.01     0.00    -0.00   0.020  220
   180.76    44.14   175.59     0.01     0.00    -0.00   0.021  221
   180.76    44.14   176.60     0.01     0.00    -0.00   0.020  222
   181.74    43.16   176.60     0.01     0.00    -0.00   0.021  223
   179.79    43.16   175.59     0.01     0.00    -0.00   0.020  224
   180.76    43.16   174.57     0.01     0.00    -0.00   0.021  225
   180.76    43.16   174.57     0.01     0.00    -0.00   0.020  226
   180.76    43.16   176.60     0.01     0.00    -0.00   0.021  227
   180.76    45.12   176.60     0.01     0.00    -0.00   0.020  228
   181.74    43.16   176.60     0.01     0.00    -0.01   0.021  229
   181.74    42.18   175.59     0.01     0.00    -0.00   0.020  230
   181.74    43.16   175.59     0.01     0.00    -0.00   0.021  231
   180.76    43.16   176.60     0.01     0.00    -0.00   0.020  232
   180.76    43.16   175.59     0.01     0.00    -0.00   0.021  233
   179.79    43.16   176.60     0.01     0.00    -0.00   0.020  234
   181.74    44.14   175.59     0.01     0.00    -0.00   0.021  235
   180.76    44.14   175.59     0.01     0.00    -0.00   0.020  236
   180.76    43.16   174.57     0.01     0.00    -0.00   0.021  237
   180.76    42.18   175.59     0.01     0.00    -0.00   0.020  238
   180.76    44.14   175.59     0.01     0.00    -0.00   0.021  239
   180.76    44.14   175.59     0.01     0.00    -0.00   0.020  240
   180.76    43.16   175.59     0.01     0.00    -0.00   0.020  241
   180.76    42.18   176.60     0.01     0.00    -0.00   0.021  242
   182.72    43.16   176.60     0.01     0.00    -0.00   0.020  243
   181.74    44.14   176.60     0.01     0.00    -0.00   0.021  244
   180.76    43.16   175.59     0.01     0.00    -0.00   0.020  245
   180.76    43.16   176.60     0.01     0.00    -0.00   0.021  246
   180.76    43.16   175.59     0.01     0.00    -0.00   0.020  247
   180.76    43.16   174.57     0.01     0.00    -0.00   0.021  248
   179.79    43.16   175.59     0.01     0.00    -0.00   0.020  249
   181.74    43.16   175.59     0.01     0.00    -0.00   0.021  250
   181.74    43.16   175.59     0.01     0.00    -0.00   0.020  251
   181.74    43.16   176.60     0.01     0.00    -0.00   0.021  252
   181.74    43.16   174.57     0.01     0.00    -0.00   0.020  253
   180.76    43.16   175.59     0.01     0.00    -0.00   0.021  254
   180.76    43.16   175.59     0.01     0.00    -0.00   0.020  255
   180.76    43.16   176.60     0.01     0.00    -0.00   0.021    0
   181.74    42.18   175.59     0.01     0.00    -0.00   0.020    1
   180.76    43.16   175.59     0.01     0.00    -0.00   0.021    2
   180.76    44.14   175.59     0.01     0.00    -0.00   0.020    3
   181.74    42.18   175.59     0.01     0.00    -0.00   0.021    4
   181.74    43.16   175.59     0.01     0.00    -0.00   0.020    5
   180.76    43.16   176.60     0.01     0.00    -0.00   0.021    6
   181.74    43.16   175.59     0.01     0.00    -0.00   0.020    7
   180.76    43.16   175.59     0.01     0.00    -0.00   0.021    8
   181.74    43.16   174.57     0.01     0.00    -0.00   0.020    9
   181.74    43.16   173.55     0.01     0.00    -0.00   0.020   10
   181.74    43.16   175.59     0.01     0.00    -0.00   0.021   11
   181.74    42.18   174.57     0.01     0.00    -0.00   0.020   12
   181.74    43.16   176.60     0.01     0.00    -0.00   0.021   13
   180.76    44.14   175.59     0.01     0.00    -0.00   0.020   14
   180.76    43.16   175.59     0.01     0.00    -0.00   0.021   15
   181.74    43.16   174.57     0.01     0.00    -0.00   0.020   16
   180.76    44.14   174.57     0.01     0.00    -0.00   0.021   17
   180.76    44.14   174.57     0.01     0.00    -0.00   0.020   18
   180.76    44.14   174.57     0.01     0.00    -0.00   0.021   19
   180.76    43.16   175.59     0.01     0.00    -0.00   0.020   20
   181.74    43.16   176.60     0.01     0.00    -0.00   0.021   21
   179.79    44.14   175.59     0.01     0.00    -0.00   0.020   22
   179.79    44.14   176.60     0.01     0.00    -0.00   0.021   23
   181.74    43.16   174.57     0.01     0.00    -0.01   0.020   24
   180.76    43.16   176.60     0.01     0.00    -0.00   0.021   25
   180.76    43.16   174.57     0.01     0.00    -0.00   0.020   26
   179.79    43.16   176.60     0.01     0.00    -0.00   0.021   27
   180.76    44.14   175.59     0.01     0.00    -0.00   0.020   28
   181.74    43.16   174.57     0.01     0.00    -0.00   0.021   29
   182.72    43.16   175.59     0.01     0.00    -0.00   0.020   30
   181.74    43.16   175.59     0.01     0.00    -0.00   0.021   31
   180.76    43.16   175.59     0.01     0.00    -0.00   0.020   32
   181.74    43.16   174.57     0.01     0.00    -0.00   0.021   33
   180.76    43.16   175.59     0.01     0.00    -0.00   0.020   34
   181.74    43.16   176.60     0.01     0.00    -0.00   0.020   35
   180.76    44.14   175.59     0.01     0.00    -0.00   0.021   36
   181.74    44.14   176.60     0.01     0.00    -0.00   0.020   37
   180.76    44.14   174.57     0.01     0.00    -0.00   0.021   38
   180.76    44.14   176.60     0.01     0.00    -0.00   0.020   39
   181.74    43.16   174.57     0.01     0.00    -0.00   0.021   40
   180.76    43.16   176.60     0.01     0.00    -0.00   0.020   41
   180.76    43.16   175.59     0.01     0.00    -0.00   0.021   42
   180.76    43.16   175.59     0.01     0.00    -0.00   0.020   43
   179.79    43.16   176.60     0.01     0.00    -0.00   0.021   44
   179.79    44.14   176.60     0.01     0.00    -0.00   0.020   45
   180.76    44.14   175.59     0.01     0.00    -0.00   0.021   46
   180.76    44.14   175.59     0.01     0.00    -0.00   0.020   47
   180.76    43.16   174.57     0.01     0.00    -0.00   0.021   48
   179.79    44.14   175.59     0.01     0.00    -0.01   0.020   49
   181.74    44.14   175.59     0.01     0.00    -0.01   0.021   50
   181.74    44.14   176.60     0.01     0.00    -0.00   0.020   51
   180.76    43.16   175.59     0.01     0.00    -0.01   0.021   52
   181.74    43.16   174.57     0.01     0.00    -0.00   0.020   53
   180.76    43.16   175.59     0.01     0.00    -0.00   0.021   54
   181.74    43.16   175.59     0.01     0.00    -0.00   0.020   55
   178.81    44.14   176.60     0.01     0.00    -0.01   0.021   56
   181.74    44.14   175.59     0.01     0.00    -0.01   0.020   57
   179.79    44.14   175.59     0.01     0.00    -0.00   0.021   58
   181.74    43.16   174.57     0.01     0.00    -0.00   0.020   59
   180.76    43.16   174.57     0.01     0.00    -0.00   0.020   60
   181.74    42.18   177.62     0.01     0.00    -0.00   0.021   61
   181.74    43.16   174.57     0.01     0.00    -0.00   0.020   62
   180.76    44.14   176.60     0.01     0.00    -0.00   0.021   63
   180.76    43.16   174.57     0.01     0.00    -0.00   0.020   64
   181.74    45.12   174.57     0.01     0.00    -0.01   0.021   65
   180.76    44.14   175.59     0.01     0.00    -0.00   0.020   66
   181.74    42.18   176.60     0.01     0.00    -0.00   0.021   67
   180.76    44.14   175.59     0.01     0.00    -0.00   0.020   68
   181.74    44.14   175.59     0.01     0.00    -0.01   0.021   69
   180.76    43.16   175.59     0.01     0.00    -0.00   0.020   70
   180.76    43.16   174.57     0.01     0.00    -0.00   0.021   71
   180.76    43.16   174.57     0.01     0.00    -0.00   0.020   72
   181.74    43.16   175.59     0.01     0.00    -0.00   0.021   73
   181.74    43.16   175.59     0.01     0.00    -0.01   0.020   74
   181.74    44.14   176.60     0.01     0.00    -0.01   0.021   75
   181.74    43.16   175.59     0.01     0.00    -0.00   0.020   76
   181.74    43.16   175.59     0.01     0.00    -0.00   0.021   77
   181.74    44.14   175.59     0.01     0.00    -0.00   0.020   78
   181.74    43.16   176.60     0.01     0.00    -0.00   0.021   79
   181.74    44.14   176.60     0.01     0.00    -0.00   0.020   80
   181.74    44.14   175.59     0.01     0.00    -0.00   0.021   81
   181.74    43.16   176.60     0.01     0.00    -0.00   0.020   82
   181.74    44.14   175.59     0.01     0.00    -0.00   0.021   83
   181.74    44.14   176.60     0.01     0.00    -0.00   0.020   84
   180.76    44.14   176.60     0.01     0.00    -0.00   0.020   85
   181.74    43.16   175.59     0.01     0.00    -0.00   0.021   86
   180.76    44.14   174.57     0.01     0.00    -0.00   0.020   87
   181.74    44.14   175.59     0.01     0.00    -0.00   0.021   88
   182.72    43.16   176.60     0.01     0.00    -0.01   0.020   89
   181.74    45.12   176.60     0.01     0.00    -0.01   0.021   90
   180.76    44.14   176.60     0.01     0.00    -0.00   0.020   91
   181.74    44.14   176.60     0.01     0.00    -0.00   0.021   92
   181.74    44.14   175.59     0.01     0.00    -0.01   0.020   93
   181.74    43.16   174.57     0.01     0.00    -0.00   0.021   94
   180.76    44.14   175.59     0.01     0.00    -0.00   0.020   95
   181.74    44.14   175.59     0.01     0.00    -0.01   0.021   96
   182.72    43.16   175.59     0.01     0.00    -0.01   0.020   97
   181.74    45.12   175.59     0.01     0.00    -0.00   0.021   98
   181.74    43.16   175.59     0.01     0.00    -0.00   0.020   99
   181.74    43.16   176.60     0.01     0.00    -0.01   0.021  100
   181.74    44.14   175.59     0.01     0.00    -0.01   0.020  101
   179.79    44.14   174.57     0.01     0.00    -0.00   0.021  102
   181.74    44.14   175.59     0.01     0.00    -0.00   0.020  103
   180.76    44.14   173.55     0.01     0.00    -0.00   0.021  104
   181.74    44.14   175.59     0.01     0.00    -0.01   0.020  105
   181.74    44.14   176.60     0.01     0.00    -0.01   0.021  106
   182.72    43.16   174.57     0.01     0.00    -0.00   0.020  107
   180.76    44.14   174.57     0.01     0.00    -0.00   0.021  108
   182.72    44.14   175.59     0.01     0.00    -0.00   0.020  109
   180.76    44.14   174.57     0.01     0.00    -0.00   0.020  110
   182.72    43.16   175.59     0.01     0.00    -0.00   0.021  111
   180.76    44.14   175.59     0.01     0.00    -0.00   0.020  112
   181.74    44.14   175.59     0.01     0.00    -0.00   0.021  113
   180.76    44.14   175.59     0.01     0.00    -0.00   0.020  114
   180.76    45.12   174.57     0.01     0.00    -0.00   0.021  115
   181.74    44.14   175.59     0.01     0.00    -0.00   0.020  116
   180.76    45.12   175.59     0.01     0.00    -0.00   0.021  117
   181.74    44.14   174.57     0.01     0.00    -0.00   0.020  118
   182.72    44.14   174.57     0.01     0.00    -0.00   0.021  119
   181.74    44.14   175.59     0.01     0.00    -0.00   0.020  120
   180.76    43.16   176.60     0.01     0.00    -0.00   0.021  121
   181.74    44.14   177.62     0.01     0.00    -0.00   0.020  122
   182.72    44.14   174.57     0.01     0.00    -0.00   0.021  123
   180.76    44.14   176.60     0.01     0.00    -0.00   0.020  124
   181.74    43.16   175.59     0.01     0.00    -0.00   0.021  125
   180.76    44.14   174.57     0.01     0.00    -0.01   0.020  126
   181.74    44.14   175.59     0.01     0.00    -0.00   0.021  127
   180.76    44.14   175.59     0.01     0.00    -0.00   0.020  128
   181.74    44.14   176.60     0.01     0.00    -0.00   0.021  129
   181.74    44.14   173.55     0.01     0.00    -0.00   0.020  130
   181.74    44.14   175.59     0.01     0.00    -0.00   0.021  131
   180.76    44.14   174.57     0.01     0.00    -0.00   0.020  132
   181.74    44.14   174.57     0.01     0.00    -0.00   0.021  133
   180.76    44.14   175.59     0.01     0.00    -0.00   0.020  134
   181.74    45.12   176.60     0.01     0.00    -0.00   0.020  135
   181.74    44.14   174.57     0.01     0.00    -0.00   0.021  136
   181.74    44.14   176.60     0.01     0.00    -0.00   0.020  137
   181.74    44.14   174.57     0.01     0.00    -0.00   0.021  138
   181.74    45.12   174.57     0.01     0.00    -0.00   0.020  139
