   176.85    47.08   190.85     0.03     0.00    -0.01   0.021    0
   176.85    46.10   190.85     0.03     0.00    -0.01   0.020    1
   176.85    46.10   189.84     0.03     0.00    -0.01   0.021    2
   175.88    46.10   192.89     0.03     0.00    -0.01   0.020    3
   175.88    45.12   191.87     0.03     0.00    -0.01   0.021    4
   176.85    45.12   190.85     0.03     0.00    -0.01   0.020    5
   176.85    46.10   191.87     0.03     0.00    -0.01   0.021    6
   175.88    45.12   190.85     0.03     0.00    -0.01   0.020    7
   176.85    45.12   190.85     0.03     0.00    -0.01   0.021    8
   176.85    45.12   190.85     0.03     0.00    -0.01   0.020    9
   175.88    46.10   191.87     0.03     0.00    -0.01   0.021   10
   176.85    45.12   191.87     0.03     0.00    -0.01   0.020   11
   174.90    45.12   190.85     0.03     0.00    -0.01   0.021   12
   175.88    45.12   191.87     0.03     0.00    -0.01   0.020   13
   176.85    44.14   191.87     0.03     0.00    -0.01   0.021   14
   177.83    46.10   190.85     0.03     0.00    -0.00   0.020   15
   176.85    46.10   191.87     0.03     0.00    -0.01   0.020   16
   176.85    46.10   191.87     0.03     0.00    -0.01   0.021   17
   176.85    46.10   190.85     0.03     0.00    -0.01   0.020   18
   177.83    46.10   191.87     0.03     0.00    -0.01   0.021   19
   175.88    46.10   191.87     0.03     0.00    -0.01   0.020   20
   175.88    46.10   191.87     0.03     0.00    -0.01   0.021   21
   176.85    45.12   191.87     0.03     0.00    -0.01   0.020   22
   175.88    47.08   191.87     0.03     0.00    -0.01   0.021   23
   176.85    46.10   191.87     0.03     0.00    -0.01   0.020   24
   175.88    47.08   191.87     0.03     0.00    -0.01   0.021   25
   175.88    46.10   191.87     0.03     0.00    -0.01   0.020   26
   176.85    45.12   191.87     0.03     0.00    -0.01   0.021   27
   177.83    45.12   191.87     0.03     0.00    -0.01   0.020   28
   177.83    46.10   191.87     0.03     0.00    -0.01   0.021   29
   177.83    45.12   190.85     0.03     0.00    -0.01   0.020   30
   175.88    46.10   190.85     0.03     0.00    -0.01   0.021   31
   176.85    46.10   191.87     0.03     0.00    -0.01   0.020   32
   176.85    46.10   191.87     0.03     0.00    -0.01   0.021   33
   176.85    45.12   191.87     0.03     0.00    -0.01   0.020   34
   176.85    46.10   192.89     0.03     0.00    -0.01   0.021   35
   175.88    45.12   190.85     0.03     0.00    -0.01   0.020   36
   176.85    46.10   193.91     0.03     0.00    -0.01   0.021   37
   175.88    47.08   191.87     0.03     0.00    -0.01   0.020   38
   175.88    46.10   192.89     0.03     0.00    -0.01   0.021   39
   176.85    46.10   190.85     0.03     0.00    -0.01   0.020   40
   176.85    46.10   189.84     0.03     0.00    -0.01   0.020   41
   176.85    46.10   191.87     0.03     0.00    -0.01   0.021   42
   176.85    45.12   190.85     0.03     0.00    -0.01   0.020   43
   176.85    45.12   189.84     0.03     0.00    -0.00   0.021   44
   177.83    45.12   191.87     0.03     0.00    -0.01   0.020   45
   176.85    46.10   191.87     0.03     0.00    -0.01   0.021   46
   177.83    46.10   191.87     0.03     0.00    -0.01   0.020   47
   176.85    47.08   190.85     0.03     0.00    -0.01   0.021   48
   177.83    46.10   191.87     0.03     0.00    -0.01   0.020   49
   176.85    46.10   191.87     0.03     0.00    -0.01   0.021   50
   175.88    47.08   191.87     0.03     0.00    -0.01   0.020   51
   176.85    46.10   190.85     0.03     0.00    -0.01   0.021   52
   176.85    45.12   191.87     0.03     0.00    -0.01   0.020   53
   176.85    45.12   191.87     0.03     0.00    -0.01   0.021   54
   176.85    45.12   191.87     0.03     0.00    -0.01   0.020   55
   176.85    45.12   191.87     0.03     0.00    -0.01   0.021   56
   177.83    45.12   193.91     0.03     0.00    -0.01   0.020   57
   176.85    47.08   191.87     0.03     0.00    -0.01   0.021   58
   176.85    46.10   190.85     0.03     0.00    -0.01   0.020   59
   176.85    46.10   192.89     0.03     0.00    -0.01   0.021   60
   176.85    46.10   190.85     0.03     0.00    -0.01   0.020   61
   175.88    46.10   191.87     0.03     0.00    -0.01   0.021   62
   176.85    47.08   191.87     0.03     0.00    -0.01   0.020   63
   176.85    46.10   189.84     0.03     0.00    -0.01   0.021   64
   175.88    47.08   190.85     0.03     0.00    -0.01   0.020   65
   175.88    47.08   190.85     0.03     0.00    -0.01   0.020   66
   175.88    46.10   191.87     0.03     0.00    -0.01   0.021   67
   175.88    45.12   192.89     0.03     0.00    -0.01   0.020   68
   175.88    45.12   190.85     0.03     0.00    -0.01   0.021   69
   176.85    46.10   191.87     0.03     0.00    -0.01   0.020   70
   176.85    45.12   190.85     0.03     0.00    -0.01   0.021   71
   176.85    44.14   189.84     0.03     0.00    -0.01   0.020   72
   177.83    47.08   191.87     0.03     0.00    -0.01   0.021   73
   176.85    45.12   192.89     0.03     0.00    -0.01   0.020   74
   175.88    46.10   191.87     0.03     0.00    -0.01   0.021   75
   176.85    46.10   190.85     0.03     0.00    -0.01   0.020   76
   176.85    46.10   190.85     0.03     0.00    -0.01   0.021   77
   176.85    46.10   191.87     0.03     0.00    -0.01   0.020   78
   176.85    46.10   191.87     0.03     0.00    -0.01   0.021   79
   177.83    45.12   191.87     0.03     0.00    -0.01   0.020   80
   176.85    45.12   192.89     0.03     0.00    -0.01   0.021   81
   174.90    46.10   191.87     0.03     0.00    -0.01   0.020   82
   176.85    46.10   190.85     0.03     0.00    -0.01   0.021   83
   177.83    45.12   192.89     0.03     0.00    -0.01   0.020   84
   176.85    46.10   190.85     0.03     0.00    -0.01   0.021   85
   175.88    47.08   191.87     0.03     0.00    -0.01   0.020   86
   177.83    46.10   191.87     0.03     0.00    -0.01   0.021   87
   175.88    46.10   191.87     0.03     0.00    -0.01   0.020   88
   178.81    44.14   192.89     0.03     0.00    -0.01   0.021   89
   176.85    45.12   192.89     0.03     0.00    -0.01   0.020   90
   176.85    45.12   192.89     0.03     0.00    -0.01   0.020   91
   176.85    47.08   191.87     0.03     0.00    -0.01   0.021   92
   176.85    46.10   191.87     0.03     0.00    -0.01   0.020   93
   176.85    46.10   191.87     0.03     0.00    -0.01   0.021   94
   176.85    45.12   191.87     0.03     0.00    -0.01   0.020   95
   176.85    46.10   191.87     0.03     0.00    -0.01   0.021   96
   176.85    46.10   191.87     0.03     0.00    -0.01   0.020   97
   175.88    46.10   192.89     0.03     0.00    -0.01   0.021   98
   176.85    46.10   191.87     0.03     0.00    -0.01   0.020   99
   175.88    45.12   191.87     0.03     0.00    -0.01   0.021  100
   176.85    46.10   191.87     0.03     0.00    -0.01   0.020  101
   176.85    46.10   191.87     0.03     0.00    -0.01   0.021  102
   176.85    46.10   191.87     0.03     0.00    -0.01   0.020  103
   176.85    46.10   191.87     0.03     0.00    -0.00   0.021  104
   175.88    47.08   191.87     0.03     0.00    -0.01   0.020  105
   177.83    46.10   191.87     0.03     0.00    -0.01   0.021  106
   176.85    45.12   191.87     0.03     0.00    -0.01   0.020  107
   176.85    45.12   191.87     0.03     0.00    -0.00   0.021  108
   176.85    46.10   190.85     0.03     0.00    -0.01   0.020  109
   176.85    46.10   192.89     0.03     0.00    -0.01   0.021  110
   175.88    46.10   191.87     0.03     0.00    -0.01   0.020  111
   176.85    46.10   190.85     0.03     0.00    -0.01   0.021  112
   175.88    46.10   191.87     0.03     0.00    -0.01   0.020  113
   175.88    46.10   190.85     0.03     0.00    -0.01   0.021  114
   176.85    46.10   192.89     0.03     0.00    -0.01   0.020  115
   176.85    46.10   191.87     0.03     0.00    -0.01   0.020  116
   175.88    46.10   190.85     0.03     0.00    -0.01   0.021  117
   175.88    46.10   191.87     0.03     0.00    -0.00   0.020  118
   176.85    46.10   191.87     0.03     0.00    -0.01   0.021  119
   176.85    45.12   191.87     0.03     0.00    -0.01   0.020  120
   176.85    46.10   191.87     0.03     0.00    -0.01   0.021  121
   176.85    46.10   192.89     0.03     0.00    -0.01   0.020  122
   176.85    45.12   190.85     0.03     0.00    -0.01   0.021  123
   177.83    45.12   190.85     0.03     0.00    -0.01   0.020  124
   175.88    46.10   190.85     0.03     0.00    -0.01   0.021  125
   176.85    46.10   190.85     0.03     0.00    -0.01   0.020  126
   176.85    46.10   189.84     0.03     0.00    -0.01   0.021  127
   175.88    45.12   190.85     0.03     0.00    -0.01   0.020  128
   175.88    46.10   189.84     0.03     0.00    -0.01   0.021  129
   176.85    45.12   190.85     0.03     0.00    -0.01   0.020  130
   176.85    45.12   191.87     0.03     0.00    -0.01   0.021  131
   175.88    46.10   190.85     0.03     0.00    -0.01   0.020  132
   175.88    47.08   190.85     0.03     0.00    -0.01   0.021  133
   176.85    46.10   190.85     0.03     0.00    -0.01   0.020  134
   176.85    46.10   190.85     0.03     0.00    -0.01   0.021  135
   176.85    45.12   190.85     0.03     0.00    -0.01   0.020  136
   176.85    45.12   190.85     0.03    -0.00    -0.01   0.021  137
   176.85    45.12   190.85     0.03     0.00    -0.01   0.020  138
   176.85    45.12   191.87     0.03     0.00    -0.01   0.021  139
   176.85    46.10   190.85     0.03     0.00    -0.01   0.020  140
   176.85    46.10   191.87     0.03     0.00    -0.01   0.020  141
   177.83    46.10   190.85     0.03     0.00    -0.01   0.021  142
   176.85    45.12   188.82     0.03     0.00    -0.01   0.020  143
   176.85    46.10   191.87     0.03     0.00    -0.01   0.021  144
   176.85    46.10   190.85     0.03     0.00    -0.01   0.020  145
   176.85    47.08   190.85     0.03     0.00    -0.01   0.021  146
   176.85    46.10   190.85     0.03     0.00    -0.01   0.020  147
   175.88    46.10   190.85     0.03     0.00    -0.01   0.021  148
   175.88    45.12   189.84     0.03     0.00    -0.01   0.020  149
   176.85    46.10   192.89     0.03     0.00    -0.01   0.021  150
   176.85    45.12   191.87     0.03     0.00    -0.01   0.020  151
   176.85    46.10   191.87     0.03     0.00    -0.01   0.021  152
   175.88    45.12   191.87     0.03     0.00    -0.01   0.020  153
   177.83    46.10   192.89     0.03     0.00    -0.01   0.021  154
   176.85    46.10   191.87     0.03     0.00    -0.01   0.020  155
   177.83    45.12   190.85     0.03     0.00    -0.01   0.021  156
   176.85    46.10   192.89     0.03     0.00    -0.01   0.020  157
   176.85    47.08   191.87     0.03     0.00    -0.01   0.021  158
   177.83    46.10   190.85     0.03     0.00    -0.01   0.020  159
   176.85    45.12   189.84     0.03     0.00    -0.01   0.021  160
   176.85    46.10   190.85     0.03     0.00    -0.01   0.020  161
   176.85    46.10   191.87     0.03     0.00    -0.01   0.021  162
   176.85    45.12   191.87     0.03     0.00    -0.01   0.020  163
   176.85    46.10   190.85     0.03     0.00    -0.01   0.021  164
   177.83    46.10   189.84     0.03     0.00    -0.01   0.020  165
   175.88    46.10   190.85     0.03     0.00    -0.01   0.020  166
   176.85    46.10   191.87     0.03     0.00    -0.01   0.021  167
   176.85    46.10   192.89     0.03     0.00    -0.01   0.020  168
   175.88    47.08   190.85     0.03     0.00    -0.01   0.021  169
   175.88    46.10   191.87     0.03     0.00    -0.01   0.020  170
   175.88    46.10   191.87     0.03     0.00    -0.01   0.021  171
   176.85    46.10   189.84     0.03     0.00    -0.01   0.020  172
   176.85    46.10   190.85     0.03     0.00    -0.01   0.021  173
   175.88    47.08   190.85     0.03     0.00    -0.01   0.020  174
   176.85    45.12   190.85     0.03    -0.00    -0.01   0.021  175
   176.85    45.12   190.85     0.03     0.00    -0.01   0.020  176
   175.88    46.10   191.87     0.03     0.00    -0.01   0.021  177
   176.85    45.12   192.89     0.03     0.00    -0.01   0.020  178
   175.88    46.10   189.84     0.03     0.00    -0.01   0.021  179
   175.88    46.10   190.85     0.03     0.00    -0.01   0.020  180
   177.83    46.10   191.87     0.03     0.00    -0.01   0.021  181
   175.88    45.12   191.87     0.03     0.00    -0.01   0.020  182
   176.85    46.10   192.89     0.03     0.00    -0.01   0.021  183
   177.83    45.12   190.85     0.03     0.00    -0.01   0.020  184
   176.85    46.10   191.87     0.03     0.00    -0.01   0.021  185
   176.85    46.10   191.87     0.03     0.00    -0.01   0.020  186
   175.88    46.10   190.85     0.03     0.00    -0.01   0.021  187
   176.85    46.10   190.85     0.03     0.00    -0.01   0.020  188
   175.88    46.10   191.87     0.03     0.00    -0.01   0.021  189
   176.85    46.10   190.85     0.03     0.00    -0.01   0.020  190
   177.83    45.12   191.87     0.03     0.00    -0.01   0.020  191
   177.83    46.10   190.85     0.03     0.00    -0.01   0.021  192
   176.85    45.12   192.89     0.03     0.00    -0.01   0.020  193
   176.85    45.12   191.87     0.03     0.00    -0.01   0.021  194
   176.85    46.10   191.87     0.03     0.00    -0.01   0.020  195
   175.88    46.10   191.87     0.03     0.00    -0.01   0.021  196
   176.85    46.10   190.85     0.03     0.00    -0.01   0.020  197
   175.88    46.10   190.85     0.03     0.00    -0.01   0.021  198
   175.88    46.10   191.87     0.03     0.00    -0.01   0.020  199
   177.83    46.10   191.87     0.03     0.00    -0.01   0.021  200
   175.88    46.10   192.89     0.03     0.00    -0.01   0.020  201
   176.85    46.10   191.87     0.03     0.00    -0.01   0.021  202
   175.88    46.10   190.85     0.03     0.00    -0.01   0.020  203
   176.85    46.10   191.87     0.03     0.00    -0.01   0.021  204
   176.85    45.12   191.87     0.03     0.00    -0.01   0.020  205
   176.85    45.12   190.85     0.03     0.00    -0.01   0.021  206
   175.88    46.10   191.87     0.03     0.00    -0.01   0.020  207
   176.85    45.12   192.89     0.03     0.00    -0.01   0.021  208
   176.85    46.10   191.87     0.03     0.00    -0.01   0.020  209
   177.83    46.10   192.89     0.03     0.00    -0.01   0.021  210
   174.90    46.10   190.85     0.03     0.00    -0.01   0.020  211
   176.85    46.10   191.87     0.03     0.00    -0.01   0.021  212
   175.88    46.10   191.87     0.03     0.00    -0.01   0.020  213
   176.85    45.12   191.87     0.03     0.00    -0.01   0.021  214
   176.85    46.10   190.85     0.03     0.00    -0.01   0.020  215
   176.85    45.12   192.89     0.03     0.00    -0.01   0.020  216
   175.88    46.10   191.87     0.03     0.00    -0.01   0.021  217
   176.85    45.12   192.89     0.03     0.00    -0.01   0.020  218
   176.85    46.10   190.85     0.03     0.00    -0.01   0.021  219
   176.85    46.10   190.85     0.03     0.00    -0.01   0.020  220
   177.83    46.10   191.87     0.03     0.00    -0.01   0.021  221
   177.83    46.10   190.85     0.03     0.00    -0.01   0.020  222
   175.88    47.08   190.85     0.03     0.00    -0.01   0.021  223
   176.85    45.12   192.89     0.03     0.00    -0.01   0.020  224
   177.83    47.08   190.85     0.03     0.00    -0.01   0.021  225
   176.85    46.10   190.85     0.03     0.00    -0.01   0.020  226
   176.85    45.12   190.85     0.03     0.00    -0.01   0.021  227
   177.83    45.12   189.84     0.03     0.00    -0.01   0.020  228
   177.83    45.12   190.85     0.03     0.00    -0.01   0.021  229
   177.83    45.12   191.87     0.03     0.00    -0.01   0.020  230
   176.85    47.08   190.85     0.03     0.00    -0.01   0.021  231
   176.85    45.12   190.85     0.03     0.00    -0.01   0.020  232
   175.88    45.12   191.87     0.03     0.00    -0.01   0.021  233
   176.85    46.10   191.87     0.03     0.00    -0.01   0.020  234
   177.83    45.12   190.85     0.03     0.00    -0.01   0.021  235
   176.85    45.12   191.87     0.03     0.00    -0.01   0.020  236
   176.85    46.10   191.87     0.03     0.00    -0.01   0.021  237
   175.88    46.10   192.89     0.03     0.00    -0.01   0.020  238
   175.88    45.12   190.85     0.03     0.00    -0.01   0.021  239
   175.88    46.10   190.85     0.03     0.00    -0.01   0.020  240
   175.88    47.08   191.87     0.03     0.00    -0.01   0.020  241
   175.88    46.10   191.87     0.03     0.00    -0.01   0.021  242
   176.85    46.10   191.87     0.03     0.00    -0.01   0.020  243
   175.88    47.08   189.84     0.03     0.00    -0.01   0.021  244
   175.88    47.08   189.84     0.03     0.00    -0.01   0.020  245
   176.85    45.12   190.85     0.03     0.00    -0.01   0.021  246
   176.85    45.12   189.84     0.03     0.00    -0.01   0.020  247
   176.85    46.10   192.89     0.03     0.00    -0.01   0.021  248
   176.85    47.08   192.89     0.03     0.00    -0.01   0.020  249
   177.83    45.12   191.87     0.03     0.00    -0.01   0.021  250
   176.85    45.12   190.85     0.03     0.00    -0.01   0.020  251
   175.88    45.12   189.84     0.03     0.00    -0.01   0.021  252
   176.85    45.12   190.85     0.03     0.00    -0.01   0.020  253
   176.85    46.10   190.85     0.03     0.00    -0.01   0.021  254
   175.88    46.10   190.85     0.03     0.00    -0.01   0.020  255
   176.85    46.10   190.85     0.03     0.00    -0.01   0.021    0
   177.83    46.10   191.87     0.03     0.00    -0.01   0.020    1
   176.85    45.12   191.87     0.03     0.00    -0.01   0.021    2
   176.85    46.10   191.87     0.03     0.00    -0.01   0.020    3
   175.88    45.12   190.85     0.03     0.00    -0.01   0.021    4
   176.85    46.10   190.85     0.03     0.00    -0.01   0.020    5
   176.85    45.12   191.87     0.03     0.00    -0.01   0.021    6
   176.85    45.12   192.89     0.03     0.00    -0.01   0.020    7
   177.83    45.12   190.85     0.03     0.00    -0.01   0.021    8
   175.88    46.10   192.89     0.03     0.00    -0.01   0.020    9
   175.88    46.10   192.89     0.03     0.00    -0.01   0.020   10
   175.88    46.10   191.87     0.03     0.00    -0.01   0.021   11
   175.88    46.10   190.85     0.03     0.00    -0.01   0.020   12
   176.85    46.10   192.89     0.03     0.00    -0.01   0.021   13
   176.85    45.12   190.85     0.03     0.00    -0.01   0.020   14
   176.85    46.10   189.84     0.03     0.00    -0.01   0.021   15
   175.88    46.10   191.87     0.03     0.00    -0.01   0.020   16
   176.85    46.10   189.84     0.03    -0.00    -0.01   0.021   17
   176.85    46.10   190.85     0.03     0.00    -0.01   0.020   18
   176.85    46.10   189.84     0.03     0.00    -0.01   0.021   19
   176.85    46.10   190.85     0.03     0.00    -0.01   0.020   20
   177.83    46.10   191.87     0.03     0.00    -0.01   0.021   21
   176.85    46.10   191.87     0.03     0.00    -0.01   0.020   22
   178.81    46.10   191.87     0.03     0.00    -0.01   0.021   23
   176.85    46.10   190.85     0.03     0.00    -0.01   0.020   24
   176.85    46.10   191.87     0.03     0.00    -0.01   0.021   25
   176.85    46.10   191.87     0.03     0.00    -0.01   0.020   26
   176.85    47.08   190.85     0.03     0.00    -0.01   0.021   27
   177.83    46.10   191.87     0.03     0.00    -0.01   0.020   28
   175.88    46.10   191.87     0.03     0.00    -0.01   0.021   29
   176.85    46.10   191.87     0.03     0.00    -0.01   0.020   30
   176.85    45.12   190.85     0.03     0.00    -0.01   0.021   31
   176.85    46.10   191.87     0.03     0.00    -0.01   0.020   32
   176.85    45.12   190.85     0.03     0.00    -0.01   0.021   33
   174.90    45.12   191.87     0.03     0.00    -0.01   0.020   34
   176.85    45.12   191.87     0.03     0.00    -0.01   0.020   35
   176.85    46.10   190.85     0.03     0.00    -0.01   0.021   36
   176.85    46.10   191.87     0.03     0.00    -0.01   0.020   37
   177.83    46.10   192.89     0.03     0.00    -0.01   0.021   38
   176.85    46.10   191.87     0.03     0.00    -0.01   0.020   39
   176.85    45.12   192.89     0.03     0.00    -0.00   0.021   40
   176.85    46.10   191.87     0.03     0.00    -0.01   0.020   41
   176.85    46.10   190.85     0.03     0.00    -0.01   0.021   42
   176.85    46.10   191.87     0.03     0.00    -0.01   0.020   43
   176.85    46.10   190.85     0.03     0.00    -0.01   0.021   44
   176.85    45.12   191.87     0.03     0.00    -0.01   0.020   45
   176.85    46.10   192.89     0.03     0.00    -0.01   0.021   46
   176.85    46.10   191.87     0.03     0.00    -0.01   0.020   47
   176.85    46.10   191.87     0.03     0.00    -0.01   0.021   48
   176.85    46.10   189.84     0.03     0.00    -0.01   0.020   49
   176.85    46.10   191.87     0.03     0.00    -0.01   0.021   50
   176.85    47.08   190.85     0.03     0.00    -0.01   0.020   51
   175.88    44.14   189.84     0.03     0.00    -0.01   0.021   52
   176.85    46.10   191.87     0.03     0.00    -0.01   0.020   53
   176.85    46.10   192.89     0.03     0.00    -0.01   0.021   54
   177.83    45.12   191.87     0.03     0.00    -0.01   0.020   55
   176.85    45.12   191.87     0.03     0.00    -0.01   0.021   56
   175.88    46.10   191.87     0.03     0.00    -0.01   0.020   57
   176.85    46.10   190.85     0.03     0.00    -0.01   0.021   58
   176.85    47.08   191.87     0.03     0.00    -0.01   0.020   59
   175.88    45.12   190.85     0.03     0.00    -0.01   0.020   60
   176.85    46.10   191.87     0.03     0.00    -0.01   0.021   61
   174.90    46.10   190.85     0.03     0.00    -0.01   0.020   62
   176.85    46.10   190.85     0.03     0.00    -0.01   0.021   63
   176.85    45.12   192.89     0.03     0.00    -0.01   0.020   64
   174.90    46.10   191.87     0.03     0.00    -0.01   0.021   65
   176.85    45.12   190.85     0.03     0.00    -0.01   0.020   66
   177.83    45.12   191.87     0.03     0.00    -0.01   0.021   67
   177.83    46.10   191.87     0.03     0.00    -0.01   0.020   68
   177.83    46.10   191.87     0.03     0.00    -0.01   0.021   69
   176.85    45.12   191.87     0.03     0.00    -0.01   0.020   70
   176.85    46.10   192.89     0.03     0.00    -0.01   0.021   71
   176.85    46.10   189.84     0.03     0.00    -0.01   0.020   72
   176.85    45.12   191.87     0.03     0.00    -0.01   0.021   73
   177.83    45.12   191.87     0.03     0.00    -0.01   0.020   74
   176.85    46.10   193.91     0.03     0.00    -0.01   0.021   75
   175.88    46.10   191.87     0.03     0.00    -0.01   0.020   76
   177.83    47.08   192.89     0.03     0.00    -0.01   0.021   77
   176.85    46.10   191.87     0.03     0.00    -0.01   0.020   78
   176.85    46.10   192.89     0.03     0.00    -0.01   0.021   79
   175.88    46.10   192.89     0.03     0.00    -0.01   0.020   80
   176.85    46.10   191.87     0.03     0.00    -0.01   0.021   81
   177.83    46.10   191.87     0.03     0.00    -0.01   0.020   82
   174.90    46.10   190.85     0.03     0.00    -0.01   0.021   83
   176.85    47.08   190.85     0.03     0.00    -0.01   0.020   84
   177.83    45.12   192.89     0.03     0.00    -0.01   0.020   85
   176.85    46.10   191.87     0.03     0.00    -0.00   0.021   86
   177.83    47.08   191.87     0.03     0.00    -0.01   0.020   87
   174.90    46.10   191.87     0.03     0.00    -0.01   0.021   88
   177.83    46.10   191.87     0.03     0.00    -0.01   0.020   89
   176.85    46.10   191.87     0.03     0.00    -0.01   0.021   90
   176.85    46.10   192.89     0.03     0.00    -0.01   0.020   91
   176.85    46.10   191.87     0.03     0.00    -0.01   0.021   92
   176.85    46.10   190.85     0.03     0.00    -0.01   0.020   93
   175.88    47.08   191.87     0.03     0.00    -0.01   0.021   94
   175.88    45.12   191.87     0.03     0.00    -0.01   0.020   95
   176.85    45.12   190.85     0.03     0.00    -0.01   0.021   96
   176.85    47.08   191.87     0.03     0.00    -0.01   0.020   97
   176.85    45.12   191.87     0.03     0.00    -0.01   0.021   98
   176.85    46.10   191.87     0.03     0.00    -0.01   0.020   99
   176.85    46.10   191.87     0.03     0.00    -0.01   0.021  100
   175.88    46.10   191.87     0.03     0.00    -0.01   0.020  101
   176.85    46.10   191.87     0.03     0.00    -0.01   0.021  102
   176.85    45.12   192.89     0.03     0.00    -0.01   0.020  103
   175.88    46.10   191.87     0.03     0.00    -0.01   0.021  104
   177.83    46.10   191.87     0.03     0.00    -0.01   0.020  105
   176.85    45.12   191.87     0.03     0.00    -0.01   0.021  106
   176.85    45.12   191.87     0.03     0.00    -0.01   0.020  107
   176.85    45.12   191.87     0.03     0.00    -0.01   0.021  108
   175.88    47.08   191.87     0.03     0.00    -0.01   0.020  109
   175.88    46.10   190.85     0.03    -0.00    -0.00   0.020  110
   176.85    46.10   191.87     0.03     0.00    -0.01   0.021  111
   176.85    45.12   191.87     0.03     0.00    -0.01   0.020  112
   176.85    46.10   192.89     0.03     0.00    -0.01   0.021  113
   177.83    46.10   192.89     0.03     0.00    -0.01   0.020  114
   175.88    45.12   193.91     0.03     0.00    -0.01   0.021  115
   178.81    46.10   191.87     0.03     0.00    -0.01   0.020  116
   177.83    45.12   192.89     0.03     0.00    -0.01   0.021  117
   175.88    46.10   192.89     0.03     0.00    -0.01   0.020  118
   176.85    46.10   191.87     0.03     0.00    -0.01   0.021  119
   175.88    46.10   191.87     0.03     0.00    -0.01   0.020  120
   176.85    46.10   191.87     0.03     0.00    -0.01   0.021  121
   176.85    46.10   191.87     0.03     0.00    -0.01   0.020  122
   176.85    45.12   191.87     0.03     0.00    -0.01   0.021  123
   176.85    45.12   191.87     0.03     0.00    -0.01   0.020  124
   176.85    46.10   192.89     0.03     0.00    -0.01   0.021  125
   176.85    46.10   191.87     0.03     0.00    -0.01   0.020  126
   175.88    46.10   191.87     0.03     0.00    -0.01   0.021  127
   175.88    46.10   190.85     0.03     0.00    -0.01   0.020  128
   177.83    45.12   191.87     0.03     0.00    -0.01   0.021  129
   176.85    46.10   192.89     0.03     0.00    -0.01   0.020  130
   174.90    46.10   190.85     0.03     0.00    -0.01   0.021  131
   176.85    46.10   192.89     0.03     0.00    -0.01   0.020  132
   175.88    45.12   192.89     0.03     0.00    -0.01   0.021  133
   176.85    46.10   191.87     0.03     0.00    -0.01   0.020  134
   176.85    46.10   191.87     0.03     0.00    -0.01   0.020  135
   175.88    46.10   191.87     0.03     0.00    -0.01   0.021  136
   175.88    46.10   191.87     0.03     0.00    -0.01   0.020  137
   176.85    46.10   192.89     0.03     0.00    -0.01   0.021  138
   175.88    47.08   191.87     0.03     0.00    -0.01   0.020  139
   177.83    45.12   191.87     0.03     0.00    -0.01   0.021  140
   176.85    46.10   192.89     0.03     0.00    -0.01   0.020  141
   176.85    46.10   191.87     0.03     0.00    -0.01   0.021  142
   176.85    46.10   192.89     0.03     0.00    -0.01   0.020  143
   175.88    45.12   192.89     0.03    -0.00    -0.01   0.021  144
   176.85    46.10   192.89     0.03     0.00    -0.01   0.020  145
   176.85    46.10   192.89     0.03     0.00    -0.01   0.021  146
   176.85    45.12   191.87     0.03     0.00    -0.01   0.020  147
   176.85    46.10   193.91     0.03     0.00    -0.01   0.021  148
   176.85    46.10   193.91     0.03     0.00    -0.01   0.020  149
   175.88    45.12   192.89     0.03     0.00    -0.01   0.021  150
   176.85    46.10   192.89     0.03     0.00    -0.01   0.020  151
   176.85    46.10   193.91     0.03     0.00    -0.01   0.021  152
   176.85    46.10   191.87     0.03     0.00    -0.01   0.020  153
   176.85    45.12   193.91     0.03     0.00    -0.01   0.021  154
   176.85    46.10   191.87     0.03     0.00    -0.01   0.020  155
   175.88    47.08   191.87     0.03     0.00    -0.01   0.021  156
   175.88    45.12   191.87     0.03     0.00    -0.01   0.020  157
   176.85    47.08   192.89     0.03     0.00    -0.01   0.021  158
   176.85    45.12   193.91     0.03     0.00    -0.01   0.020  159
   176.85    46.10   192.89     0.03     0.00    -0.01   0.020  160
   177.83    45.12   191.87     0.03     0.00    -0.01   0.021  161
   175.88    46.10   192.89     0.03     0.00    -0.01   0.020  162
   175.88    46.10   192.89     0.03     0.00    -0.01   0.021  163
   175.88    45.12   191.87     0.03     0.00    -0.01   0.020  164
   176.85    47.08   191.87     0.03     0.00    -0.01   0.021  165
   176.85    46.10   191.87     0.03     0.00    -0.01   0.020  166
   176.85    46.10   190.85     0.03     0.00    -0.01   0.021  167
   176.85    47.08   191.87     0.03     0.00    -0.01   0.020  168
   176.85    46.10   191.87     0.03     0.00    -0.00   0.021  169
   176.85    46.10   192.89     0.03     0.00    -0.01   0.020  170
   176.85    47.08   192.89     0.03     0.00    -0.01   0.021  171
   177.83    46.10   191.87     0.03     0.00    -0.01   0.020  172
   176.85    46.10   190.85     0.03     0.00    -0.01   0.021  173
   177.83    46.10   191.87     0.03     0.00    -0.01   0.020  174
   175.88    45.12   192.89     0.03     0.00    -0.01   0.021  175
   176.85    45.12   192.89     0.03     0.00    -0.01   0.020  176
   177.83    45.12   191.87     0.03     0.00    -0.01   0.021  177
   177.83    45.12   192.89     0.03     0.00    -0.01   0.020  178
   176.85    47.08   191.87     0.03     0.00    -0.01   0.021  179
   175.88    47.08   192.89     0.03     0.00    -0.01   0.020  180
   175.88    47.08   192.89     0.03     0.00    -0.01   0.021  181
   176.85    46.10   192.89     0.03     0.00    -0.01   0.020  182
   176.85    46.10   192.89     0.03     0.00    -0.01   0.021  183
   175.88    47.08   192.89     0.03     0.00    -0.01   0.020  184
   177.83    45.12   193.91     0.03     0.00    -0.01   0.020  185
   176.85    47.08   191.87     0.03     0.00    -0.01   0.021  186
   176.85    47.08   193.91     0.03     0.00    -0.01   0.020  187
   176.85    45.12   192.89     0.03     0.00    -0.01   0.021  188
   177.83    45.12   192.89     0.03     0.00    -0.01   0.020  189
   176.85    46.10   192.89     0.03     0.00    -0.01   0.021  190
   176.85    46.10   191.87     0.03     0.00    -0.01   0.020  191
   177.83    46.10   192.89     0.03     0.00    -0.01   0.021  192
   176.85    47.08   192.89     0.03     0.00    -0.01   0.020  193
   175.88    46.10   191.87     0.03     0.00    -0.01   0.021  194
   176.85    45.12   193.91     0.03     0.00    -0.01   0.020  195
   176.85    47.08   191.87     0.03     0.00    -0.01   0.021  196
   177.83    45.12   192.89     0.03     0.00    -0.01   0.020  197
   176.85    46.10   191.87     0.03     0.00    -0.01   0.021  198
   177.83    45.12   192.89     0.03     0.00    -0.01   0.020  199
   176.85    46.10   191.87     0.03     0.00    -0.01   0.021  200
   175.88    46.10   192.89     0.03     0.00    -0.01   0.020  201
   175.88    46.10   191.87     0.03     0.00    -0.01   0.021  202
   177.83    45.12   191.87     0.03     0.00    -0.01   0.020  203
   177.83    46.10   191.87     0.03     0.00    -0.01   0.021  204
   176.85    46.10   192.89     0.03     0.00    -0.01   0.020  205
   176.85    46.10   191.87     0.03     0.00    -0.01   0.021  206
   176.85    46.10   192.89     0.03     0.00    -0.01   0.020  207
   175.88    47.08   193.91     0.03     0.00    -0.01   0.021  208
   175.88    46.10   192.89     0.03     0.00    -0.01   0.020  209
   176.85    45.12   192.89     0.03     0.00    -0.01   0.020  210
   177.83    45.12   191.87     0.03     0.00    -0.01   0.021  211
   176.85    46.10   193.91     0.03     0.00    -0.01   0.020  212
   176.85    45.12   192.89     0.03     0.00    -0.01   0.021  213
   176.85    46.10   192.89     0.03     0.00    -0.01   0.020  214
   176.85    45.12   192.89     0.03     0.00    -0.01   0.021  215
   176.85    47.08   191.87     0.03     0.00    -0.01   0.020  216
   176.85    46.10   191.87     0.03     0.00    -0.01   0.021  217
   177.83    46.10   191.87     0.03     0.00    -0.01   0.020  218
   175.88    45.12   191.87     0.03     0.00    -0.01   0.021  219
   176.85    45.12   190.85     0.03     0.00    -0.01   0.020  220
   176.85    45.12   192.89     0.03     0.00    -0.01   0.021  221
   176.85    45.12   192.89     0.03     0.00    -0.01   0.020  222
   176.85    46.10   192.89     0.03     0.00    -0.01   0.021  223
   177.83    45.12   193.91     0.03     0.00    -0.01   0.020  224
   176.85    46.10   192.89     0.03     0.00    -0.01   0.021  225
   176.85    46.10   192.89     0.03     0.00    -0.01   0.020  226
   176.85    46.10   192.89     0.03     0.00    -0.01   0.021  227
   175.88    46.10   191.87     0.03     0.00    -0.01   0.020  228
   177.83    46.10   192.89     0.03     0.00    -0.01   0.021  229
   176.85    45.12   190.85     0.03     0.00    -0.01   0.020  230
   175.88    45.12   193.91     0.03     0.00    -0.01   0.021  231
   175.88    46.10   193.91     0.03     0.00    -0.01   0.020  232
   175.88    46.10   190.85     0.03     0.00    -0.01   0.021  233
   176.85    46.10   193.91     0.03     0.00    -0.00   0.020  234
   175.88    47.08   192.89     0.03     0.00    -0.00   0.020  235
   176.85    46.10   192.89     0.03     0.00    -0.01   0.021  236
   175.88    46.10   191.87     0.03     0.00    -0.01   0.020  237
   177.83    46.10   191.87     0.03     0.00    -0.01   0.021  238
   175.88    47.08   192.89     0.03     0.00    -0.01   0.020  239
   175.88    45.12   192.89     0.03     0.00    -0.01   0.021  240
   175.88    46.10   191.87     0.03     0.00    -0.01   0.020  241
   176.85    45.12   192.89     0.03     0.00    -0.01   0.021  242
   176.85    46.10   193.91     0.03     0.00    -0.01   0.020  243
   176.85    46.10   192.89     0.03     0.00    -0.01   0.021  244
   177.83    46.10   193.91     0.03     0.00    -0.01   0.020  245
   176.85    46.10   191.87     0.03     0.00    -0.01   0.021  246
   176.85    46.10   191.87     0.03     0.00    -0.01   0.020  247
   176.85    46.10   192.89     0.03     0.00    -0.01   0.021  248
   175.88    46.10   191.87     0.03     0.00    -0.01   0.020  249
   176.85    46.10   192.89     0.03     0.00    -0.01   0.021  250
   175.88    46.10   192.89     0.03     0.00    -0.01   0.020  251
   175.88    45.12   191.87     0.03     0.00    -0.01   0.021  252
   175.88    47.08   192.89     0.03     0.00    -0.01   0.020  253
   176.85    46.10   192.89     0.03     0.00    -0.01   0.021  254
   175.88    46.10   191.87     0.03     0.00    -0.01   0.020  255
   175.88    47.08   192.89     0.03     0.00    -0.00   0.021    0
   176.85    45.12   190.85     0.03     0.00    -0.01   0.020    1
   176.85    46.10   191.87     0.03     0.00    -0.01   0.021    2
   176.85    45.12   193.91     0.03     0.00    -0.01   0.020    3
   177.83    46.10   192.89     0.03     0.00    -0.01   0.020    4
   177.83    45.12   191.87     0.03     0.00    -0.01   0.021    5
   176.85    46.10   191.87     0.03     0.00    -0.01   0.020    6
   175.88    46.10   190.85     0.03     0.00    -0.01   0.021    7
   176.85    46.10   192.89     0.03     0.00    -0.01   0.020    8
   177.83    45.12   191.87     0.03     0.00    -0.01   0.021    9
   177.83    46.10   192.89     0.03     0.00    -0.01   0.020   10
   176.85    46.10   192.89     0.03     0.00    -0.01   0.021   11
   176.85    46.10   192.89     0.03     0.00    -0.01   0.020   12
   175.88    47.08   191.87     0.03     0.00    -0.01   0.021   13
   176.85    44.14   192.89     0.03     0.00    -0.01   0.020   14
   176.85    45.12   191.87     0.03     0.00    -0.01   0.021   15
   175.88    47.08   192.89     0.03     0.00    -0.01   0.020   16
   176.85    46.10   191.87     0.03     0.00    -0.01   0.021   17
   176.85    45.12   192.89     0.03     0.00    -0.01   0.020   18
   176.85    46.10   191.87     0.03     0.00    -0.01   0.021   19
   176.85    46.10   191.87     0.03     0.00    -0.01   0.020   20
   175.88    46.10   191.87     0.03     0.00    -0.01   0.021   21
   176.85    46.10   192.89     0.03     0.00    -0.01   0.020   22
   175.88    45.12   193.91     0.03     0.00    -0.01   0.021   23
   176.85    45.12   192.89     0.03     0.00    -0.01   0.020   24
   176.85    46.10   192.89     0.03     0.00    -0.01   0.021   25
   176.85    47.08   192.89     0.03     0.00    -0.01   0.020   26
   176.85    45.12   191.87     0.03     0.00    -0.01   0.021   27
   176.85    45.12   192.89     0.03     0.00    -0.01   0.020   28
   175.88    46.10   192.89     0.03     0.00    -0.01   0.020   29
   176.85    46.10   192.89     0.03     0.00    -0.01   0.021   30
   177.83    45.12   192.89     0.03     0.00    -0.01   0.020   31
   176.85    45.12   192.89     0.03     0.00    -0.01   0.021   32
   176.85    46.10   191.87     0.03     0.00    -0.01   0.020   33
   176.85    47.08   193.91     0.03     0.00    -0.01   0.021   34
   175.88    46.10   192.89     0.03     0.00    -0.01   0.020   35
   175.88    46.10   193.91     0.03     0.00    -0.01   0.021   36
   176.85    47.08   192.89     0.03     0.00    -0.01   0.020   37
   176.85    46.10   192.89     0.03     0.00    -0.01   0.021   38
   176.85    46.10   192.89     0.03     0.00    -0.01   0.020   39
   175.88    46.10   190.85     0.03     0.00    -0.01   0.021   40
   176.85    46.10   191.87     0.03     0.00    -0.01   0.020   41
   177.83    46.10   191.87     0.03     0.00    -0.01   0.021   42
   175.88    47.08   192.89     0.03     0.00    -0.01   0.020   43
   176.85    46.10   190.85     0.03     0.00    -0.01   0.021   44
   176.85    45.12   192.89     0.03     0.00    -0.01   0.020   45
   177.83    46.10   191.87     0.03     0.00    -0.01   0.021   46
   176.85    45.12   191.87     0.03     0.00    -0.01   0.020   47
   176.85    46.10   191.87     0.03     0.00    -0.01   0.021   48
   177.83    45.12   193.91     0.03     0.00    -0.01   0.020   49
   176.85    45.12   192.89     0.03     0.00    -0.01   0.021   50
   176.85    46.10   192.89     0.03     0.00    -0.01   0.020   51
   176.85    46.10   191.87     0.03     0.00    -0.01   0.021   52
   176.85    45.12   191.87     0.03     0.00    -0.01   0.020   53
   176.85    46.10   193.91     0.03     0.00    -0.01   0.020   54
   176.85    46.10   191.87     0.03     0.00    -0.01   0.021   55
   175.88    46.10   191.87     0.03     0.00    -0.01   0.020   56
   176.85    46.10   192.89     0.03     0.00    -0.01   0.021   57
   176.85    47.08   191.87     0.03     0.00    -0.01   0.020   58
   176.85    46.10   193.91     0.03     0.00    -0.01   0.021   59
   176.85    46.10   191.87     0.03     0.00    -0.01   0.020   60
   174.90    47.08   191.87     0.03     0.00    -0.01   0.021   61
   176.85    44.14   192.89     0.03     0.00    -0.01   0.020   62
   176.85    46.10   193.91     0.03     0.00    -0.01   0.021   63
   176.85    46.10   192.89     0.03     0.00    -0.01   0.020   64
   176.85    46.10   192.89     0.03     0.00    -0.01   0.021   65
   177.83    46.10   192.89     0.03     0.00    -0.01   0.020   66
   176.85    47.08   192.89     0.03     0.00    -0.01   0.021   67
   176.85    47.08   191.87     0.03     0.00    -0.01   0.020   68
   177.83    46.10   192.89     0.03     0.00    -0.01   0.021   69
   177.83    45.12   191.87     0.03     0.00    -0.01   0.020   70
   176.85    45.12   191.87     0.03     0.00    -0.01   0.021   71
   176.85    45.12   193.91     0.03     0.00    -0.01   0.020   72
   176.85    45.12   192.89     0.03     0.00    -0.01   0.021   73
   176.85    46.10   192.89     0.03     0.00    -0.01   0.020   74
   176.85    45.12   192.89     0.03     0.00    -0.00   0.021   75
   175.88    46.10   192.89     0.03     0.00    -0.01   0.020   76
   177.83    45.12   192.89     0.03     0.00    -0.01   0.021   77
   175.88    45.12   190.85     0.03     0.00    -0.01   0.020   78
   176.85    45.12   192.89     0.03    -0.00    -0.01   0.020   79
   177.83    46.10   192.89     0.03     0.00    -0.01   0.021   80
   175.88    47.08   191.87     0.03     0.00    -0.01   0.020   81
   176.85    46.10   192.89     0.03     0.00    -0.01   0.021   82
   175.88    45.12   192.89     0.03     0.00    -0.01   0.020   83
   177.83    46.10   191.87     0.03     0.00    -0.01   0.021   84
   176.85    46.10   192.89     0.03     0.00    -0.01   0.020   85
   175.88    47.08   192.89     0.03     0.00    -0.01   0.021   86
   176.85    46.10   193.91     0.03     0.00    -0.01   0.020   87
   176.85    45.12   191.87     0.03     0.00    -0.01   0.021   88
   176.85    45.12   192.89     0.03     0.00    -0.01   0.020   89
   176.85    45.12   192.89     0.03     0.00    -0.01   0.021   90
   176.85    45.12   191.87     0.03     0.00    -0.01   0.020   91
   177.83    46.10   192.89     0.03     0.00    -0.01   0.021   92
   176.85    46.10   191.87     0.03     0.00    -0.01   0.020   93
   175.88    46.10   191.87     0.03     0.00    -0.01   0.021   94
   176.85    46.10   191.87     0.03     0.00    -0.01   0.020   95
   177.83    45.12   191.87     0.03     0.00    -0.01   0.021   96
   177.83    45.12   191.87     0.03     0.00    -0.01   0.020   97
   176.85    46.10   192.89     0.03     0.00    -0.00   0.021   98
   176.85    45.12   192.89     0.03     0.00    -0.01   0.020   99
   176.85    46.10   190.85     0.03     0.00    -0.01   0.021  100
   177.83    45.12   192.89     0.03     0.00    -0.01   0.020  101
   177.83    46.10   192.89     0.03     0.00    -0.01   0.021  102
   176.85    46.10   192.89     0.03     0.00    -0.01   0.020  103
   176.85    45.12   191.87     0.03     0.00    -0.01   0.020  104
   175.88    47.08   191.87     0.03     0.00    -0.01   0.021  105
   176.85    46.10   191.87     0.03     0.00    -0.01   0.020  106
   175.88    46.10   192.89     0.03     0.00    -0.01   0.021  107
   177.83    45.12   192.89     0.03     0.00    -0.01   0.020  108
   176.85    46.10   192.89     0.03     0.00    -0.01   0.021  109
   175.88    45.12   191.87     0.03     0.00    -0.01   0.020  110
   177.83    45.12   192.89     0.03     0.00    -0.01   0.021  111
   176.85    46.10   191.87     0.03     0.00    -0.01   0.020  112
   175.88    46.10   192.89     0.03     0.00    -0.01   0.021  113
   176.85    46.10   192.89     0.03     0.00    -0.01   0.020  114
   176.85    47.08   192.89     0.02     0.00    -0.01   0.021  115
   175.88    46.10   192.89     0.03     0.00    -0.00   0.020  116
   176.85    46.10   191.87     0.03     0.00    -0.01   0.021  117
   177.83    46.10   191.87     0.03     0.00    -0.01   0.020  118
   176.85    46.10   192.89     0.03     0.00    -0.01   0.021  119
   176.85    46.10   192.89     0.03     0.00    -0.00   0.020  120
   176.85    45.12   192.89     0.03     0.00    -0.01   0.021  121
   176.85    46.10   192.89     0.03     0.00    -0.01   0.020  122
   176.85    46.10   192.89     0.03     0.00    -0.01   0.021  123
   176.85    46.10   192.89     0.03     0.00    -0.01   0.020  124
   176.85    46.10   191.87     0.03     0.00    -0.01   0.021  125
   177.83    45.12   191.87     0.03     0.00    -0.01   0.020  126
   177.83    45.12   192.89     0.03     0.00    -0.01   0.021  127
   175.88    47.08   191.87     0.03     0.00    -0.01   0.020  128
   177.83    45.12   191.87     0.03     0.00    -0.01   0.020  129
   177.83    46.10   191.87     0.03     0.00    -0.01   0.021  130
   176.85    47.08   192.89     0.03     0.00    -0.01   0.020  131
   176.85    45.12   190.85     0.03     0.00    -0.01   0.021  132
   175.88    46.10   189.84     0.03     0.00    -0.01   0.020  133
   176.85    47.08   191.87     0.03     0.00    -0.01   0.021  134
   176.85    46.10   191.87     0.03     0.00    -0.01   0.020  135
   176.85    45.12   192.89     0.03     0.00    -0.01   0.021  136
   176.85    45.12   190.85     0.03     0.00    -0.01   0.020  137
   175.88    47.08   190.85     0.03     0.00    -0.01   0.021  138
   176.85    46.10   192.89     0.03     0.00    -0.01   0.020  139
   177.83    45.12   191.87     0.03     0.00    -0.01   0.021  140
   177.83    45.12   191.87     0.03     0.00    -0.01   0.020  141
   176.85    46.10   191.87     0.03     0.00    -0.01   0.021  142
   176.85    46.10   190.85     0.03     0.00    -0.01   0.020  143
   175.88    46.10   191.87     0.03     0.00    -0.01   0.021  144
   176.85    46.10   193.91     0.03     0.00    -0.01   0.020  145
   176.85    46.10   191.87     0.03     0.00    -0.00   0.021  146
   176.85    46.10   190.85     0.03     0.00    -0.01   0.020  147
   177.83    45.12   192.89     0.03     0.00    -0.01   0.021  148
   176.85    45.12   191.87     0.03     0.00    -0.01   0.020  149
   176.85    47.08   191.87     0.03     0.00    -0.01   0.021  150
   176.85    46.10   190.85     0.03     0.00    -0.01   0.020  151
   177.83    45.12   191.87     0.03     0.00    -0.01   0.021  152
   177.83    45.12   191.87     0.03     0.00    -0.01   0.020  153
   176.85    46.10   190.85     0.03     0.00    -0.00   0.020  154
   175.88    46.10   191.87     0.03     0.00    -0.01   0.021  155
   177.83    46.10   193.91     0.03     0.00    -0.01   0.020  156
   176.85    46.10   192.89     0.03     0.00    -0.01   0.021  157
   177.83    46.10   191.87     0.03     0.00    -0.01   0.020  158
   176.85    46.10   192.89     0.03     0.00    -0.01   0.021  159
   176.85    45.12   191.87     0.03     0.00    -0.01   0.020  160
   176.85    46.10   191.87     0.03     0.00    -0.01   0.021  161
   176.85    45.12   190.85     0.03     0.00    -0.01   0.020  162
   175.88    46.10   191.87     0.03     0.00    -0.01   0.021  163
   176.85    46.10   190.85     0.03     0.00    -0.01   0.020  164
   176.85    46.10   190.85     0.03     0.00    -0.01   0.021  165
   176.85    46.10   191.87     0.03     0.00    -0.01   0.020  166
   176.85    46.10   191.87     0.03     0.00    -0.01   0.021  167
   176.85    45.12   192.89     0.03     0.00    -0.01   0.020  168
   176.85    45.12   191.87     0.03     0.00    -0.01   0.021  169
   176.85    46.10   191.87     0.03     0.00    -0.01   0.020  170
   176.85    46.10   192.89     0.03     0.00    -0.00   0.021  171
   176.85    46.10   192.89     0.03     0.00    -0.01   0.020  172
   175.88    46.10   192.89     0.03     0.00    -0.01   0.021  173
   176.85    46.10   192.89     0.03     0.00    -0.01   0.020  174
   176.85    45.12   191.87     0.03     0.00    -0.01   0.021  175
   176.85    46.10   191.87     0.03     0.00    -0.01   0.020  176
   176.85    47.08   190.85     0.03     0.00    -0.01   0.021  177
   176.85    46.10   192.89     0.03     0.00    -0.01   0.020  178
   176.85    45.12   192.89     0.03     0.00    -0.01   0.020  179
   176.85    46.10   192.89     0.03     0.00    -0.01   0.021  180
   176.85    45.12   192.89     0.03     0.00    -0.01   0.020  181
   177.83    44.14   190.85     0.03     0.00    -0.01   0.021  182
   176.85    46.10   191.87     0.03     0.00    -0.01   0.020  183
   176.85    47.08   191.87     0.03     0.00    -0.01   0.021  184
   177.83    46.10   192.89     0.03     0.00    -0.01   0.020  185
   176.85    46.10   191.87     0.03     0.00    -0.01   0.021  186
   176.85    47.08   190.85     0.03     0.00    -0.01   0.020  187
   176.85    45.12   191.87     0.03     0.00    -0.01   0.021  188
   176.85    46.10   190.85     0.03     0.00    -0.01   0.020  189
   176.85    45.12   191.87     0.03     0.00    -0.01   0.021  190
   176.85    46.10   191.87     0.03     0.00    -0.01   0.020  191
   176.85    46.10   191.87     0.03     0.00    -0.01   0.021  192
   176.85    46.10   190.85     0.03     0.00    -0.01   0.020  193
   177.83    45.12   191.87     0.03     0.00    -0.01   0.021  194
   175.88    46.10   191.87     0.03     0.00    -0.01   0.020  195
   177.83    45.12   192.89     0.03     0.00    -0.01   0.021  196
   176.85    45.12   191.87     0.03     0.00    -0.01   0.020  197
   175.88    46.10   192.89     0.03     0.00    -0.01   0.021  198
   176.85    46.10   192.89     0.03     0.00    -0.01   0.020  199
   177.83    46.10   191.87     0.03     0.00    -0.01   0.021  200
   176.85    46.10   191.87     0.03     0.00    -0.01   0.020  201
   176.85    46.10   193.91     0.03     0.00    -0.01   0.021  202
   175.88    46.10   192.89     0.03     0.00    -0.01   0.020  203
   174.90    46.10   191.87     0.03     0.00    -0.01   0.020  204
   176.85    45.12   191.87     0.03     0.00    -0.01   0.021  205
   175.88    46.10   193.91     0.03     0.00    -0.01   0.020  206
   175.88    46.10   192.89     0.03     0.00    -0.01   0.021  207
   176.85    46.10   192.89     0.03     0.00    -0.01   0.020  208
   177.83    45.12   191.87     0.03     0.00    -0.01   0.021  209
   175.88    46.10   191.87     0.03    -0.00    -0.01   0.020  210
   176.85    46.10   191.87     0.03     0.00    -0.01   0.021  211
   176.85    46.10   191.87     0.03     0.00    -0.01   0.020  212
   176.85    45.12   191.87     0.03     0.00    -0.01   0.021  213
   177.83    44.14   190.85     0.03     0.00    -0.01   0.020  214
   176.85    46.10   192.89     0.03     0.00    -0.01   0.021  215
   176.85    45.12   192.89     0.03     0.00    -0.01   0.020  216
   176.85    45.12   191.87     0.03     0.00    -0.01   0.021  217
   176.85    46.10   192.89     0.03     0.00    -0.01   0.020  218
