   175.88    45.12   185.77     0.03     0.00    -0.01   0.021    0
   175.88    45.12   183.73     0.03     0.00    -0.01   0.020    1
   175.88    45.12   184.75     0.03     0.00    -0.01   0.021    2
   175.88    46.10   184.75     0.03     0.00    -0.01   0.020    3
   176.85    44.14   185.77     0.03     0.00    -0.01   0.021    4
   175.88    45.12   185.77     0.03     0.00    -0.01   0.020    5
   176.85    45.12   183.73     0.03     0.00    -0.01   0.021    6
   175.88    45.12   185.77     0.03     0.00    -0.01   0.020    7
   176.85    44.14   185.77     0.03     0.00    -0.01   0.021    8
   176.85    45.12   185.77     0.03     0.00    -0.01   0.020    9
   174.90    45.12   184.75     0.03     0.00    -0.01   0.021   10
   175.88    45.12   185.77     0.03     0.00    -0.01   0.020   11
   175.88    44.14   185.77     0.03     0.00    -0.01   0.021   12
   174.90    45.12   184.75     0.03     0.00    -0.01   0.020   13
   175.88    45.12   184.75     0.03     0.00    -0.01   0.021   14
   175.88    45.12   184.75     0.03     0.00    -0.01   0.020   15
   175.88    45.12   184.75     0.03     0.00    -0.01   0.020   16
   176.85    45.12   184.75     0.03     0.00    -0.01   0.021   17
   174.90    45.12   183.73     0.03     0.00    -0.01   0.020   18
   175.88    46.10   183.73     0.03     0.00    -0.01   0.021   19
   176.85    45.12   184.75     0.03     0.00    -0.01   0.020   20
   174.90    45.12   184.75     0.03     0.00    -0.01   0.021   21
   175.88    46.10   185.77     0.03     0.00    -0.01   0.020   22
   175.88    45.12   184.75     0.03     0.00    -0.01   0.021   23
   175.88    45.12   184.75     0.03     0.00    -0.01   0.020   24
   175.88    46.10   184.75     0.03     0.00    -0.01   0.021   25
   175.88    44.14   183.73     0.03     0.00    -0.01   0.020   26
   176.85    46.10   185.77     0.03     0.00    -0.01   0.021   27
   175.88    44.14   185.77     0.03     0.00    -0.01   0.020   28
   176.85    45.12   186.78     0.03     0.00    -0.01   0.021   29
   176.85    44.14   184.75     0.03     0.00    -0.01   0.020   30
   175.88    45.12   184.75     0.03     0.00    -0.01   0.021   31
   174.90    45.12   184.75     0.03     0.00    -0.01   0.020   32
   176.85    44.14   183.73     0.03     0.00    -0.01   0.021   33
   176.85    46.10   183.73     0.03     0.00    -0.01   0.020   34
   175.88    45.12   185.77     0.03     0.00    -0.01   0.021   35
   174.90    45.12   185.77     0.03     0.00    -0.01   0.020   36
   176.85    45.12   184.75     0.03     0.00    -0.01   0.021   37
   175.88    45.12   185.77     0.03     0.00    -0.01   0.020   38
   175.88    45.12   184.75     0.03     0.00    -0.01   0.021   39
   175.88    46.10   184.75     0.03     0.00    -0.01   0.020   40
   175.88    46.10   185.77     0.03     0.00    -0.01   0.020   41
   175.88    45.12   184.75     0.03     0.00    -0.01   0.021   42
   175.88    46.10   184.75     0.03     0.00    -0.01   0.020   43
   175.88    45.12   185.77     0.03     0.00    -0.01   0.021   44
   176.85    45.12   184.75     0.03     0.00    -0.01   0.020   45
   176.85    44.14   184.75     0.03     0.00    -0.01   0.021   46
   175.88    46.10   185.77     0.03     0.00    -0.01   0.020   47
   176.85    46.10   184.75     0.03     0.00    -0.01   0.021   48
   176.85    45.12   184.75     0.03     0.00    -0.01   0.020   49
   176.85    45.12   185.77     0.03     0.00    -0.01   0.021   50
   174.90    45.12   185.77     0.03     0.00    -0.01   0.020   51
   176.85    46.10   186.78     0.03     0.00    -0.01   0.021   52
   174.90    45.12   185.77     0.03     0.00    -0.01   0.020   53
   175.88    45.12   185.77     0.03     0.00    -0.01   0.021   54
   175.88    44.14   183.73     0.03     0.00    -0.01   0.020   55
   175.88    45.12   184.75     0.03     0.00    -0.01   0.021   56
   175.88    45.12   184.75     0.03     0.00    -0.01   0.020   57
   175.88    46.10   184.75     0.03     0.00    -0.01   0.021   58
   175.88    44.14   185.77     0.03     0.00    -0.01   0.020   59
   175.88    45.12   184.75     0.03     0.00    -0.01   0.021   60
   175.88    45.12   185.77     0.03     0.00    -0.01   0.020   61
   177.83    45.12   185.77     0.03     0.00    -0.01   0.021   62
   176.85    45.12   183.73     0.03     0.00    -0.01   0.020   63
   175.88    45.12   185.77     0.03     0.00    -0.01   0.021   64
   174.90    44.14   184.75     0.03     0.00    -0.01   0.020   65
   175.88    45.12   184.75     0.03     0.00    -0.01   0.020   66
   175.88    45.12   184.75     0.03     0.00    -0.01   0.021   67
   175.88    45.12   185.77     0.03     0.00    -0.01   0.020   68
   176.85    45.12   184.75     0.03     0.00    -0.01   0.021   69
   175.88    45.12   184.75     0.03     0.00    -0.01   0.020   70
   174.90    44.14   185.77     0.03     0.00    -0.01   0.021   71
   176.85    45.12   185.77     0.03     0.00    -0.01   0.020   72
   175.88    46.10   184.75     0.03     0.00    -0.01   0.021   73
   176.85    45.12   185.77     0.03     0.00    -0.01   0.020   74
   177.83    44.14   185.77     0.03     0.00    -0.01   0.021   75
   175.88    45.12   185.77     0.03     0.00    -0.01   0.020   76
   175.88    46.10   184.75     0.03     0.00    -0.01   0.021   77
   175.88    45.12   183.73     0.03     0.00    -0.01   0.020   78
   176.85    44.14   184.75     0.03     0.00    -0.01   0.021   79
   175.88    44.14   183.73     0.03     0.00    -0.01   0.020   80
   174.90    46.10   183.73     0.03     0.00    -0.01   0.021   81
   175.88    45.12   185.77     0.03     0.00    -0.01   0.020   82
   175.88    45.12   185.77     0.03     0.00    -0.01   0.021   83
   175.88    45.12   185.77     0.03     0.00    -0.01   0.020   84
   175.88    45.12   183.73     0.03     0.00    -0.01   0.021   85
   175.88    46.10   184.75     0.03     0.00    -0.01   0.020   86
   175.88    44.14   184.75     0.03     0.00    -0.01   0.021   87
   175.88    45.12   185.77     0.03     0.00    -0.01   0.020   88
   175.88    46.10   186.78     0.03     0.00    -0.01   0.021   89
   175.88    45.12   184.75     0.03     0.00    -0.01   0.020   90
   175.88    45.12   185.77     0.03     0.00    -0.01   0.020   91
   175.88    44.14   182.71     0.03     0.00    -0.01   0.021   92
   176.85    45.12   185.77     0.03     0.00    -0.01   0.020   93
   175.88    45.12   184.75     0.03     0.00    -0.01   0.021   94
   175.88    45.12   187.80     0.03     0.00    -0.01   0.020   95
   175.88    45.12   184.75     0.03     0.00    -0.01   0.021   96
   175.88    45.12   185.77     0.03     0.00    -0.01   0.020   97
   175.88    46.10   183.73     0.03     0.00    -0.01   0.021   98
   175.88    45.12   184.75     0.03     0.00    -0.01   0.020   99
   176.85    45.12   184.75     0.03     0.00    -0.01   0.021  100
   176.85    45.12   184.75     0.03     0.00    -0.01   0.020  101
   175.88    44.14   185.77     0.03     0.00    -0.01   0.021  102
   175.88    46.10   185.77     0.03     0.00    -0.01   0.020  103
   176.85    45.12   185.77     0.03     0.00    -0.01   0.021  104
   175.88    45.12   184.75     0.03     0.00    -0.01   0.020  105
   175.88    45.12   183.73     0.03     0.00    -0.01   0.021  106
   174.90    46.10   185.77     0.03     0.00    -0.01   0.020  107
   176.85    45.12   184.75     0.03     0.00    -0.01   0.021  108
   175.88    45.12   184.75     0.03     0.00    -0.01   0.020  109
   175.88    45.12   182.71     0.03     0.00    -0.01   0.021  110
   175.88    45.12   183.73     0.03     0.00    -0.01   0.020  111
   175.88    44.14   184.75     0.03     0.00    -0.01   0.021  112
   176.85    44.14   184.75     0.03     0.00    -0.01   0.020  113
   176.85    44.14   184.75     0.03     0.00    -0.01   0.021  114
   176.85    43.16   184.75     0.03     0.00    -0.01   0.020  115
   173.92    46.10   185.77     0.03     0.00    -0.01   0.020  116
   175.88    45.12   184.75     0.03     0.00    -0.01   0.021  117
   175.88    45.12   184.75     0.03     0.00    -0.01   0.020  118
   174.90    46.10   184.75     0.03     0.00    -0.01   0.021  119
   175.88    45.12   184.75     0.03     0.00    -0.01   0.020  120
   174.90    45.12   184.75     0.03     0.00    -0.01   0.021  121
   175.88    45.12   184.75     0.03     0.00    -0.01   0.020  122
   174.90    45.12   184.75     0.03     0.00    -0.01   0.021  123
   176.85    44.14   184.75     0.03     0.00    -0.01   0.020  124
   175.88    45.12   185.77     0.03     0.00    -0.01   0.021  125
   175.88    45.12   184.75     0.03     0.00    -0.01   0.020  126
   176.85    45.12   184.75     0.03     0.00    -0.01   0.021  127
   175.88    45.12   184.75     0.03     0.00    -0.01   0.020  128
   175.88    46.10   183.73     0.03     0.00    -0.01   0.021  129
   174.90    45.12   185.77     0.03     0.00    -0.01   0.020  130
   175.88    43.16   184.75     0.03     0.00    -0.01   0.021  131
   175.88    46.10   184.75     0.03     0.00    -0.01   0.020  132
   176.85    45.12   185.77     0.03     0.00    -0.01   0.021  133
   174.90    46.10   185.77     0.03     0.00    -0.01   0.020  134
   174.90    45.12   184.75     0.03     0.00    -0.01   0.021  135
   175.88    45.12   185.77     0.03     0.00    -0.01   0.020  136
   176.85    45.12   184.75     0.03     0.00    -0.01   0.021  137
   175.88    45.12   184.75     0.03     0.00    -0.01   0.020  138
   175.88    46.10   184.75     0.03     0.00    -0.01   0.021  139
   175.88    44.14   185.77     0.03     0.00    -0.01   0.020  140
   175.88    45.12   186.78     0.03     0.00    -0.01   0.020  141
   175.88    44.14   186.78     0.03     0.00    -0.01   0.021  142
   176.85    44.14   184.75     0.03     0.00    -0.01   0.020  143
   176.85    44.14   185.77     0.03     0.00    -0.01   0.021  144
   176.85    44.14   184.75     0.03    -0.00    -0.01   0.020  145
   176.85    45.12   184.75     0.03     0.00    -0.00   0.021  146
   176.85    45.12   183.73     0.03     0.00    -0.01   0.020  147
   175.88    45.12   184.75     0.03     0.00    -0.01   0.021  148
   176.85    45.12   183.73     0.03     0.00    -0.01   0.020  149
   175.88    45.12   185.77     0.03     0.00    -0.01   0.021  150
   176.85    46.10   184.75     0.03     0.00    -0.01   0.020  151
   175.88    45.12   183.73     0.03     0.00    -0.01   0.021  152
   175.88    45.12   184.75     0.03     0.00    -0.01   0.020  153
   176.85    44.14   184.75     0.03     0.00    -0.01   0.021  154
   175.88    45.12   185.77     0.03     0.00    -0.01   0.020  155
   176.85    46.10   185.77     0.03     0.00    -0.01   0.021  156
   176.85    44.14   183.73     0.03     0.00    -0.01   0.020  157
   176.85    45.12   184.75     0.03     0.00    -0.01   0.021  158
   176.85    45.12   185.77     0.03     0.00    -0.01   0.020  159
   176.85    44.14   184.75     0.03     0.00    -0.01   0.021  160
   176.85    44.14   184.75     0.03     0.00    -0.01   0.020  161
   175.88    45.12   184.75     0.03     0.00    -0.01   0.021  162
   176.85    45.12   182.71     0.03     0.00    -0.01   0.020  163
   175.88    45.12   184.75     0.03     0.00    -0.01   0.021  164
   174.90    46.10   185.77     0.03     0.00    -0.01   0.020  165
   174.90    45.12   183.73     0.03     0.00    -0.01   0.020  166
   175.88    45.12   184.75     0.03     0.00    -0.01   0.021  167
   174.90    45.12   184.75     0.03     0.00    -0.01   0.020  168
   175.88    45.12   184.75     0.03     0.00    -0.01   0.021  169
   176.85    45.12   183.73     0.03     0.00    -0.01   0.020  170
   175.88    44.14   183.73     0.03     0.00    -0.01   0.021  171
   175.88    45.12   183.73     0.03     0.00    -0.01   0.020  172
   175.88    45.12   183.73     0.03     0.00    -0.01   0.021  173
   176.85    44.14   184.75     0.03     0.00    -0.01   0.020  174
   174.90    45.12   183.73     0.03     0.00    -0.01   0.021  175
   175.88    45.12   182.71     0.03     0.00    -0.01   0.020  176
   174.90    45.12   185.77     0.03     0.00    -0.01   0.021  177
   174.90    44.14   184.75     0.03     0.00    -0.01   0.020  178
   174.90    45.12   183.73     0.03     0.00    -0.01   0.021  179
   176.85    44.14   182.71     0.03     0.00    -0.01   0.020  180
   176.85    44.14   183.73     0.03     0.00    -0.01   0.021  181
   174.90    45.12   184.75     0.03     0.00    -0.01   0.020  182
   175.88    45.12   184.75     0.03     0.00    -0.01   0.021  183
   175.88    45.12   183.73     0.03     0.00    -0.01   0.020  184
   175.88    46.10   184.75     0.03     0.00    -0.01   0.021  185
   176.85    44.14   183.73     0.03     0.00    -0.01   0.020  186
   176.85    43.16   183.73     0.03     0.00    -0.01   0.021  187
   176.85    45.12   185.77     0.03     0.00    -0.01   0.020  188
   175.88    45.12   184.75     0.03     0.00    -0.01   0.021  189
   175.88    44.14   183.73     0.03     0.00    -0.01   0.020  190
   175.88    44.14   182.71     0.03     0.00    -0.01   0.020  191
   176.85    45.12   183.73     0.03     0.00    -0.01   0.021  192
   176.85    44.14   185.77     0.03     0.00    -0.01   0.020  193
   175.88    45.12   184.75     0.03     0.00    -0.01   0.021  194
   175.88    44.14   183.73     0.03     0.00    -0.01   0.020  195
   174.90    44.14   183.73     0.03     0.00    -0.00   0.021  196
   176.85    44.14   183.73     0.03     0.00    -0.01   0.020  197
   175.88    44.14   184.75     0.03     0.00    -0.01   0.021  198
   175.88    45.12   182.71     0.03     0.00    -0.01   0.020  199
   176.85    46.10   183.73     0.03     0.00    -0.01   0.021  200
   175.88    45.12   181.69     0.03     0.00    -0.01   0.020  201
   176.85    45.12   183.73     0.03     0.00    -0.01   0.021  202
   175.88    44.14   183.73     0.03     0.00    -0.01   0.020  203
   176.85    45.12   183.73     0.03     0.00    -0.01   0.021  204
   176.85    44.14   185.77     0.03     0.00    -0.01   0.020  205
   176.85    45.12   184.75     0.03     0.00    -0.01   0.021  206
   174.90    46.10   184.75     0.03     0.00    -0.01   0.020  207
   175.88    45.12   183.73     0.03     0.00    -0.01   0.021  208
   175.88    46.10   184.75     0.03     0.00    -0.01   0.020  209
   176.85    44.14   184.75     0.03     0.00    -0.01   0.021  210
   175.88    45.12   184.75     0.03     0.00    -0.01   0.020  211
   175.88    44.14   184.75     0.03     0.00    -0.01   0.021  212
   175.88    45.12   185.77     0.03     0.00    -0.01   0.020  213
   175.88    45.12   184.75     0.03     0.00    -0.01   0.021  214
   176.85    44.14   184.75     0.03     0.00    -0.01   0.020  215
   176.85    44.14   184.75     0.03     0.00    -0.01   0.020  216
   176.85    45.12   183.73     0.03     0.00    -0.01   0.021  217
   175.88    45.12   185.77     0.03     0.00    -0.01   0.020  218
   174.90    44.14   182.71     0.03     0.00    -0.01   0.021  219
   175.88    46.10   184.75     0.03     0.00    -0.01   0.020  220
   174.90    45.12   184.75     0.03     0.00    -0.01   0.021  221
   176.85    44.14   185.77     0.03     0.00    -0.01   0.020  222
   176.85    44.14   182.71     0.03     0.00    -0.01   0.021  223
   174.90    45.12   183.73     0.03     0.00    -0.01   0.020  224
   174.90    46.10   184.75     0.03     0.00    -0.01   0.021  225
   175.88    45.12   183.73     0.03     0.00    -0.01   0.020  226
   176.85    46.10   185.77     0.03     0.00    -0.01   0.021  227
   176.85    45.12   183.73     0.03     0.00    -0.00   0.020  228
   175.88    45.12   183.73     0.03     0.00    -0.01   0.021  229
   175.88    45.12   184.75     0.03     0.00    -0.01   0.020  230
   175.88    45.12   184.75     0.03     0.00    -0.01   0.021  231
   176.85    45.12   184.75     0.03     0.00    -0.01   0.020  232
   174.90    45.12   183.73     0.03     0.00    -0.01   0.021  233
   175.88    44.14   183.73     0.03     0.00    -0.01   0.020  234
   176.85    44.14   182.71     0.03     0.00    -0.01   0.021  235
   174.90    45.12   182.71     0.03     0.00    -0.01   0.020  236
   175.88    44.14   184.75     0.03     0.00    -0.01   0.021  237
   176.85    45.12   183.73     0.03     0.00    -0.01   0.020  238
   175.88    44.14   184.75     0.03     0.00    -0.01   0.021  239
   175.88    45.12   184.75     0.03     0.00    -0.01   0.020  240
   174.90    45.12   184.75     0.03     0.00    -0.01   0.020  241
   176.85    45.12   185.77     0.03     0.00    -0.01   0.021  242
   177.83    44.14   184.75     0.03     0.00    -0.01   0.020  243
   175.88    46.10   184.75     0.03     0.00    -0.01   0.021  244
   175.88    45.12   182.71     0.03     0.00    -0.01   0.020  245
   175.88    44.14   183.73     0.03     0.00    -0.01   0.021  246
   175.88    46.10   182.71     0.03     0.00    -0.01   0.020  247
   175.88    44.14   183.73     0.03     0.00    -0.01   0.021  248
   175.88    46.10   183.73     0.03     0.00    -0.01   0.020  249
   175.88    46.10   182.71     0.03     0.00    -0.01   0.021  250
   176.85    45.12   183.73     0.03     0.00    -0.01   0.020  251
   177.83    44.14   181.69     0.03     0.00    -0.01   0.021  252
   175.88    44.14   182.71     0.03     0.00    -0.01   0.020  253
   176.85    44.14   182.71     0.03    -0.00    -0.01   0.021  254
   175.88    45.12   183.73     0.03     0.00    -0.01   0.020  255
   175.88    44.14   183.73     0.03     0.00    -0.01   0.021    0
   174.90    45.12   183.73     0.03     0.00    -0.01   0.020    1
   175.88    45.12   183.73     0.03     0.00    -0.01   0.021    2
   175.88    45.12   182.71     0.03     0.00    -0.01   0.020    3
   175.88    45.12   183.73     0.03     0.00    -0.01   0.021    4
   175.88    46.10   182.71     0.03     0.00    -0.01   0.020    5
   176.85    45.12   182.71     0.03     0.00    -0.01   0.021    6
   175.88    45.12   183.73     0.03     0.00    -0.01   0.020    7
   176.85    45.12   182.71     0.03     0.00    -0.01   0.021    8
   176.85    44.14   183.73     0.03     0.00    -0.01   0.020    9
   175.88    45.12   182.71     0.03     0.00    -0.01   0.020   10
   177.83    44.14   184.75     0.03     0.00    -0.01   0.021   11
   176.85    45.12   183.73     0.03     0.00    -0.01   0.020   12
   175.88    45.12   182.71     0.03     0.00    -0.01   0.021   13
   176.85    45.12   183.73     0.03     0.00    -0.01   0.020   14
   176.85    45.12   183.73     0.03     0.00    -0.01   0.021   15
   176.85    45.12   183.73     0.03     0.00    -0.01   0.020   16
   175.88    45.12   182.71     0.03     0.00    -0.01   0.021   17
   176.85    45.12   182.71     0.03     0.00    -0.01   0.020   18
   174.90    45.12   183.73     0.03     0.00    -0.01   0.021   19
   175.88    46.10   183.73     0.03     0.00    -0.01   0.020   20
   175.88    45.12   182.71     0.03     0.00    -0.01   0.021   21
   175.88    45.12   183.73     0.03     0.00    -0.01   0.020   22
   175.88    46.10   182.71     0.03     0.00    -0.01   0.021   23
   175.88    46.10   181.69     0.03     0.00    -0.01   0.020   24
   175.88    45.12   183.73     0.03     0.00    -0.01   0.021   25
   174.90    45.12   183.73     0.03     0.00    -0.01   0.020   26
   176.85    45.12   183.73     0.03     0.00    -0.01   0.021   27
   177.83    45.12   184.75     0.03     0.00    -0.01   0.020   28
   175.88    44.14   184.75     0.03     0.00    -0.01   0.021   29
   175.88    45.12   182.71     0.03     0.00    -0.01   0.020   30
   176.85    45.12   184.75     0.03     0.00    -0.01   0.021   31
   174.90    46.10   183.73     0.03     0.00    -0.01   0.020   32
   176.85    46.10   183.73     0.03     0.00    -0.01   0.021   33
   175.88    44.14   182.71     0.03     0.00    -0.01   0.020   34
   176.85    45.12   182.71     0.03     0.00    -0.01   0.020   35
   175.88    46.10   182.71     0.03     0.00    -0.01   0.021   36
   176.85    44.14   182.71     0.03     0.00    -0.01   0.020   37
   174.90    45.12   181.69     0.03     0.00    -0.01   0.021   38
   176.85    44.14   181.69     0.03     0.00    -0.01   0.020   39
   175.88    45.12   183.73     0.03     0.00    -0.01   0.021   40
   175.88    44.14   182.71     0.03     0.00    -0.01   0.020   41
   176.85    45.12   182.71     0.03     0.00    -0.01   0.021   42
   176.85    45.12   183.73     0.03     0.00    -0.01   0.020   43
   176.85    45.12   181.69     0.03     0.00    -0.01   0.021   44
   174.90    46.10   183.73     0.03     0.00    -0.01   0.020   45
   176.85    44.14   182.71     0.03     0.00    -0.01   0.021   46
   176.85    43.16   182.71     0.03     0.00    -0.01   0.020   47
   176.85    46.10   183.73     0.03     0.00    -0.01   0.021   48
   175.88    46.10   183.73     0.03     0.00    -0.01   0.020   49
   176.85    45.12   183.73     0.03     0.00    -0.01   0.021   50
   176.85    45.12   183.73     0.03     0.00    -0.01   0.020   51
   175.88    44.14   182.71     0.03     0.00    -0.01   0.021   52
   176.85    44.14   183.73     0.03     0.00    -0.01   0.020   53
   176.85    44.14   184.75     0.03     0.00    -0.01   0.021   54
   175.88    45.12   184.75     0.03     0.00    -0.01   0.020   55
   175.88    45.12   183.73     0.03     0.00    -0.01   0.021   56
   176.85    44.14   183.73     0.03     0.00    -0.01   0.020   57
   175.88    45.12   183.73     0.03     0.00    -0.01   0.021   58
   176.85    46.10   183.73     0.03     0.00    -0.01   0.020   59
   175.88    44.14   183.73     0.03     0.00    -0.01   0.020   60
   175.88    45.12   182.71     0.03     0.00    -0.01   0.021   61
   176.85    45.12   181.69     0.03     0.00    -0.01   0.020   62
   176.85    43.16   182.71     0.03     0.00    -0.01   0.021   63
   175.88    44.14   181.69     0.03     0.00    -0.01   0.020   64
   176.85    44.14   183.73     0.03     0.00    -0.00   0.021   65
   175.88    45.12   183.73     0.03     0.00    -0.01   0.020   66
   175.88    45.12   182.71     0.03     0.00    -0.01   0.021   67
   176.85    46.10   181.69     0.03     0.00    -0.01   0.020   68
   176.85    45.12   183.73     0.03     0.00    -0.01   0.021   69
   175.88    45.12   182.71     0.03     0.00    -0.01   0.020   70
   176.85    45.12   181.69     0.03     0.00    -0.01   0.021   71
   175.88    45.12   182.71     0.03     0.00    -0.01   0.020   72
   176.85    45.12   182.71     0.03     0.00    -0.01   0.021   73
   175.88    45.12   181.69     0.03     0.00    -0.01   0.020   74
   176.85    44.14   181.69     0.03     0.00    -0.01   0.021   75
   176.85    45.12   182.71     0.03     0.00    -0.01   0.020   76
   175.88    45.12   182.71     0.03     0.00    -0.01   0.021   77
   174.90    45.12   183.73     0.03     0.00    -0.01   0.020   78
   176.85    45.12   182.71     0.03     0.00    -0.01   0.021   79
   174.90    45.12   182.71     0.03     0.00    -0.01   0.020   80
   175.88    45.12   181.69     0.03     0.00    -0.01   0.021   81
   174.90    45.12   182.71     0.03     0.00    -0.01   0.020   82
   175.88    45.12   183.73     0.03     0.00    -0.01   0.021   83
   175.88    45.12   182.71     0.03     0.00    -0.01   0.020   84
   175.88    45.12   182.71     0.03     0.00    -0.01   0.020   85
   174.90    45.12   183.73     0.03     0.00    -0.01   0.021   86
   175.88    44.14   182.71     0.03     0.00    -0.01   0.020   87
   175.88    45.12   182.71     0.03     0.00    -0.01   0.021   88
   176.85    44.14   183.73     0.03     0.00    -0.01   0.020   89
   174.90    45.12   182.71     0.03     0.00    -0.01   0.021   90
   175.88    44.14   182.71     0.03     0.00    -0.01   0.020   91
   174.90    45.12   182.71     0.03     0.00    -0.01   0.021   92
   174.90    45.12   184.75     0.03     0.00    -0.01   0.020   93
   174.90    45.12   181.69     0.03     0.00    -0.01   0.021   94
   175.88    45.12   181.69     0.03     0.00    -0.01   0.020   95
   176.85    44.14   182.71     0.03     0.00    -0.01   0.021   96
   175.88    45.12   183.73     0.03    -0.00    -0.01   0.020   97
   176.85    44.14   181.69     0.03     0.00    -0.01   0.021   98
   175.88    45.12   182.71     0.03     0.00    -0.01   0.020   99
   175.88    44.14   180.68     0.03     0.00    -0.01   0.021  100
   176.85    45.12   182.71     0.03     0.00    -0.01   0.020  101
   175.88    44.14   182.71     0.03     0.00    -0.01   0.021  102
   176.85    45.12   181.69     0.03     0.00    -0.01   0.020  103
   175.88    45.12   181.69     0.03     0.00    -0.01   0.021  104
   176.85    45.12   183.73     0.03     0.00    -0.01   0.020  105
   176.85    44.14   181.69     0.03     0.00    -0.01   0.021  106
   176.85    44.14   181.69     0.03     0.00    -0.01   0.020  107
   175.88    46.10   180.68     0.03     0.00    -0.01   0.021  108
   175.88    45.12   181.69     0.03     0.00    -0.01   0.020  109
   177.83    44.14   181.69     0.03     0.00    -0.01   0.020  110
   176.85    45.12   182.71     0.03     0.00    -0.01   0.021  111
   175.88    45.12   181.69     0.03     0.00    -0.01   0.020  112
   177.83    45.12   183.73     0.03     0.00    -0.01   0.021  113
   175.88    46.10   181.69     0.03     0.00    -0.01   0.020  114
   177.83    44.14   182.71     0.03     0.00    -0.01   0.021  115
   175.88    44.14   182.71     0.03     0.00    -0.01   0.020  116
   175.88    44.14   182.71     0.03     0.00    -0.01   0.021  117
   175.88    46.10   182.71     0.03     0.00    -0.01   0.020  118
   175.88    46.10   180.68     0.03     0.00    -0.01   0.021  119
   176.85    45.12   182.71     0.03     0.00    -0.01   0.020  120
   175.88    45.12   183.73     0.03     0.00    -0.01   0.021  121
   176.85    46.10   184.75     0.03     0.00    -0.01   0.020  122
   177.83    45.12   182.71     0.03     0.00    -0.01   0.021  123
   175.88    44.14   182.71     0.03     0.00    -0.01   0.020  124
   175.88    46.10   183.73     0.03     0.00    -0.01   0.021  125
   175.88    44.14   182.71     0.03     0.00    -0.01   0.020  126
   177.83    45.12   183.73     0.03     0.00    -0.01   0.021  127
   175.88    45.12   183.73     0.03     0.00    -0.01   0.020  128
   176.85    45.12   183.73     0.03     0.00    -0.01   0.021  129
   174.90    46.10   182.71     0.03     0.00    -0.01   0.020  130
   175.88    45.12   182.71     0.03     0.00    -0.01   0.021  131
   175.88    44.14   181.69     0.03     0.00    -0.01   0.020  132
   175.88    45.12   182.71     0.03     0.00    -0.01   0.021  133
   175.88    45.12   181.69     0.03     0.00    -0.01   0.020  134
   175.88    45.12   183.73     0.03     0.00    -0.01   0.020  135
   175.88    44.14   182.71     0.03     0.00    -0.01   0.021  136
   176.85    44.14   182.71     0.03     0.00    -0.01   0.020  137
   175.88    44.14   181.69     0.03     0.00    -0.01   0.021  138
   175.88    44.14   181.69     0.03     0.00    -0.01   0.020  139
   176.85    45.12   182.71     0.03     0.00    -0.01   0.021  140
   176.85    43.16   183.73     0.03     0.00    -0.01   0.020  141
   175.88    45.12   182.71     0.03     0.00    -0.01   0.021  142
   176.85    44.14   182.71     0.03     0.00    -0.01   0.020  143
   175.88    44.14   184.75     0.03     0.00    -0.01   0.021  144
   175.88    45.12   182.71     0.03     0.00    -0.01   0.020  145
   175.88    45.12   183.73     0.03     0.00    -0.01   0.021  146
   175.88    46.10   184.75     0.03     0.00    -0.01   0.020  147
   175.88    45.12   182.71     0.03     0.00    -0.01   0.021  148
   174.90    44.14   182.71     0.03     0.00    -0.00   0.020  149
   173.92    47.08   182.71     0.02     0.01    -0.01   0.021  150
   177.83    45.12   182.71     0.03     0.00    -0.01   0.020  151
   175.88    44.14   184.75     0.03    -0.00    -0.01   0.021  152
   173.92    46.10   183.73     0.03     0.00    -0.01   0.020  153
   175.88    45.12   183.73     0.03     0.00    -0.01   0.021  154
   176.85    45.12   182.71     0.03     0.00    -0.01   0.020  155
   175.88    44.14   183.73     0.03     0.00    -0.01   0.021  156
   176.85    46.10   182.71     0.03     0.00    -0.01   0.020  157
   176.85    45.12   182.71     0.03     0.00    -0.01   0.021  158
   175.88    44.14   182.71     0.03     0.00    -0.01   0.020  159
   175.88    45.12   184.75     0.03     0.00    -0.01   0.020  160
   175.88    44.14   184.75     0.03     0.00    -0.01   0.021  161
   176.85    46.10   182.71     0.03     0.00    -0.01   0.020  162
   175.88    45.12   184.75     0.03     0.00    -0.01   0.021  163
   175.88    44.14   183.73     0.03     0.00    -0.01   0.020  164
   175.88    46.10   182.71     0.03     0.00    -0.01   0.021  165
   175.88    44.14   183.73     0.03     0.00    -0.01   0.020  166
   175.88    45.12   183.73     0.03     0.00    -0.01   0.021  167
   175.88    44.14   183.73     0.03     0.00    -0.01   0.020  168
   175.88    46.10   182.71     0.03     0.00    -0.01   0.021  169
   175.88    46.10   183.73     0.03     0.00    -0.01   0.020  170
   176.85    45.12   183.73     0.03     0.00    -0.01   0.021  171
   176.85    45.12   183.73     0.03     0.00    -0.01   0.020  172
   175.88    45.12   183.73     0.03     0.00    -0.01   0.021  173
   176.85    45.12   182.71     0.03     0.00    -0.01   0.020  174
   175.88    46.10   183.73     0.03     0.00    -0.01   0.021  175
   175.88    44.14   184.75     0.03     0.00    -0.01   0.020  176
   176.85    46.10   183.73     0.03     0.00    -0.01   0.021  177
   175.88    45.12   183.73     0.03     0.00    -0.01   0.020  178
   177.83    45.12   183.73     0.03     0.00    -0.01   0.021  179
   175.88    44.14   182.71     0.03     0.00    -0.01   0.020  180
   175.88    44.14   183.73     0.03     0.00    -0.01   0.021  181
   174.90    45.12   183.73     0.03     0.00    -0.01   0.020  182
   176.85    44.14   183.73     0.03     0.00    -0.01   0.021  183
   176.85    45.12   182.71     0.03     0.00    -0.01   0.020  184
   176.85    45.12   183.73     0.03     0.00    -0.01   0.020  185
   177.83    45.12   184.75     0.03     0.00    -0.01   0.021  186
   177.83    45.12   182.71     0.03     0.00    -0.01   0.020  187
   176.85    45.12   181.69     0.03     0.00    -0.01   0.021  188
   176.85    46.10   183.73     0.03     0.00    -0.01   0.020  189
   176.85    45.12   184.75     0.03     0.00    -0.01   0.021  190
   174.90    45.12   183.73     0.03     0.00    -0.01   0.020  191
   175.88    44.14   183.73     0.03     0.00    -0.01   0.021  192
   175.88    45.12   182.71     0.03     0.00    -0.01   0.020  193
   175.88    45.12   184.75     0.03     0.00    -0.01   0.021  194
   175.88    44.14   183.73     0.03     0.00    -0.01   0.020  195
   175.88    45.12   182.71     0.03     0.00    -0.01   0.021  196
   175.88    44.14   182.71     0.03     0.00    -0.01   0.020  197
   175.88    45.12   182.71     0.03     0.00    -0.01   0.021  198
   174.90    44.14   183.73     0.03     0.00    -0.01   0.020  199
   175.88    45.12   183.73     0.03     0.00    -0.01   0.021  200
   176.85    45.12   184.75     0.03     0.00    -0.01   0.020  201
   176.85    44.14   182.71     0.03     0.00    -0.01   0.021  202
   175.88    45.12   183.73     0.03     0.00    -0.01   0.020  203
   176.85    45.12   183.73     0.03     0.00    -0.01   0.021  204
   174.90    45.12   182.71     0.03     0.00    -0.01   0.020  205
   176.85    45.12   183.73     0.03     0.00    -0.01   0.021  206
   176.85    45.12   182.71     0.03     0.00    -0.01   0.020  207
   175.88    44.14   183.73     0.03     0.00    -0.01   0.021  208
   175.88    45.12   184.75     0.03     0.00    -0.00   0.020  209
   175.88    45.12   183.73     0.03     0.00    -0.01   0.020  210
   176.85    45.12   184.75     0.03     0.00    -0.01   0.021  211
   175.88    45.12   182.71     0.03     0.00    -0.01   0.020  212
   175.88    44.14   184.75     0.03     0.00    -0.01   0.021  213
   174.90    45.12   183.73     0.03     0.00    -0.01   0.020  214
   175.88    45.12   183.73     0.03     0.00    -0.01   0.021  215
   176.85    44.14   182.71     0.03     0.00    -0.01   0.020  216
   175.88    45.12   182.71     0.03     0.00    -0.01   0.021  217
   176.85    46.10   182.71     0.03     0.00    -0.01   0.020  218
   176.85    44.14   182.71     0.03     0.00    -0.01   0.021  219
   176.85    45.12   183.73     0.03     0.00    -0.01   0.020  220
   175.88    46.10   183.73     0.03     0.00    -0.01   0.021  221
   175.88    45.12   183.73     0.03     0.00    -0.01   0.020  222
   176.85    45.12   183.73     0.03     0.00    -0.01   0.021  223
   175.88    44.14   181.69     0.03     0.00    -0.01   0.020  224
   175.88    44.14   183.73     0.03     0.00    -0.01   0.021  225
   175.88    45.12   183.73     0.03     0.00    -0.01   0.020  226
   176.85    45.12   184.75     0.03     0.00    -0.01   0.021  227
   175.88    45.12   182.71     0.03     0.00    -0.01   0.020  228
   175.88    46.10   182.71     0.03     0.00    -0.01   0.021  229
   175.88    44.14   183.73     0.03     0.00    -0.01   0.020  230
   175.88    44.14   184.75     0.03     0.00    -0.01   0.021  231
   176.85    45.12   184.75     0.03     0.00    -0.01   0.020  232
   175.88    45.12   183.73     0.03     0.00    -0.01   0.021  233
   176.85    45.12   183.73     0.03     0.00    -0.01   0.020  234
   175.88    45.12   184.75     0.03     0.00    -0.01   0.020  235
   177.83    45.12   183.73     0.03     0.00    -0.01   0.021  236
   176.85    45.12   183.73     0.03     0.00    -0.01   0.020  237
   175.88    46.10   183.73     0.03     0.00    -0.01   0.021  238
   175.88    45.12   183.73     0.03     0.00    -0.01   0.020  239
   176.85    45.12   183.73     0.03     0.00    -0.01   0.021  240
   175.88    45.12   183.73     0.03     0.00    -0.01   0.020  241
   175.88    46.10   183.73     0.03     0.00    -0.01   0.021  242
   175.88    45.12   184.75     0.03     0.00    -0.01   0.020  243
   175.88    45.12   183.73     0.03     0.00    -0.01   0.021  244
   175.88    46.10   183.73     0.03     0.00    -0.01   0.020  245
   175.88    44.14   182.71     0.03     0.00    -0.01   0.021  246
   175.88    46.10   182.71     0.03     0.00    -0.01   0.020  247
   175.88    44.14   182.71     0.03     0.00    -0.01   0.021  248
   175.88    46.10   181.69     0.03     0.00    -0.01   0.020  249
   176.85    44.14   183.73     0.03     0.00    -0.01   0.021  250
   176.85    45.12   182.71     0.03     0.00    -0.01   0.020  251
   175.88    44.14   182.71     0.03     0.00    -0.01   0.021  252
   175.88    44.14   182.71     0.03     0.00    -0.01   0.020  253
   174.90    45.12   182.71     0.03     0.00    -0.01   0.021  254
   176.85    45.12   181.69     0.03     0.00    -0.01   0.020  255
   176.85    45.12   183.73     0.03     0.00    -0.01   0.021    0
   176.85    45.12   183.73     0.03     0.00    -0.01   0.020    1
   175.88    44.14   183.73     0.03     0.00    -0.01   0.021    2
   174.90    45.12   184.75     0.03     0.00    -0.01   0.020    3
   175.88    45.12   182.71     0.03     0.00    -0.01   0.020    4
   175.88    44.14   183.73     0.03     0.00    -0.01   0.021    5
   175.88    44.14   183.73     0.03     0.00    -0.01   0.020    6
   175.88    44.14   183.73     0.03     0.00    -0.01   0.021    7
   175.88    45.12   183.73     0.03     0.00    -0.01   0.020    8
   175.88    45.12   183.73     0.03     0.00    -0.01   0.021    9
   177.83    45.12   183.73     0.03     0.00    -0.01   0.020   10
   175.88    45.12   182.71     0.03     0.00    -0.01   0.021   11
   175.88    44.14   182.71     0.03     0.00    -0.01   0.020   12
   175.88    44.14   182.71     0.03     0.00    -0.01   0.021   13
   176.85    44.14   183.73     0.03     0.00    -0.01   0.020   14
   175.88    45.12   182.71     0.03     0.00    -0.01   0.021   15
   175.88    45.12   182.71     0.03     0.00    -0.01   0.020   16
   175.88    45.12   183.73     0.03     0.00    -0.01   0.021   17
   175.88    44.14   183.73     0.03     0.00    -0.01   0.020   18
   177.83    45.12   184.75     0.03     0.00    -0.01   0.021   19
   176.85    44.14   184.75     0.03     0.00    -0.01   0.020   20
   175.88    45.12   183.73     0.03     0.00    -0.01   0.021   21
   175.88    45.12   181.69     0.03     0.00    -0.01   0.020   22
   175.88    45.12   183.73     0.03     0.00    -0.01   0.021   23
   175.88    45.12   183.73     0.03     0.00    -0.01   0.020   24
   176.85    44.14   184.75     0.03     0.00    -0.01   0.021   25
   175.88    46.10   183.73     0.03     0.00    -0.01   0.020   26
   175.88    44.14   183.73     0.03     0.00    -0.01   0.021   27
   175.88    44.14   184.75     0.03     0.00    -0.01   0.020   28
   176.85    45.12   184.75     0.03     0.00    -0.01   0.020   29
   176.85    45.12   183.73     0.03     0.00    -0.01   0.021   30
   175.88    46.10   184.75     0.03     0.00    -0.01   0.020   31
   175.88    45.12   183.73     0.03     0.00    -0.01   0.021   32
   175.88    45.12   183.73     0.03     0.00    -0.01   0.020   33
   176.85    44.14   183.73     0.03     0.00    -0.01   0.021   34
   177.83    44.14   184.75     0.03     0.00    -0.01   0.020   35
   175.88    44.14   184.75     0.03     0.00    -0.00   0.021   36
   175.88    45.12   182.71     0.03     0.00    -0.01   0.020   37
   174.90    45.12   183.73     0.03     0.00    -0.01   0.021   38
   175.88    46.10   183.73     0.03     0.00    -0.01   0.020   39
   174.90    45.12   182.71     0.03     0.00    -0.01   0.021   40
   176.85    44.14   183.73     0.03     0.00    -0.01   0.020   41
   175.88    46.10   183.73     0.03     0.00    -0.01   0.021   42
   175.88    45.12   182.71     0.03     0.00    -0.01   0.020   43
   175.88    45.12   183.73     0.03     0.00    -0.01   0.021   44
   175.88    45.12   183.73     0.03     0.00    -0.01   0.020   45
   176.85    45.12   183.73     0.03     0.00    -0.01   0.021   46
   176.85    45.12   183.73     0.03     0.00    -0.01   0.020   47
   176.85    45.12   183.73     0.03     0.00    -0.01   0.021   48
   174.90    45.12   183.73     0.03     0.00    -0.01   0.020   49
   175.88    44.14   182.71     0.03     0.00    -0.01   0.021   50
   176.85    45.12   183.73     0.03     0.00    -0.01   0.020   51
   176.85    45.12   184.75     0.03     0.00    -0.01   0.021   52
   175.88    44.14   183.73     0.03     0.00    -0.01   0.020   53
   175.88    45.12   182.71     0.03     0.00    -0.01   0.020   54
   174.90    46.10   183.73     0.03     0.00    -0.01   0.021   55
   175.88    45.12   182.71     0.03     0.00    -0.01   0.020   56
   176.85    44.14   182.71     0.03     0.00    -0.01   0.021   57
   175.88    44.14   184.75     0.03     0.00    -0.01   0.020   58
   175.88    46.10   184.75     0.03     0.00    -0.01   0.021   59
   174.90    45.12   182.71     0.03     0.00    -0.01   0.020   60
   176.85    45.12   183.73     0.03     0.00    -0.01   0.021   61
   175.88    45.12   183.73     0.03     0.00    -0.01   0.020   62
   175.88    45.12   184.75     0.03     0.00    -0.01   0.021   63
   177.83    44.14   182.71     0.03     0.00    -0.01   0.020   64
   175.88    45.12   182.71     0.03     0.00    -0.01   0.021   65
   176.85    44.14   183.73     0.03     0.00    -0.01   0.020   66
   175.88    45.12   183.73     0.03     0.00    -0.01   0.021   67
   174.90    44.14   183.73     0.03     0.00    -0.01   0.020   68
   176.85    44.14   183.73     0.03     0.00    -0.01   0.021   69
   175.88    45.12   183.73     0.03     0.00    -0.01   0.020   70
   175.88    46.10   185.77     0.03     0.00    -0.01   0.021   71
   176.85    44.14   183.73     0.03     0.00    -0.01   0.020   72
   176.85    45.12   183.73     0.03     0.00    -0.01   0.021   73
   174.90    45.12   182.71     0.03     0.00    -0.01   0.020   74
   175.88    44.14   184.75     0.03     0.00    -0.01   0.021   75
   175.88    45.12   184.75     0.03     0.00    -0.01   0.020   76
   174.90    45.12   183.73     0.03     0.00    -0.01   0.021   77
   175.88    45.12   184.75     0.03     0.00    -0.01   0.020   78
   175.88    45.12   185.77     0.03     0.00    -0.01   0.020   79
   175.88    45.12   183.73     0.03     0.00    -0.01   0.021   80
   175.88    44.14   185.77     0.03     0.00    -0.01   0.020   81
   175.88    46.10   184.75     0.03     0.00    -0.01   0.021   82
   175.88    45.12   183.73     0.03     0.00    -0.01   0.020   83
   176.85    44.14   184.75     0.03     0.00    -0.01   0.021   84
   175.88    45.12   183.73     0.03     0.00    -0.01   0.020   85
   175.88    45.12   183.73     0.03     0.00    -0.01   0.021   86
   176.85    46.10   185.77     0.03     0.00    -0.01   0.020   87
   174.90    45.12   185.77     0.03     0.00    -0.01   0.021   88
   176.85    45.12   184.75     0.03     0.00    -0.01   0.020   89
   175.88    45.12   183.73     0.03     0.00    -0.01   0.021   90
   176.85    45.12   183.73     0.03     0.00    -0.01   0.020   91
   176.85    44.14   184.75     0.03     0.00    -0.01   0.021   92
   176.85    45.12   184.75     0.03     0.00    -0.01   0.020   93
   175.88    44.14   184.75     0.03     0.00    -0.01   0.021   94
   175.88    46.10   184.75     0.03     0.00    -0.01   0.020   95
   175.88    44.14   182.71     0.03     0.00    -0.01   0.021   96
   175.88    44.14   184.75     0.03     0.00    -0.01   0.020   97
   175.88    44.14   183.73     0.03     0.00    -0.01   0.021   98
   175.88    45.12   184.75     0.03     0.00    -0.01   0.020   99
   175.88    44.14   184.75     0.03     0.00    -0.01   0.021  100
   175.88    45.12   183.73     0.03     0.00    -0.01   0.020  101
   176.85    44.14   183.73     0.03     0.00    -0.01   0.021  102
   176.85    44.14   185.77     0.03     0.00    -0.01   0.020  103
   176.85    45.12   184.75     0.03     0.00    -0.01   0.020  104
   176.85    44.14   184.75     0.03     0.00    -0.01   0.021  105
   175.88    45.12   184.75     0.03    -0.00    -0.01   0.020  106
   175.88    44.14   184.75     0.03     0.00    -0.01   0.021  107
   174.90    45.12   183.73     0.03     0.00    -0.01   0.020  108
   175.88    46.10   182.71     0.03     0.00    -0.01   0.021  109
   174.90    46.10   182.71     0.03     0.00    -0.01   0.020  110
   175.88    45.12   182.71     0.03     0.00    -0.01   0.021  111
   175.88    44.14   183.73     0.03     0.00    -0.01   0.020  112
   176.85    45.12   184.75     0.03     0.00    -0.00   0.021  113
   175.88    45.12   183.73     0.03     0.00    -0.01   0.020  114
   173.92    45.12   183.73     0.03     0.00    -0.01   0.021  115
   175.88    45.12   184.75     0.03     0.00    -0.01   0.020  116
   175.88    45.12   184.75     0.03     0.00    -0.01   0.021  117
   176.85    45.12   183.73     0.03     0.00    -0.01   0.020  118
   175.88    45.12   183.73     0.03     0.00    -0.01   0.021  119
   175.88    46.10   183.73     0.03     0.00    -0.01   0.020  120
   175.88    44.14   183.73     0.03     0.00    -0.01   0.021  121
   176.85    44.14   183.73     0.03     0.00    -0.01   0.020  122
   175.88    45.12   182.71     0.03     0.00    -0.01   0.021  123
   174.90    45.12   183.73     0.03     0.00    -0.01   0.020  124
   175.88    45.12   182.71     0.03     0.00    -0.01   0.021  125
   175.88    45.12   182.71     0.03     0.00    -0.01   0.020  126
   176.85    46.10   183.73     0.03     0.00    -0.01   0.021  127
   175.88    45.12   184.75     0.03     0.00    -0.01   0.020  128
   175.88    45.12   183.73     0.03     0.00    -0.01   0.020  129
   175.88    45.12   183.73     0.03     0.00    -0.01   0.021  130
   175.88    44.14   182.71     0.03     0.00    -0.01   0.020  131
   176.85    45.12   183.73     0.03     0.00    -0.01   0.021  132
   175.88    45.12   184.75     0.03     0.00    -0.01   0.020  133
   174.90    46.10   184.75     0.03     0.00    -0.01   0.021  134
   175.88    45.12   184.75     0.03     0.00    -0.01   0.020  135
   175.88    45.12   183.73     0.03     0.00    -0.01   0.021  136
   176.85    45.12   185.77     0.03     0.00    -0.01   0.020  137
   176.85    45.12   183.73     0.03     0.00    -0.01   0.021  138
   175.88    45.12   183.73     0.03     0.00    -0.01   0.020  139
   176.85    45.12   184.75     0.03     0.00    -0.01   0.021  140
   175.88    44.14   184.75     0.03     0.00    -0.01   0.020  141
   175.88    45.12   183.73     0.03     0.00    -0.01   0.021  142
   175.88    45.12   182.71     0.03     0.00    -0.01   0.020  143
   176.85    44.14   182.71     0.03     0.00    -0.01   0.021  144
   175.88    45.12   183.73     0.03     0.00    -0.01   0.020  145
   175.88    45.12   183.73     0.03     0.00    -0.01   0.021  146
   176.85    45.12   182.71     0.03     0.00    -0.01   0.020  147
   176.85    45.12   184.75     0.03     0.00    -0.01   0.021  148
   176.85    44.14   183.73     0.03     0.00    -0.01   0.020  149
   175.88    44.14   183.73     0.03     0.00    -0.01   0.021  150
   175.88    44.14   184.75     0.03     0.00    -0.01   0.020  151
   176.85    45.12   184.75     0.03     0.00    -0.01   0.021  152
   176.85    44.14   184.75     0.03     0.00    -0.01   0.020  153
   175.88    45.12   183.73     0.03     0.00    -0.01   0.020  154
   175.88    44.14   185.77     0.03     0.00    -0.01   0.021  155
   175.88    44.14   184.75     0.03     0.00    -0.01   0.020  156
   175.88    45.12   183.73     0.03     0.00    -0.01   0.021  157
   176.85    44.14   183.73     0.03     0.00    -0.01   0.020  158
   175.88    46.10   184.75     0.03     0.00    -0.01   0.021  159
   175.88    45.12   182.71     0.03     0.00    -0.01   0.020  160
   174.90    45.12   182.71     0.03     0.00    -0.01   0.021  161
   175.88    44.14   183.73     0.03     0.00    -0.01   0.020  162
   176.85    44.14   181.69     0.03     0.00    -0.00   0.021  163
   176.85    45.12   182.71     0.03     0.00    -0.01   0.020  164
   175.88    45.12   183.73     0.03     0.00    -0.01   0.021  165
   175.88    45.12   182.71     0.03    -0.00    -0.01   0.020  166
   175.88    44.14   183.73     0.03     0.00    -0.01   0.021  167
   176.85    45.12   183.73     0.03     0.00    -0.01   0.020  168
   175.88    44.14   184.75     0.03     0.00    -0.01   0.021  169
   175.88    45.12   184.75     0.03     0.00    -0.01   0.020  170
   176.85    45.12   183.73     0.03     0.00    -0.01   0.021  171
   176.85    43.16   184.75     0.03    -0.00    -0.01   0.020  172
   175.88    44.14   183.73     0.03     0.00    -0.01   0.021  173
   176.85    45.12   183.73     0.03     0.00    -0.01   0.020  174
   176.85    45.12   184.75     0.03     0.00    -0.01   0.021  175
   176.85    45.12   183.73     0.03     0.00    -0.01   0.020  176
   176.85    44.14   182.71     0.03     0.00    -0.01   0.021  177
   175.88    45.12   182.71     0.03     0.00    -0.01   0.020  178
   175.88    44.14   184.75     0.03     0.00    -0.01   0.020  179
   175.88    44.14   184.75     0.03     0.00    -0.01   0.021  180
   176.85    45.12   183.73     0.03     0.00    -0.01   0.020  181
   175.88    44.14   183.73     0.03     0.00    -0.01   0.021  182
   175.88    46.10   181.69     0.03     0.00    -0.01   0.020  183
   175.88    45.12   182.71     0.03     0.00    -0.01   0.021  184
   175.88    44.14   182.71     0.03     0.00    -0.01   0.020  185
   175.88    44.14   183.73     0.03     0.00    -0.01   0.021  186
   175.88    44.14   183.73     0.03     0.00    -0.01   0.020  187
   175.88    45.12   182.71     0.03     0.00    -0.01   0.021  188
   176.85    45.12   182.71     0.03     0.00    -0.01   0.020  189
   175.88    43.16   181.69     0.03     0.00    -0.01   0.021  190
   176.85    45.12   183.73     0.03     0.00    -0.01   0.020  191
   175.88    46.10   183.73     0.03     0.00    -0.01   0.021  192
   177.83    44.14   184.75     0.03     0.00    -0.01   0.020  193
   175.88    45.12   183.73     0.03     0.00    -0.01   0.021  194
   176.85    45.12   183.73     0.03     0.00    -0.01   0.020  195
   176.85    45.12   182.71     0.03     0.00    -0.01   0.021  196
   175.88    45.12   182.71     0.03     0.00    -0.01   0.020  197
   176.85    45.12   183.73     0.03     0.00    -0.01   0.021  198
   175.88    44.14   183.73     0.03     0.00    -0.01   0.020  199
   175.88    45.12   183.73     0.03     0.00    -0.01   0.021  200
   176.85    45.12   185.77     0.03     0.00    -0.01   0.020  201
   177.83    43.16   182.71     0.03     0.00    -0.01   0.021  202
   176.85    44.14   182.71     0.03     0.00    -0.01   0.020  203
   175.88    45.12   183.73     0.03     0.00    -0.01   0.020  204
   176.85    45.12   183.73     0.03     0.00    -0.01   0.021  205
   175.88    44.14   182.71     0.03     0.00    -0.01   0.020  206
   175.88    44.14   183.73     0.03     0.00    -0.01   0.021  207
   175.88    45.12   183.73     0.03     0.00    -0.01   0.020  208
   174.90    46.10   183.73     0.03     0.00    -0.01   0.021  209
   175.88    46.10   183.73     0.03     0.00    -0.01   0.020  210
   175.88    46.10   184.75     0.03     0.00    -0.01   0.021  211
   176.85    45.12   183.73     0.03     0.00    -0.01   0.020  212
   175.88    44.14   183.73     0.03     0.00    -0.01   0.021  213
   175.88    45.12   183.73     0.03     0.00    -0.01   0.020  214
   174.90    46.10   182.71     0.03     0.00    -0.01   0.021  215
   175.88    46.10   183.73     0.03     0.00    -0.01   0.020  216
   176.85    44.14   180.68     0.03     0.00    -0.01   0.021  217
   175.88    45.12   182.71     0.03     0.00    -0.01   0.020  218
   175.88    45.12   183.73     0.03     0.00    -0.01   0.021  219
   174.90    46.10   182.71     0.03     0.00    -0.01   0.020  220
   174.90    46.10   183.73     0.03     0.00    -0.01   0.021  221
   176.85    44.14   183.73     0.03     0.00    -0.01   0.020  222
   175.88    44.14   183.73     0.03     0.00    -0.01   0.021  223
   175.88    44.14   183.73     0.03     0.00    -0.01   0.020  224
   176.85    43.16   183.73     0.03     0.00    -0.01   0.021  225
   175.88    45.12   183.73     0.03     0.00    -0.01   0.020  226
   176.85    45.12   182.71     0.03     0.00    -0.01   0.021  227
   176.85    44.14   183.73     0.03     0.00    -0.01   0.020  228
   176.85    44.14   183.73     0.03     0.00    -0.01   0.020  229
   176.85    44.14   181.69     0.03     0.00    -0.01   0.021  230
   175.88    45.12   183.73     0.03     0.00    -0.01   0.020  231
   175.88    44.14   184.75     0.03     0.00    -0.01   0.021  232
   176.85    44.14   182.71     0.03     0.00    -0.01   0.020  233
   176.85    45.12   182.71     0.03     0.00    -0.01   0.021  234
   176.85    46.10   184.75     0.03     0.00    -0.01   0.020  235
   175.88    44.14   182.71     0.03     0.00    -0.01   0.021  236
   175.88    46.10   184.75     0.03     0.00    -0.01   0.020  237
   176.85    44.14   184.75     0.03     0.00    -0.01   0.021  238
   176.85    44.14   183.73     0.03     0.00    -0.01   0.020  239
   175.88    44.14   182.71     0.03     0.00    -0.01   0.021  240
   176.85    45.12   183.73     0.03     0.00    -0.01   0.020  241
   176.85    45.12   183.73     0.03     0.00    -0.01   0.021  242
   175.88    45.12   182.71     0.03     0.00    -0.01   0.020  243
   175.88    44.14   183.73     0.03     0.00    -0.01   0.021  244
   175.88    46.10   182.71     0.03     0.00    -0.01   0.020  245
   175.88    44.14   182.71     0.03     0.00    -0.01   0.021  246
   175.88    45.12   183.73     0.03     0.00    -0.01   0.020  247
   176.85    45.12   184.75     0.03     0.00    -0.01   0.021  248
   175.88    45.12   184.75     0.03     0.00    -0.01   0.020  249
   175.88    45.12   184.75     0.03     0.00    -0.01   0.021  250
   176.85    44.14   183.73     0.03     0.00    -0.01   0.020  251
   177.83    44.14   183.73     0.03     0.00    -0.01   0.021  252
   175.88    44.14   183.73     0.03     0.00    -0.01   0.020  253
   176.85    46.10   183.73     0.03     0.00    -0.01   0.020  254
   176.85    45.12   183.73     0.03     0.00    -0.01   0.021  255
   176.85    45.12   183.73     0.03     0.00    -0.01   0.020    0
   175.88    46.10   183.73     0.03     0.00    -0.01   0.021    1
   175.88    45.12   182.71     0.03     0.00    -0.01   0.020    2
   174.90    44.14   182.71     0.03     0.00    -0.01   0.021    3
   175.88    44.14   184.75     0.03     0.00    -0.01   0.020    4
   175.88    45.12   183.73     0.03     0.00    -0.01   0.021    5
   176.85    44.14   183.73     0.03     0.00    -0.01   0.020    6
   175.88    45.12   184.75     0.03     0.00    -0.01   0.021    7
   176.85    45.12   182.71     0.03     0.00    -0.01   0.020    8
   176.85    45.12   185.77     0.03     0.00    -0.01   0.021    9
   175.88    44.14   182.71     0.03     0.00    -0.01   0.020   10
   175.88    46.10   184.75     0.03     0.00    -0.01   0.021   11
   176.85    45.12   184.75     0.03     0.00    -0.01   0.020   12
   176.85    45.12   184.75     0.03     0.00    -0.01   0.021   13
   175.88    45.12   182.71     0.03     0.00    -0.01   0.020   14
   176.85    44.14   184.75     0.03     0.00    -0.01   0.021   15
   175.88    46.10   183.73     0.03     0.00    -0.01   0.020   16
   175.88    45.12   184.75     0.03     0.00    -0.01   0.021   17
   175.88    45.12   185.77     0.03     0.00    -0.01   0.020   18
   176.85    44.14   182.71     0.03     0.00    -0.01   0.021   19
   175.88    45.12   183.73     0.03     0.00    -0.01   0.020   20
   175.88    45.12   183.73     0.03     0.00    -0.01   0.021   21
   176.85    44.14   183.73     0.03    -0.00    -0.01   0.020   22
   175.88    45.12   185.77     0.03     0.00    -0.01   0.020   23
   176.85    44.14   183.73     0.03     0.00    -0.01   0.021   24
   174.90    45.12   183.73     0.03     0.00    -0.01   0.020   25
   175.88    45.12   184.75     0.03     0.00    -0.01   0.021   26
   176.85    44.14   184.75     0.03    -0.00    -0.01   0.020   27
   175.88    45.12   184.75     0.03     0.00    -0.01   0.021   28
   176.85    43.16   182.71     0.03     0.00    -0.01   0.020   29
   175.88    46.10   182.71     0.03     0.00    -0.01   0.021   30
   176.85    44.14   183.73     0.03     0.00    -0.01   0.020   31
   174.90    44.14   183.73     0.03     0.00    -0.01   0.021   32
   176.85    44.14   183.73     0.03     0.00    -0.01   0.020   33
   175.88    44.14   183.73     0.03     0.00    -0.01   0.021   34
   176.85    44.14   183.73     0.03     0.00    -0.01   0.020   35
   176.85    44.14   183.73     0.03     0.00    -0.01   0.021   36
   175.88    44.14   184.75     0.03     0.00    -0.01   0.020   37
   175.88    45.12   183.73     0.03     0.00    -0.01   0.021   38
   175.88    45.12   184.75     0.03     0.00    -0.01   0.020   39
   175.88    45.12   182.71     0.03     0.00    -0.01   0.021   40
   176.85    45.12   183.73     0.03     0.00    -0.01   0.020   41
   176.85    45.12   184.75     0.03     0.00    -0.00   0.021   42
   176.85    44.14   184.75     0.03     0.00    -0.01   0.020   43
   175.88    45.12   181.69     0.03     0.00    -0.01   0.021   44
   177.83    45.12   185.77     0.03     0.00    -0.01   0.020   45
   175.88    44.14   183.73     0.03     0.00    -0.01   0.021   46
   176.85    45.12   183.73     0.03     0.00    -0.01   0.020   47
   175.88    45.12   185.77     0.03     0.00    -0.01   0.020   48
   176.85    45.12   183.73     0.03     0.00    -0.01   0.021   49
   175.88    44.14   184.75     0.03     0.00    -0.01   0.020   50
   175.88    45.12   182.71     0.03     0.00    -0.01   0.021   51
   176.85    45.12   184.75     0.03     0.00    -0.01   0.020   52
   175.88    46.10   182.71     0.03     0.00    -0.01   0.021   53
   175.88    46.10   184.75     0.03     0.00    -0.01   0.020   54
   175.88    45.12   183.73     0.03     0.00    -0.01   0.021   55
   175.88    45.12   183.73     0.03     0.00    -0.01   0.020   56
   176.85    44.14   183.73     0.03     0.00    -0.01   0.021   57
   176.85    45.12   184.75     0.03     0.00    -0.01   0.020   58
   175.88    45.12   183.73     0.03     0.00    -0.01   0.021   59
   175.88    45.12   183.73     0.03     0.00    -0.01   0.020   60
   175.88    44.14   184.75     0.03     0.00    -0.01   0.021   61
   174.90    44.14   183.73     0.03     0.00    -0.01   0.020   62
   176.85    45.12   183.73     0.03     0.00    -0.01   0.021   63
   175.88    45.12   182.71     0.03     0.00    -0.01   0.020   64
   175.88    44.14   182.71     0.03     0.00    -0.01   0.021   65
   175.88    46.10   183.73     0.03     0.00    -0.01   0.020   66
   175.88    45.12   182.71     0.03     0.00    -0.01   0.021   67
   176.85    45.12   182.71     0.03     0.00    -0.01   0.020   68
   175.88    44.14   182.71     0.03     0.00    -0.01   0.021   69
   176.85    44.14   183.73     0.03     0.00    -0.01   0.020   70
   175.88    44.14   183.73     0.03     0.00    -0.01   0.021   71
   176.85    45.12   182.71     0.03     0.00    -0.01   0.020   72
   175.88    45.12   183.73     0.03     0.00    -0.01   0.020   73
   175.88    45.12   183.73     0.03     0.00    -0.01   0.021   74
   176.85    44.14   184.75     0.03     0.00    -0.01   0.020   75
   176.85    45.12   184.75     0.03     0.00    -0.01   0.021   76
   176.85    45.12   183.73     0.03     0.00    -0.01   0.020   77
   174.90    45.12   183.73     0.03     0.00    -0.01   0.021   78
   176.85    45.12   183.73     0.03     0.00    -0.01   0.020   79
   175.88    46.10   183.73     0.03     0.00    -0.01   0.021   80
   176.85    45.12   184.75     0.03     0.00    -0.01   0.020   81
   176.85    45.12   184.75     0.03     0.00    -0.01   0.021   82
   176.85    44.14   183.73     0.03     0.00    -0.01   0.020   83
   175.88    44.14   184.75     0.03     0.00    -0.01   0.021   84
   176.85    44.14   183.73     0.03     0.00    -0.01   0.020   85
   176.85    44.14   183.73     0.03     0.00    -0.01   0.021   86
   175.88    44.14   184.75     0.03     0.00    -0.01   0.020   87
   176.85    45.12   184.75     0.03     0.00    -0.01   0.021   88
   175.88    45.12   183.73     0.03     0.00    -0.01   0.020   89
   175.88    45.12   183.73     0.03     0.00    -0.01   0.021   90
   175.88    45.12   184.75     0.03     0.00    -0.01   0.020   91
   177.83    44.14   183.73     0.03     0.00    -0.01   0.021   92
   175.88    45.12   184.75     0.03     0.00    -0.01   0.020   93
   175.88    45.12   183.73     0.03     0.00    -0.01   0.021   94
   175.88    45.12   183.73     0.03     0.00    -0.01   0.020   95
   175.88    46.10   183.73     0.03     0.00    -0.01   0.021   96
   174.90    45.12   184.75     0.03     0.00    -0.01   0.020   97
   177.83    45.12   185.77     0.03     0.00    -0.01   0.020   98
   176.85    45.12   184.75     0.03     0.00    -0.01   0.021   99
   175.88    45.12   184.75     0.03     0.00    -0.01   0.020  100
   176.85    45.12   185.77     0.03     0.00    -0.01   0.021  101
   175.88    46.10   184.75     0.03     0.00    -0.01   0.020  102
   177.83    44.14   183.73     0.03     0.00    -0.01   0.021  103
   175.88    45.12   184.75     0.03     0.00    -0.01   0.020  104
   175.88    45.12   184.75     0.03     0.00    -0.01   0.021  105
   175.88    44.14   183.73     0.03     0.00    -0.01   0.020  106
   175.88    46.10   185.77     0.03     0.00    -0.01   0.021  107
   176.85    45.12   184.75     0.03     0.00    -0.01   0.020  108
   176.85    45.12   185.77     0.03    -0.00    -0.01   0.021  109
   176.85    45.12   184.75     0.03     0.00    -0.01   0.020  110
   175.88    44.14   185.77     0.03     0.00    -0.01   0.021  111
   176.85    45.12   183.73     0.03     0.00    -0.01   0.020  112
   174.90    45.12   184.75     0.03     0.00    -0.01   0.021  113
   176.85    44.14   184.75     0.03     0.00    -0.01   0.020  114
   175.88    45.12   184.75     0.03     0.00    -0.01   0.021  115
   176.85    45.12   185.77     0.03     0.00    -0.01   0.020  116
   174.90    46.10   185.77     0.03     0.00    -0.01   0.021  117
   176.85    44.14   184.75     0.03     0.00    -0.01   0.020  118
   175.88    45.12   184.75     0.03     0.00    -0.01   0.021  119
   176.85    46.10   184.75     0.03     0.00    -0.01   0.020  120
   176.85    45.12   184.75     0.03     0.00    -0.01   0.021  121
   176.85    44.14   183.73     0.03     0.00    -0.01   0.020  122
   176.85    44.14   183.73     0.03     0.00    -0.01   0.020  123
   175.88    44.14   184.75     0.03     0.00    -0.01   0.021  124
   176.85    44.14   184.75     0.03     0.00    -0.01   0.020  125
   176.85    44.14   184.75     0.03     0.00    -0.01   0.021  126
   174.90    45.12   184.75     0.03     0.00    -0.01   0.020  127
   175.88    46.10   184.75     0.03     0.00    -0.01   0.021  128
   175.88    45.12   183.73     0.03     0.00    -0.01   0.020  129
   175.88    44.14   183.73     0.03     0.00    -0.01   0.021  130
   175.88    45.12   184.75     0.03     0.00    -0.01   0.020  131
   175.88    44.14   183.73     0.03     0.00    -0.01   0.021  132
   176.85    45.12   184.75     0.03     0.00    -0.01   0.020  133
   175.88    46.10   183.73     0.03     0.00    -0.01   0.021  134
   176.85    45.12   184.75     0.03     0.00    -0.01   0.020  135
   175.88    44.14   185.77     0.03     0.00    -0.01   0.021  136
   176.85    45.12   184.75     0.03     0.00    -0.01   0.020  137
   175.88    45.12   185.77     0.03     0.00    -0.01   0.021  138
   175.88    44.14   183.73     0.03     0.00    -0.01   0.020  139
   175.88    45.12   183.73     0.03     0.00    -0.01   0.021  140
   175.88    45.12   183.73     0.03     0.00    -0.01   0.020  141
   176.85    45.12   185.77     0.03     0.00    -0.01   0.021  142
   176.85    44.14   184.75     0.03     0.00    -0.01   0.020  143
