     0.97     0.04   0.021  156     -0.1     -1.4
     0.97     0.04   0.020  157     -0.2     -1.4
     0.96     0.04   0.021  158     -0.0     -2.3
     0.97     0.04   0.020  159     -0.1     -2.2
     0.97     0.04   0.020  160     -0.1     -2.2
     0.97     0.04   0.021  161     -1.2     -0.2
     0.97     0.04   0.020  162     -0.1     -0.2
     0.97     0.04   0.021  163     -0.0     -1.3
     0.96     0.04   0.020  164     -0.1     -0.3
     0.97     0.04   0.021  165      0.9     -1.3
     0.96     0.04   0.020  166     -0.1     -1.4
     0.97     0.04   0.021  167     -1.1     -1.5
     0.97     0.04   0.020  168     -0.9     -2.4
     0.97     0.04   0.021  169      0.0     -1.3
     0.97     0.04   0.020  170     -0.0     -1.3
     0.97     0.04   0.021  171     -0.1     -0.3
     0.97     0.04   0.020  172     -0.1     -0.4
     0.98     0.05   0.021  173      0.9     -1.5
     0.97     0.05   0.020  174     -1.1     -0.6
     0.96     0.05   0.021  175     -1.7     -1.7
     0.97     0.05   0.020  176      2.3     -1.5
     0.98     0.06   0.021  177      0.2     -0.7
     0.97     0.06   0.020  178      1.5     -2.6
     0.96     0.07   0.021  179     -0.2     -4.6
     0.99     0.10   0.020  180      1.8     -3.6
     0.98     0.12   0.021  181      0.7     -1.9
     0.96     0.11   0.020  182     -0.2      0.9
     0.98     0.09   0.021  183      0.7      1.4
     0.97     0.08   0.020  184     -0.1      1.0
     0.97     0.07   0.020  185     -0.8     -0.3
     0.97     0.08   0.021  186     -1.4     -1.6
     0.99     0.13   0.020  187      5.6     -0.7
     0.96     0.11   0.021  188     -2.3     -0.2
     0.97     0.10   0.020  189      2.0      0.7
     0.97     0.16   0.021  190     -1.0     -5.9
     0.97     0.22   0.020  191     -5.5      3.6
     1.01     0.20   0.021  192    -12.2     18.5
     0.87     0.19   0.020  193    -29.6     28.8
     0.95     0.88   0.021  194    -54.4    -43.0
     1.15     1.27   0.020  195    -90.8    -25.7
     2.10     2.56   0.021  196    -34.4    153.5
     1.53     1.40   0.020  197   -147.8    100.7
     1.29     1.49   0.021  198   -226.2    -10.8
     1.56     1.49   0.020  199   -292.3     -3.7
     1.76     1.33   0.021  200   -365.1    -13.5
     1.86     0.84   0.020  201   -397.7    -29.4
     1.77     0.65   0.021  202   -373.6    -17.0
     1.50     1.54   0.020  203   -321.2      2.2
     1.43     2.02   0.021  204   -262.0     -4.6
     1.37     2.25   0.020  205   -175.4      8.5
     1.10     2.77   0.021  206    -92.1     23.9
     0.88     2.85   0.020  207    -42.6     10.0
     1.50     2.51   0.021  208     86.9      6.0
     1.62     3.13   0.020  209    173.8     25.9
     1.09     3.28   0.020  210    164.2     27.4
     1.19     2.75   0.021  211    200.4     -9.6
     1.47     2.36   0.020  212    285.5    -19.6
     1.29     2.22   0.021  213    307.1     -2.2
     1.40     1.66   0.020  214    345.9    -47.4
     1.60     1.62   0.021  215    398.9    -76.4
     1.55     1.28   0.020  216    394.9    -16.2
     1.52     0.65   0.021  217    372.2     31.8
     1.60     1.61   0.020  218    409.3      1.7
     1.30     0.72   0.021  219    297.9     77.3
     2.97     6.03   0.020  220   -666.6    -83.0
     2.84     9.89   0.021  221    345.2    268.4
     4.27     4.09   0.020  222     38.6   -661.8
     1.98     4.18   0.021  223     95.5   -179.3
     3.24     1.54   0.020  224    160.2    493.9
     1.17     1.09   0.021  225    -79.7    -89.0
     1.41     1.40   0.020  226    -42.1    -53.4
     1.13     0.65   0.021  227    -45.0    -14.5
     1.23     0.27   0.020  228      3.9    -54.5
     1.05     0.24   0.021  229    -16.3    -28.7
     1.01     0.33   0.020  230    -12.4    -19.9
     0.99     0.21   0.021  231    -26.4      1.7
     0.98     0.11   0.020  232    -22.1      7.6
     0.96     0.10   0.021  233    -20.1     -9.7
     0.97     0.09   0.020  234    -16.1     -2.2
     0.96     0.06   0.020  235    -14.2     -6.3
     0.93     0.04   0.021  236    -20.9    -11.3
     0.97     0.04   0.020  237    -15.0     -4.3
     0.98     0.12   0.021  238     -6.3     -9.7
     0.98     0.07   0.020  239     -6.1     -9.9
     0.95     0.10   0.021  240     -8.9    -17.4
     0.97     0.18   0.020  241     -6.5     -8.3
     0.97     0.22   0.021  242     -8.8      1.4
     0.97     0.22   0.020  243     -5.1      1.1
     1.00     0.22   0.021  244     -1.8     -0.8
     0.97     0.28   0.020  245     -9.7    -21.6
     0.97     0.39   0.021  246    -21.5     -0.5
     0.95     0.43   0.020  247    -40.3     13.7
     0.99     0.87   0.021  248   -109.1     40.3
     1.12     2.58   0.020  249   -111.8     28.9
     1.50     4.92   0.021  250    -67.4    -20.5
     2.29     7.87   0.020  251   -266.5    -98.4
     3.69     7.72   0.021  252   -484.6    175.2
     2.59     5.15   0.020  253   -552.3      1.5
     2.40     3.55   0.021  254   -560.0    -50.5
     2.14     2.22   0.021    0   -544.6    -10.9
     1.94     1.76   0.020    1   -482.4     69.9
     1.68     1.94   0.021    2   -412.4     61.7
     1.52     2.84   0.020    3   -351.9     12.6
     1.48     3.82   0.020    4   -292.8    -15.5
     1.47     4.50   0.021    5   -220.0    -57.0
     1.59     5.06   0.020    6   -140.8    -91.1
     1.66     5.34   0.021    7    -57.4   -137.1
     1.61     5.64   0.020    8     41.7   -180.5
     1.48     5.30   0.021    9    103.6   -174.9
     1.71     4.93   0.020   10    180.3    -94.5
     2.13     4.88   0.021   11    297.4     45.7
     1.83     4.80   0.020   12    340.7    166.1
     2.24     3.94   0.021   13    479.3    233.3
     2.66     4.01   0.020   14    646.7    148.6
     2.36     3.51   0.021   15    600.9      4.2
     2.75     2.58   0.020   16    677.5   -119.6
     2.65     0.86   0.021   17    551.4   -135.3
     2.23     1.47   0.020   18    374.3    -86.7
     1.85     2.76   0.021   19    450.4     53.9
     1.63     3.05   0.020   20    363.9    201.8
     2.26     3.26   0.021   21     75.1    381.7
     5.44    11.74   0.020   22   1253.8    126.3
     4.71     6.13   0.021   23    251.7   -950.9
     1.79     4.49   0.020   24    116.3    383.3
     2.75     3.20   0.021   25    206.7    205.9
     1.40     1.45   0.020   26     48.4    -79.8
     1.02     0.88   0.021   27     34.9     38.4
     1.32     1.19   0.020   28    -14.5    -48.6
     1.47     0.76   0.020   29     54.4    -74.6
     1.11     0.28   0.021   30     23.7    -23.9
     1.03     0.35   0.020   31     13.9    -22.7
     1.03     0.39   0.021   32     16.6    -22.9
     0.98     0.46   0.020   33      5.9     -8.1
     0.95     0.43   0.021   34     -2.0      2.8
     0.94     0.26   0.020   35      3.7      2.7
     0.93     0.13   0.021   36     -0.1      3.6
     0.94     0.07   0.020   37     -2.4     -1.9
     0.96     0.15   0.021   38      6.7    -13.4
     0.96     0.13   0.020   39      4.7     -6.4
     0.97     0.11   0.021   40      5.6     -5.3
     0.97     0.10   0.020   41      6.7    -11.0
     0.97     0.12   0.021   42      2.0     -7.3
     0.97     0.13   0.020   43      4.7     -2.5
     0.97     0.17   0.020   45      3.0     -4.9
     0.96     0.21   0.021   46      2.9     -9.9
     0.90     0.26   0.020   47    -24.1      9.3
     0.99     0.49   0.020   49    -18.3     -9.2
     0.98     1.10   0.021   50    -86.6     25.2
     1.50     7.37   0.021   52   -160.9     29.8
     3.11    10.56   0.020   53   -490.1   -107.4
     4.85    10.28   0.020   54   -500.9    174.5
     2.19     2.89   0.020   56   -546.4    -65.8
     1.88     2.41   0.021   57   -471.8     94.5
     1.75     2.06   0.020   58   -446.3     36.9
     1.84     2.16   0.021   59   -457.2     61.1
     1.46     2.62   0.020   60   -355.4     72.9
     1.32     3.56   0.021   61   -301.3      4.5
     1.27     5.03   0.021   63   -160.2    -47.2
     1.42     5.31   0.020   64    -86.1   -109.6
     1.69     5.50   0.021   65      7.4   -132.1
     1.38     5.78   0.020   66    127.4    -60.8
     1.75     5.40   0.021   67    170.4     12.3
     2.29     4.94   0.020   68    300.3    111.0
     2.88     5.07   0.021   69    516.7    190.9
     3.04     5.23   0.020   70    699.4    223.2
     2.74     5.34   0.021   71    684.5     78.8
     3.09     3.97   0.020   72    729.9    -72.6
     3.26     2.63   0.021   73    629.4   -126.6
     2.95     0.40   0.020   74    492.4    -77.5
     2.37     1.69   0.021   75    528.8     21.9
     4.20     5.05   0.021   77  -1015.3    -41.1
     5.17     7.92   0.020   78    946.7   -327.1
     3.02     2.24   0.021   80    282.2    529.1
     2.27     1.92   0.020   81    212.7    -69.5
     1.18     0.95   0.021   82    107.4     39.7
     1.15     0.45   0.021   84     58.9     -7.4
     1.17     0.17   0.020   85     77.4    -19.4
     1.03     0.39   0.021   86     49.8     -1.5
     0.99     0.46   0.020   87     40.2     10.2
     1.00     0.49   0.021   88     39.0     10.2
     0.96     0.46   0.020   89     22.8     16.1
     0.94     0.17   0.020   91     20.1     15.3
     0.93     0.17   0.021   92     14.9      6.6
     0.95     0.24   0.020   93     23.1      2.2
     0.96     0.26   0.021   94     21.2      7.0
     0.96     0.24   0.020   95     19.4      8.6
     0.98     0.22   0.021   96     21.9      3.9
     0.96     0.16   0.021   98     12.1      9.9
     0.95     0.15   0.020   99      6.5      6.9
     0.98     0.17   0.021  100     17.2     -2.8
     0.97     0.34   0.020  101      7.8     -8.3
     0.94     0.40   0.021  102     -5.0      8.6
     0.96     0.51   0.020  103     -7.8      6.7
     1.11     4.20   0.021  105   -204.3     13.5
     1.82     7.63   0.020  106   -104.6    118.9
     2.86    10.06   0.021  107   -512.7   -164.8
     2.94    10.10   0.020  108   -687.0     82.1
     2.29     3.98   0.021  109   -574.4    -29.7
     2.02     2.86   0.020  110   -499.7    128.6
     1.95     1.45   0.020  112   -497.4     16.7
     1.78     1.25   0.021  113   -436.5     76.1
     1.38     2.51   0.020  114   -338.1     12.7
     1.32     3.66   0.021  115   -280.4    -64.4
     1.43     4.53   0.020  116   -215.2    -73.4
     1.46     4.94   0.021  117   -125.9    -81.3
     1.57     5.95   0.021  119     36.3    -48.5
     1.59     6.02   0.020  120    131.9     12.0
     1.37     5.87   0.021  121    172.6     -2.5
     1.90     5.05   0.020  122    224.2     24.5
     2.88     4.93   0.021  123    460.1    160.4
     3.10     5.63   0.020  124    671.9    173.3
     3.04     3.43   0.020  126    719.7    -41.6
     3.31     1.98   0.021  127    667.9   -124.7
     3.28     1.06   0.020  128    613.5    -18.7
     2.72     1.97   0.020  129    581.7    -51.6
     1.75     5.40   0.021  130    381.5    -66.5
     2.00    10.35   0.020  131   -318.2    127.4
     2.53     3.95   0.020  133    277.0   -130.4
     2.81     2.25   0.021  134    239.2    359.7
     1.55     1.18   0.020  135     74.6   -159.0
     1.45     0.77   0.021  136     72.8    -59.6
     1.22     0.38   0.020  137     70.0    -21.2
     1.06     0.39   0.021  138     46.1    -13.1
     1.01     0.42   0.021  140     31.8     -8.1
     1.00     0.36   0.020  141     28.0     -7.2
     0.97     0.37   0.021  142     22.4     -8.1
     0.94     0.36   0.020  143     12.4     -6.2
     0.94     0.30   0.021  144      8.0      1.8
     0.94     0.24   0.020  145     11.1      5.8
     0.95     0.29   0.020  147     12.9    -10.7
     0.95     0.27   0.021  148     12.3     -9.0
     0.96     0.26   0.020  149     12.8     -0.6
     0.96     0.23   0.021  150     13.3     -0.7
     0.99     0.24   0.020  151     11.9      1.8
     0.97     0.21   0.021  152      6.9      0.9
     0.92     0.30   0.020  154    -10.3      3.3
     0.93     0.30   0.021  155    -12.5      3.8
     1.00     0.45   0.020  156    -14.3      3.4
     0.99     0.86   0.021  157    -83.7     21.6
     1.31     2.80   0.020  158   -164.1      6.0
     1.89     4.66   0.021  159   -107.1      5.0
     5.59    10.82   0.021  161   -366.1    257.6
     2.57     5.13   0.020  162   -629.5    -88.6
     2.30     3.12   0.021  163   -570.0     97.5
     2.07     2.22   0.020  164   -526.5     52.5
     2.01     1.40   0.021  165   -513.7     15.3
     1.92     1.39   0.020  166   -475.8     72.7
     1.50     3.74   0.020  168   -320.2    -27.8
     1.45     4.69   0.021  169   -242.2    -78.4
     1.49     5.08   0.020  170   -161.9   -111.5
     1.59     5.69   0.021  171    -72.9   -124.3
     1.61     6.01   0.020  172      8.7   -109.4
     1.64     5.94   0.021  173    105.7    -56.5
     2.30     5.38   0.021  175    268.4     66.5
     2.97     5.70   0.020  176    462.5    148.8
     3.38     5.94   0.021  177    714.1    159.1
     2.87     5.11   0.020  178    725.2    114.2
     3.02     3.50   0.020  179    692.7   -115.0
     3.70     3.41   0.021  180    743.5    -65.5
     2.86     3.64   0.021  182    634.9    100.2
     1.97     4.84   0.020  183    444.2    194.8
     1.88    10.37   0.021  184    331.4    261.4
     5.72     6.01   0.020  185    782.9   -570.9
     2.67     4.05   0.021  186    321.8    -42.6
     3.12     2.25   0.020  187    275.0    351.5
     1.26     0.31   0.020  189     84.4     -4.5
     1.37     0.09   0.021  190     77.1     -6.0
     1.16     0.27   0.020  191     51.9    -25.0
     1.03     0.38   0.021  192     29.1    -18.8
     0.99     0.38   0.020  193     28.2     -6.4
     1.01     0.52   0.021  194     32.6    -10.2
     0.94     0.59   0.021  196     10.9     12.1
     0.93     0.38   0.020  197      5.7     13.3
     0.93     0.15   0.021  198     11.3      4.5
     0.94     0.12   0.020  199     13.4     -5.9
     0.99     0.16   0.021  200     21.6     -4.7
     1.00     0.13   0.020  201     24.8    -10.1
     0.95     0.21   0.020  203      7.5      2.3
     0.94     0.13   0.020  204      6.7      3.8
     0.93     0.12   0.021  205     -2.5      5.5
     0.98     0.17   0.020  206     11.1    -12.4
     0.97     0.20   0.021  207      3.4    -11.5
     0.96     0.34   0.020  208     -3.1     -8.9
     0.97     1.25   0.020  210   -111.7      6.4
     1.39     2.58   0.021  211   -216.8    -30.2
     1.80     6.02   0.020  212   -161.4   -140.1
     3.20    10.59   0.021  213   -456.8   -244.1
     6.34     8.24   0.020  214   -398.2    447.0
     2.25     3.72   0.021  215   -542.5   -136.0
     2.35     1.39   0.021  217   -599.3     20.2
     2.29     1.40   0.020  218   -569.9   -136.2
     1.92     2.43   0.021  219   -485.1    -54.3
     1.56     3.59   0.020  220   -387.7    -32.2
     1.29     4.23   0.021  221   -308.0    -37.6
     1.17     4.39   0.020  222   -237.9    -10.0
     1.62     5.32   0.020  224    -50.8    -37.4
     1.50     6.05   0.021  225     64.8    -10.7
     1.13     5.52   0.020  226    108.2      0.5
     1.83     5.14   0.021  227    198.9     71.2
     2.95     5.63   0.020  228    405.7    283.5
     3.00     6.28   0.020  229    571.1    260.8
     3.19     4.70   0.020  231    799.4    -42.8
     3.48     3.49   0.021  232    686.2   -326.6
     4.02     2.62   0.020  233    661.4   -231.4
     3.40     2.64   0.021  234    485.5     72.4
     2.22     6.08   0.020  235    512.0   -130.8
     7.77    10.75   0.021  236   1678.6    509.8
     2.81     5.27   0.021  238    306.1    355.8
     1.57     2.32   0.020  239    180.3     12.7
     1.34     0.81   0.021  240     94.8     44.6
     1.00     0.97   0.020  241     18.4    -32.5
     1.41     0.67   0.021  242     44.9    -39.6
     1.18     0.31   0.020  243     37.4    -15.8
     1.05     0.21   0.020  245     33.5     -3.2
     1.01     0.29   0.021  246     26.4    -10.7
     0.97     0.34   0.020  247     16.1      4.1
     0.94     0.29   0.021  248      6.0     12.6
     0.94     0.12   0.020  249      6.5     14.1
     0.94     0.13   0.021  250      7.7      6.0
     0.97     0.21   0.021  252     14.5     -6.8
     0.98     0.18   0.020  253     16.2     -5.4
     0.97     0.13   0.020  254     11.4     -5.2
     0.98     0.14   0.021  255     10.0     -4.4
     0.96     0.18   0.020    0      9.2     -5.4
     0.95     0.20   0.021    1      4.3      1.1
     0.96     0.31   0.021    3      2.1     -9.0
     0.95     0.42   0.020    4     -3.7      1.0
     0.98     0.46   0.021    5     -9.9      4.4
     0.98     1.12   0.020    6    -67.1     18.6
     1.16     2.16   0.021    7   -167.8     54.6
     1.44     5.05   0.020    8   -186.3    -17.4
     4.01    10.34   0.020   10   -468.1    129.4
     3.15     3.76   0.021   11   -657.2     39.2
     2.30     2.34   0.020   12   -563.8     31.4
     2.08     1.75   0.021   13   -505.9    146.8
     1.74     1.41   0.020   14   -444.3      2.7
     1.74     1.87   0.021   15   -440.4    -53.3
     1.12     3.99   0.021   17   -265.3    -14.9
     1.01     4.28   0.020   18   -192.7    -58.9
     1.18     4.77   0.021   19   -121.3    -80.2
     1.20     5.28   0.020   20    -30.0    -57.3
     1.23     5.46   0.021   21     42.5    -26.0
     1.13     5.20   0.020   22    126.8    -18.9
     2.61     4.81   0.021   24    401.6    239.3
     2.48     5.12   0.020   25    544.9    161.4
     2.56     4.48   0.021   26    642.8    120.1
     3.01     3.69   0.020   27    770.5     -4.2
     2.98     3.42   0.021   28    716.4   -117.8
     3.04     2.24   0.020   29    605.9   -112.1
     2.14     2.18   0.020   31    494.8    -86.7
     1.96     5.61   0.021   32    488.9     75.2
     0.38     3.64   0.020   33     65.2    -60.9
     5.86     8.49   0.021   34    806.5   -429.0
     1.74     2.16   0.020   35    317.2    216.9
     2.21     0.80   0.021   36    230.3   -100.7
     1.07     0.41   0.021   38     73.0    -19.7
     1.00     0.40   0.020   39     72.5    -10.7
     1.02     0.35   0.021   40     55.2      6.0
     0.99     0.26   0.020   41     50.1     -8.2
     0.98     0.24   0.021   42     46.3     -2.8
     0.97     0.25   0.020   43     40.4      4.2
     0.97     0.16   0.020   45     33.0      4.8
     0.95     0.09   0.021   46     26.8      0.9
     0.94     0.06   0.020   47     23.2      1.4
     0.96     0.07   0.020   48     26.5     -8.5
     0.96     0.09   0.021   49     24.6    -11.0
     0.96     0.15   0.020   50     19.0     -3.5
     0.96     0.16   0.020   52     16.8      0.5
     0.94     0.16   0.021   53      9.1      1.6
     0.95     0.16   0.020   54     14.3     -7.7
     0.94     0.22   0.021   55      5.1     -3.0
     0.94     0.30   0.020   56      5.0      0.1
     0.95     0.35   0.021   57      5.5      4.0
     0.99     0.51   0.021   59     -9.7      3.7
     1.03     1.59   0.020   60   -100.4     18.2
     1.23     4.34   0.021   61   -209.8     31.5
     3.39    11.61   0.020   62   -400.1    -34.4
     2.52    16.17   0.021   63   -536.6    -45.9
     3.70     6.32   0.020   64   -719.5   -155.3
     2.06     3.71   0.020   66   -458.5    238.8
     1.64     2.50   0.021   67   -379.6    181.4
     1.42     1.49   0.020   68   -349.1    103.9
     1.29     2.26   0.021   69   -331.0     10.4
     1.33     2.79   0.020   70   -320.5    -43.8
     1.16     4.00   0.021   71   -225.6    -59.5
     0.85     5.26   0.020   73    -37.1    -54.6
     1.29     5.56   0.021   74     29.9    -94.1
     1.35     5.82   0.020   75    120.4    -36.7
     1.27     6.12   0.021   76    201.2     43.2
     1.24     5.93   0.020   77    230.1     55.5
     1.92     5.42   0.021   78    327.5     46.2
     3.54     6.37   0.021   80    858.0    189.0
     3.22     6.15   0.020   81    805.2     -2.2
     3.21     3.87   0.021   82    673.4   -253.5
     3.51     3.22   0.020   83    634.1   -334.8
     3.16     1.57   0.021   84    470.9    -53.8
     1.85     3.32   0.020   85    132.2     39.5
     4.54     5.25   0.020   87    725.8   -485.2
     3.45     2.86   0.021   88    539.4    270.6
     3.47     0.76   0.020   89    523.3   -125.2
     1.22     0.56   0.021   90    151.8     30.0
     1.08     0.50   0.020   91    115.1      0.7
     1.02     0.36   0.021   92     90.1      0.2
     0.97     0.35   0.021   94     75.8     -7.9
     0.99     0.45   0.020   95     69.0     -7.0
     0.97     0.48   0.021   96     60.0      2.7
     0.97     0.48   0.020   97     49.3      7.6
     0.95     0.36   0.020   98     37.5     18.8
     0.95     0.18   0.021   99     40.3     11.4
     0.97     0.06   0.021  101     33.2      8.0
     0.96     0.05   0.020  102     33.8      3.4
     0.95     0.05   0.021  103     25.7      3.2
     0.98     0.07   0.020  104     32.2     -6.8
     0.93     0.14   0.021  105     18.2     -4.3
     0.93     0.14   0.020  106     16.2      5.3
     0.93     0.10   0.020  108     10.9     -1.0
     0.95     0.19   0.021  109     10.2      0.4
     0.94     0.26   0.020  110     10.4     -2.1
     0.98     0.30   0.021  111     12.4      2.3
     0.99     0.35   0.020  112    -20.0    -10.5
     1.05     0.90   0.021  113   -115.2     17.1
     2.91     7.37   0.021  115   -360.5   -112.3
     2.42    13.79   0.020  116   -514.7    100.5
     6.64    14.82   0.021  117   -580.9     29.8
     2.84     4.41   0.020  118   -695.9    -50.8
     2.23     3.07   0.021  119   -544.0    132.3
     2.06     2.11   0.020  120   -494.6    175.3
     1.46     1.68   0.020  122   -367.6     62.6
     1.22     2.47   0.020  123   -312.4      5.0
     1.14     3.32   0.021  124   -279.1    -47.5
     1.15     4.15   0.020  125   -231.0    -49.6
     1.03     4.92   0.021  126   -136.6    -31.8
     0.97     5.08   0.020  127    -66.7    -43.6
     1.23     5.68   0.020  129    113.8     -3.5
     1.13     5.48   0.021  130    145.3     51.9
     1.47     4.96   0.020  131    202.4     83.8
     2.59     5.00   0.021  132    428.3    175.5
     3.35     5.99   0.020  133    723.5    187.7
     3.08     5.83   0.021  134    781.0    112.4
     3.83     2.86   0.021  136    859.8   -395.6
     3.72     3.28   0.020  137    616.2   -367.7
     3.06     2.08   0.021  138    564.2    -82.9
     1.06     4.93   0.020  139    -11.3    129.3
     4.15     9.67   0.021  140   -977.9    401.1
     5.51     3.85   0.020  141   1019.9   -189.2
     1.50     1.24   0.020  143     99.8   -104.2
     1.81     0.91   0.021  144    200.0    -14.5
     1.24     0.31   0.020  145    107.7    -11.8
     1.13     0.25   0.021  146     95.2    -24.7
     0.98     0.19   0.020  147     64.3    -16.9
     0.96     0.20   0.020  148     56.3    -12.2
     0.97     0.31   0.020  150     50.5      6.7
     0.96     0.20   0.021  151     40.3      5.6
     0.96     0.13   0.020  152     35.0      1.0
     0.95     0.09   0.021  153     30.9      1.9
     0.98     0.06   0.020  154     41.4     -4.1
     0.97     0.05   0.021  155     30.9     -5.2
     0.97     0.06   0.021  157     29.9      0.2
     0.97     0.04   0.020  158     29.0     -8.7
     0.97     0.07   0.021  159     23.4     -7.0
     0.95     0.12   0.020  160     15.6     -2.3
     0.94     0.11   0.021  161     15.3     -1.2
     0.94     0.11   0.020  162      6.1      1.6
     0.94     0.27   0.020  164      3.3     -5.8
     0.98     0.38   0.021  165      5.1     -5.2
     1.00     0.71   0.020  166    -39.9     -6.2
     1.13     2.44   0.021  167   -115.4     34.5
     1.64     4.12   0.020  168   -223.1    -26.1
     3.07     9.74   0.021  169   -428.9    -54.2
     3.44     5.29   0.021  171   -655.7     -8.2
     2.32     4.03   0.020  172   -555.7      1.1
     2.23     2.57   0.020  173   -516.7    191.2
     1.74     2.17   0.021  174   -434.8     98.8
     1.76     1.35   0.020  175   -446.5     56.9
     1.60     2.05   0.021  176   -402.5     27.8
     1.10     4.65   0.021  178   -234.7    -42.6
     0.77     5.01   0.020  179   -110.3    -28.9
     0.67     5.24   0.021  180    -31.7    -23.2
     0.81     5.22   0.020  181      8.3    -42.2
     0.97     5.33   0.021  182     64.8    -45.4
     0.80     5.10   0.020  183    116.8    -21.4
     1.72     5.30   0.020  185    287.4     83.5
     1.59     4.98   0.021  186    346.8     66.8
     2.00     4.29   0.020  187    474.4     93.2
     3.41     4.36   0.021  188    798.1     99.9
     2.97     4.20   0.020  189    759.0    -12.8
     2.92     3.34   0.021  190    625.3   -272.1
     3.26     6.57   0.021  192    716.0     64.3
     1.77     6.23   0.020  193     79.7     29.0
     5.48    11.57   0.021  194    538.3   -228.7
     3.47     4.04   0.020  195    348.9    115.7
     1.42     1.67   0.021  196    -26.7   -111.5
     2.28     1.46   0.020  197    114.4    -74.5
     1.05     0.35   0.021  199     12.6     -1.8
     0.99     0.36   0.020  200      7.4      3.2
     1.00     0.33   0.021  201      9.0     -9.0
     0.95     0.34   0.020  202      0.5     -5.7
     0.97     0.39   0.021  203     10.8     -3.6
     0.96     0.43   0.020  204     -0.7      8.0
     0.94     0.17   0.020  206     -7.3      9.4
     0.97     0.13   0.021  207      0.1      3.6
     0.96     0.14   0.020  208      0.7      2.3
     0.97     0.15   0.021  209      5.6     -7.5
     0.97     0.17   0.020  210      2.7     -2.2
     0.96     0.19   0.021  211      1.0     -0.5
     0.96     0.14   0.021  213      2.8     -1.2
     0.97     0.13   0.020  214      4.3      1.2
     0.93     0.13   0.021  215     -5.8      2.8
     0.91     0.22   0.020  216    -13.9      2.1
     0.94     0.41   0.021  217     -4.4     -7.5
     0.98     0.45   0.020  218      1.7     -3.9
     0.98     0.78   0.020  220    -66.5     16.3
     1.36     2.74   0.021  221   -106.8     34.5
     2.34     7.23   0.020  222   -276.7     81.9
     3.37    14.82   0.020  223   -683.0   -130.5
     3.12    10.27   0.021  224   -389.1    -15.7
     3.99     5.33   0.020  225   -766.9    116.3
     2.73     2.87   0.021  226   -655.0     25.6
     2.04     2.25   0.020  227   -492.5    146.4
     1.64     1.75   0.021  228   -401.2    123.7
     0.99     1.65   0.020  229   -248.7     25.1
     0.86     2.00   0.021  230   -220.1    -15.7
     0.87     2.85   0.020  231   -208.5    -38.6
     0.85     3.82   0.021  232   -153.7    -48.5
     0.67     4.91   0.020  233    -92.4    -78.9
     0.66     5.31   0.021  234    -44.2   -114.9
     1.09     5.39   0.020  235     15.0    -97.6
     1.27     5.64   0.021  236    120.9     -9.3
     0.96     6.25   0.020  237    147.3     53.3
     1.16     5.68   0.021  238    208.5     62.3
     1.93     5.36   0.020  239    322.2     84.0
     4.03     5.75   0.020  241    908.2    208.8
     3.83     5.92   0.021  242    977.9     52.4
     3.30     4.68   0.020  243    735.1   -225.3
     3.69     2.77   0.021  244    545.2   -409.1
     3.05     1.80   0.020  245    437.2   -131.2
     0.34     3.36   0.021  246     23.6     -4.9
     2.62     8.89   0.020  247   -320.2    327.5
     5.60     6.81   0.020  248    991.8   -224.9
     3.97     4.44   0.021  249    622.0     21.1
     1.21     2.07   0.020  250    141.8     93.2
     2.40     1.30   0.021  251    254.5     45.7
     1.30     0.34   0.020  252    127.3     -1.7
     1.05     0.42   0.021  253     66.5     11.4
     0.99     0.25   0.020  254     49.6      9.2
     0.99     0.21   0.021  255     57.4      4.1
     0.99     0.21   0.020    0     50.6     -4.7
     0.97     0.32   0.021    1     40.2      5.3
     0.97     0.36   0.020    2     40.6      1.5
     0.95     0.32   0.021    3     25.6     17.9
     0.94     0.16   0.020    4     23.6     22.7
     0.95     0.12   0.021    5     22.5      8.5
     0.94     0.12   0.020    6     21.1      4.6
     0.97     0.13   0.021    7     24.9      2.6
     0.96     0.12   0.020    8     23.3      4.0
     0.98     0.11   0.021    9     22.8      4.1
     0.97     0.11   0.020   10     22.6     -1.6
     0.97     0.13   0.021   11     16.5     -1.9
     0.94     0.12   0.020   12     10.1      8.2
     0.93     0.18   0.021   13      5.9     -4.9
     0.95     0.30   0.020   14      2.7      0.3
     0.95     0.39   0.021   15      2.5      8.8
     1.00     0.40   0.020   16      1.9     13.9
     0.98     0.50   0.020   17    -44.9     25.6
     1.09     1.32   0.021   18   -136.8     29.8
     3.28    10.61   0.021   20   -477.6    -47.1
     2.97    13.83   0.020   21   -453.9    -34.5
     3.36     8.74   0.021   22   -673.2     33.7
     2.36     3.57   0.020   23   -576.8     33.3
     2.20     2.71   0.021   24   -525.5    160.1
     1.68     1.74   0.020   25   -418.7    101.9
     1.43     1.35   0.021   26   -361.3     49.3
     1.35     1.27   0.020   27   -344.9     -1.8
     1.22     2.41   0.021   28   -306.1    -43.6
     1.01     3.60   0.020   29   -241.4    -56.7
     0.87     4.43   0.021   30   -175.4    -56.0
     0.84     4.74   0.020   31   -115.3    -75.2
     1.05     5.09   0.021   32    -67.8   -113.8
     1.45     5.26   0.020   33     15.3    -86.6
     1.57     5.81   0.021   34    157.5      8.5
     1.36     6.13   0.020   35    213.3     49.7
     1.40     5.86   0.021   36    239.3     81.2
     2.43     5.28   0.020   37    427.9    221.3
     3.96     5.95   0.021   38    842.5    247.2
     4.10     6.73   0.020   39   1029.6    149.9
     3.15     4.94   0.021   40    732.0   -113.0
     3.65     3.56   0.020   41    684.9   -362.4
     3.88     2.47   0.020   42    455.1   -295.6
     3.01     2.22   0.021   43    356.0    -47.0
     1.23     4.71   0.020   44    201.3    139.2
     4.77     9.34   0.021   45   1020.5    666.5
     5.30     5.32   0.020   46    789.5   -491.4
     4.51     3.29   0.021   47    749.7    368.5
     1.59     1.59   0.020   48    150.1   -212.7
     1.69     1.02   0.021   49    240.3     32.8
     1.51     0.37   0.020   50    193.1    -26.9
     1.03     0.37   0.021   51    102.7     10.1
     1.02     0.39   0.020   52     93.9     -1.1
     1.06     0.36   0.021   53     90.4     -5.3
     1.01     0.34   0.020   54     73.4    -10.0
     0.98     0.40   0.021   55     67.6      3.8
     0.95     0.45   0.020   56     53.4      5.6
     0.95     0.45   0.021   57     45.6     15.1
     0.96     0.31   0.020   58     44.3     19.6
     0.95     0.15   0.021   59     41.1      5.6
     0.96     0.10   0.020   60     37.0      2.5
     0.93     0.10   0.021   61     35.2     -8.1
     0.98     0.11   0.020   62     41.9      4.1
     0.98     0.09   0.021   63     35.2     -1.9
     0.96     0.11   0.020   64     27.2      1.1
     0.94     0.12   0.021   65     21.9      4.7
     0.95     0.15   0.020   66     16.6      6.5
     0.96     0.18   0.020   67     19.2     -2.3
     0.94     0.22   0.021   68     10.2      1.4
     0.98     0.33   0.020   69     15.5     -3.9
     0.97     0.37   0.021   70     13.5     -4.3
     0.97     0.53   0.020   71    -18.2      6.0
     1.01     0.89   0.021   72   -112.2     11.5
     1.55     2.98   0.020   73   -173.0     33.0
     3.23     7.66   0.021   74   -304.3   -153.4
     2.41    13.94   0.020   75   -533.2     12.9
     6.06     6.60   0.021   76   -433.8    257.8
     2.51     3.32   0.020   77   -587.1    -98.2
     2.35     3.21   0.021   78   -514.6    185.1
     1.89     2.22   0.020   79   -445.6    164.3
     1.64     1.40   0.021   80   -412.0     55.4
     1.40     1.83   0.020   81   -353.7     20.9
     1.14     2.93   0.021   82   -282.0    -17.7
     0.82     3.40   0.020   83   -192.9    -28.6
     0.71     4.02   0.021   84   -142.6    -32.9
     0.72     4.54   0.020   85    -90.5    -43.4
     0.80     4.89   0.021   86    -32.1    -28.2
     0.91     5.26   0.020   87     38.0     -0.4
     0.91     5.35   0.021   88     85.3     12.8
     0.96     5.27   0.020   89    133.9     19.1
     1.39     5.09   0.021   90    212.2     54.9
     1.69     5.14   0.020   91    284.5     74.4
     2.20     5.41   0.020   92    437.5    131.4
     3.21     5.56   0.021   93    729.2    177.1
     3.50     5.19   0.020   94    884.3     38.1
     3.15     3.45   0.021   95    627.3   -275.0
     3.02     1.78   0.020   96    502.0   -258.6
     2.49     2.54   0.021   97     67.3     62.0
     4.83     6.76   0.020   98  -1208.6    -79.0
     4.39     9.49   0.021   99   1025.5    326.4
     2.55     4.02   0.020  100    268.0   -287.2
     3.05     3.63   0.021  101    379.3    354.2
     1.69     2.62   0.020  102    141.1   -177.8
     1.68     1.33   0.021  103    168.0     22.2
     1.48     0.58   0.020  104    134.0    -13.7
     1.08     0.49   0.021  105     63.7     16.7
     1.03     0.28   0.020  106     61.4      2.4
     0.97     0.30   0.021  107     47.0     -6.1
     0.96     0.30   0.020  108     44.3      7.3
     0.96     0.33   0.021  109     35.0     10.2
     0.96     0.31   0.020  110     34.6      6.1
     0.95     0.22   0.021  111     26.9     24.3
     0.96     0.12   0.020  112     29.6      9.8
     0.96     0.11   0.021  113     26.8      4.8
     0.96     0.11   0.020  114     26.1      0.2
     0.96     0.12   0.021  115     23.3      0.8
     0.96     0.12   0.020  116     21.7      1.4
     0.97     0.10   0.020  117     23.4     -1.0
     0.96     0.09   0.021  118     15.9      1.0
     0.95     0.11   0.020  119     11.2     -2.3
     0.93     0.27   0.020  121      3.9      1.3
     0.94     0.36   0.021  122      6.8     -4.5
     0.96     0.39   0.020  123      8.5     -0.5
     0.99     0.38   0.021  124      7.9      3.3
     1.01     0.44   0.020  125     -7.0     -0.7
     1.05     1.50   0.021  126   -100.9      3.2
     1.17     4.30   0.020  127   -216.5     57.1
     3.00    10.75   0.021  128   -370.5    -58.5
     2.89    13.74   0.020  129   -633.5    -76.3
     5.87    11.03   0.021  130   -464.2   -111.8
     3.39     3.40   0.020  131   -775.3   -119.7
     2.35     3.12   0.021  132   -571.0     49.6
     2.08     2.57   0.020  133   -466.6    237.9
     1.27     1.79   0.020  135   -308.7     47.4
     1.26     2.54   0.021  136   -308.8    -24.9
     1.04     4.08   0.020  137   -228.0    -49.8
     0.86     4.96   0.021  138   -128.2    -78.6
     1.07     5.20   0.020  139    -65.7   -114.0
     1.26     5.67   0.021  140      9.8   -102.5
     1.07     6.06   0.020  141     76.2    -36.3
     1.20     5.82   0.020  142    153.5     28.0
     1.51     5.69   0.021  143    209.5     87.5
     1.80     5.65   0.020  144    292.8    154.8
     3.56     5.44   0.021  145    680.9    249.3
     4.09     6.26   0.020  146    982.6    219.0
     3.49     6.10   0.021  147    857.4    -57.6
     3.88     2.96   0.021  149    668.3   -278.1
     3.26     1.78   0.020  150    561.3    -36.2
     0.41     4.14   0.021  151     64.3    -32.1
     4.40    12.48   0.020  152    890.0    669.5
     4.15     6.94   0.021  153    474.4   -527.9
     4.55     1.59   0.020  154    880.8    279.3
     1.15     0.50   0.020  156     97.5    -15.1
     1.02     0.46   0.021  157     70.9     16.4
     0.97     0.36   0.020  158     56.2     11.0
     0.96     0.38   0.021  159     55.6      4.4
     1.02     0.38   0.020  160     57.0     -2.7
     0.99     0.40   0.021  161     48.1     -1.1
     0.98     0.48   0.021  163     37.5      8.0
     0.93     0.38   0.020  164     27.7     15.1
     0.93     0.28   0.021  165     18.8     13.3
     0.94     0.07   0.020  166     20.5     12.1
     0.95     0.03   0.020  167     21.1      4.9
     0.95     0.10   0.021  168     19.8     -0.5
     0.96     0.14   0.021  170     20.0      0.7
     0.96     0.15   0.020  171     16.0      1.1
     0.96     0.17   0.021  172     13.9      3.4
     0.94     0.15   0.020  173     10.0      3.2
     0.96     0.19   0.021  174     10.1      8.4
     0.93     0.24   0.020  175      2.4     -4.0
     0.94     0.41   0.020  177     -0.6      0.6
     0.95     0.48   0.021  178    -13.5     -0.5
     1.06     1.07   0.020  179   -139.5     20.6
     1.42     2.11   0.021  180   -133.7     85.2
     3.09     5.48   0.020  181   -313.9    -96.1
     2.50    12.67   0.021  182   -571.9      3.1
     2.37     3.71   0.021  184   -550.0    -27.6
     1.94     3.44   0.020  185   -458.3     93.8
     1.67     2.42   0.021  186   -409.4    103.8
     1.43     1.35   0.020  187   -362.8     45.2
     1.46     0.87   0.021  188   -366.5     12.2
     1.27     2.10   0.020  189   -314.2     -7.0
     0.97     3.53   0.020  191   -195.5    -65.4
     1.13     4.15   0.020  192   -136.6    -90.6
     1.07     4.99   0.021  193    -55.6    -82.9
     0.92     5.19   0.020  194      3.5    -63.1
     1.28     5.28   0.021  195     88.8    -61.0
     1.44     5.49   0.020  196    171.3    -21.0
     1.57     5.14   0.020  198    282.9    138.8
     3.09     5.69   0.021  199    605.9    229.6
     3.82     6.49   0.020  200    910.9    292.0
     3.70     6.21   0.021  201    918.3     72.6
     3.54     4.39   0.020  202    728.8   -170.4
     3.72     2.53   0.021  203    526.6   -442.0
     2.92     3.32   0.021  205    630.9    -80.1
     3.19    11.15   0.020  206    668.7    298.9
     5.68     3.86   0.021  207    882.6   -332.8
     3.56     1.84   0.020  208    652.1    278.3
     1.29     1.63   0.021  209    130.8    -63.7
     2.16     0.37   0.020  210    295.1    -32.0
     1.03     0.46   0.020  212    102.1     25.8
     1.01     0.35   0.021  213     94.0      8.4
     0.97     0.34   0.020  214     81.1      6.8
     0.98     0.41   0.021  215     72.0     11.8
     1.00     0.47   0.020  216     68.6     21.8
     0.94     0.48   0.020  217     47.4     29.4
     0.95     0.12   0.020  219     45.0     13.2
     0.93     0.09   0.021  220     35.3      7.2
     0.97     0.08   0.020  221     45.3      8.4
     0.96     0.07   0.021  222     37.8     12.5
     0.97     0.06   0.020  223     36.1      6.3
     0.98     0.05   0.021  224     34.6      0.4
     0.97     0.15   0.021  226     25.0      9.7
     0.96     0.15   0.020  227     19.7      5.6
     0.95     0.16   0.021  228     11.6      5.0
     0.93     0.22   0.020  229      8.6      2.6
     0.95     0.34   0.021  230      9.4      3.3
     0.95     0.47   0.020  231      6.6      5.5
     0.96     0.78   0.020  233    -39.7     12.5
     1.10     2.43   0.021  234   -172.5     -4.7
     2.27     6.14   0.020  235     10.3     -7.7
     2.59    11.26   0.021  236   -416.2    -98.5
     2.02    12.52   0.020  237   -454.4     30.1
     5.82     9.59   0.021  238   -590.6    187.3
     2.06     3.06   0.021  240   -492.6    101.9
     1.93     2.01   0.020  241   -447.8    196.9
     1.56     1.73   0.020  242   -380.2    115.1
     1.36     1.35   0.021  243   -343.5     48.0
     1.14     2.09   0.020  244   -291.8     12.5
     1.10     3.11   0.021  245   -262.9    -39.9
     0.96     4.39   0.021  247   -127.4    -74.2
     1.16     4.93   0.020  248    -58.3    -75.0
     1.19     5.30   0.021  249     27.9    -32.5
     1.05     5.24   0.020  250    106.4     47.0
     1.18     5.14   0.021  251    152.6     53.5
     1.82     5.47   0.020  252    250.5     42.0
     2.37     5.54   0.020  254    472.8    105.8
     3.62     6.07   0.021  255    852.9     94.1
     3.44     5.21   0.020    0    733.2    -38.2
     3.80     3.89   0.021    1    692.4   -427.8
     3.57     2.83   0.020    2    565.6   -220.8
     2.44     1.72   0.021    3    -19.6    -65.6
     4.89     8.41   0.021    5    941.4   -307.7
     3.56     5.29   0.020    6    738.8    151.1
     1.72     1.57   0.021    7    272.7     -6.0
     1.33     0.37   0.020    8    167.9    -13.7
     1.06     0.46   0.021    9    117.8     22.6
     0.97     0.32   0.020   10     91.0     11.7
     0.99     0.33   0.021   12     83.8      5.8
     1.00     0.37   0.020   13     80.4      8.8
     0.98     0.43   0.021   14     63.4     15.1
     0.95     0.39   0.020   15     51.9     14.5
     0.94     0.19   0.021   16     39.6     27.5
     0.96     0.10   0.020   17     46.3     14.8
     0.95     0.03   0.020   19     38.6      6.0
     0.97     0.06   0.021   20     34.3      8.4
     0.99     0.07   0.020   21     37.1      1.5
     0.98     0.05   0.021   22     34.1     -2.5
     0.96     0.08   0.020   23     29.8     -1.3
     0.96     0.12   0.021   24     21.1      5.3
     0.95     0.16   0.021   26     15.6      4.5
     0.95     0.18   0.020   27      5.5      3.0
     0.95     0.38   0.021   28     10.1     -4.0
     0.98     0.50   0.020   29     15.0     -4.6
     1.00     0.45   0.021   30     12.7      4.2
     0.99     0.68   0.020   31    -12.3      8.6
     1.31     3.63   0.020   33   -150.3     53.7
     2.64     9.61   0.021   34   -370.7     -7.8
     2.58    14.58   0.020   35   -579.7     -9.3
     5.80     6.56   0.020   36   -279.9     -2.5
     3.29     2.87   0.021   37   -637.0     -4.5
     1.79     2.71   0.020   38   -409.4     60.6
     1.07     1.85   0.020   40   -272.8    -15.0
     1.04     1.66   0.021   41   -257.8     -4.0
     0.90     2.00   0.020   42   -211.8     10.5
     0.75     2.85   0.021   43   -165.4      8.0
     0.69     3.36   0.020   44   -131.2     11.5
     0.92     3.63   0.021   45    -98.1     -8.1
     1.25     4.57   0.021   47     28.8    -43.8
     1.24     5.13   0.020   48     84.0    -48.2
     1.44     5.46   0.021   49    162.4    -44.2
     1.44     5.61   0.020   50    222.2      0.5
     1.51     5.47   0.021   51    267.4     77.6
     2.40     5.20   0.020   52    447.0    203.2
     4.04     5.63   0.020   54   1017.8    182.1
     3.47     5.35   0.021   55    783.5    -91.8
     3.49     3.36   0.020   56    488.0   -358.0
     3.58     1.69   0.021   57    287.8   -223.9
     2.84     1.13   0.020   58    400.4    -37.2
     1.41     4.46   0.021   59   -348.6     32.6
     4.07     5.26   0.020   61    633.6   -618.9
     2.69     2.04   0.021   62    539.9    279.1
     1.46     0.99   0.020   63    243.0      0.7
     1.51     0.72   0.021   64    224.5    -90.7
     1.08     0.33   0.020   65    142.1     -0.8
     1.03     0.25   0.021   66    129.4    -13.6
     0.99     0.29   0.021   68    100.6     -0.9
     0.98     0.32   0.020   69     95.3     -3.2
     0.99     0.35   0.021   70     86.3     -3.1
     0.97     0.30   0.020   71     66.5      8.2
     0.95     0.13   0.021   72     56.5     15.4
     0.96     0.09   0.020   73     56.0      6.9
     0.97     0.08   0.020   75     52.3     -5.7
     0.96     0.08   0.021   76     44.7     -5.2
     0.98     0.07   0.020   77     46.0     -0.2
     0.98     0.08   0.021   78     41.5     -1.5
     0.97     0.09   0.020   79     32.6     -0.6
     0.95     0.09   0.021   80     23.3      2.2
     0.98     0.18   0.021   82     20.7    -11.6
     0.95     0.25   0.020   83     13.6     -4.1
     0.96     0.39   0.021   84      9.3     -4.4
     0.98     0.57   0.020   85     -9.6     20.2
     1.10     1.05   0.020   86    -82.9      3.6
     1.54     3.26   0.021   87    -18.8     95.8
     2.33    12.48   0.021   89   -490.9     -2.0
     5.64    13.24   0.020   90   -379.7    215.8
     2.32     3.19   0.021   91   -550.3    -87.7
     1.58     3.02   0.020   92   -383.7     63.0
     1.64     2.58   0.021   93   -406.0     93.1
     1.66     1.65   0.020   94   -417.0     66.8
     1.31     2.26   0.020   96   -330.4      1.5
     1.10     3.39   0.021   97   -260.2    -61.1
     1.03     4.08   0.020   98   -201.2    -76.9
     1.03     4.39   0.021   99   -124.8    -82.7
     1.12     4.90   0.020  100    -65.1    -81.0
     1.25     5.23   0.021  101     19.6    -51.2
     1.41     5.66   0.021  103    161.1     63.4
     1.43     5.63   0.020  104    209.7     74.0
     1.79     5.34   0.021  105    281.0    107.5
     3.03     5.40   0.020  106    553.8    247.9
     3.48     6.13   0.021  107    796.8    276.6
     3.24     5.33   0.020  108    816.8     90.4
     3.65     2.81   0.020  110    602.9   -382.5
     3.61     0.93   0.020  111    431.8   -124.4
     2.87     3.65   0.021  112    538.1     -4.1
     0.95     8.67   0.020  113   -128.6    171.4
     3.81    11.23   0.021  114    852.1    463.9
     4.66     5.60   0.020  115    591.4   -634.0
     1.52     0.81   0.020  117    114.0   -201.4
     1.69     0.32   0.021  118    210.4    -36.9
     1.01     0.47   0.020  119     92.7      8.3
     0.99     0.33   0.021  120     85.1     -3.4
     0.99     0.36   0.020  121     71.1      5.7
     0.99     0.30   0.021  122     68.5     -0.5
     0.99     0.29   0.021  124     50.7     13.2
     0.97     0.26   0.020  125     47.9     19.3
     0.97     0.14   0.021  126     42.5      4.0
     0.96     0.11   0.020  127     35.9      2.1
     0.97     0.09   0.021  128     35.5      0.8
     0.98     0.08   0.020  129     35.0      4.3
     0.97     0.07   0.020  131     28.7     -2.0
     0.97     0.08   0.021  132     25.1     -3.2
     0.96     0.12   0.020  133     20.9     -3.4
     0.95     0.13   0.021  134     15.6      3.3
     0.94     0.13   0.020  135     11.2      2.6
     0.93     0.13   0.020  136      6.9      3.0
     0.95     0.34   0.020  138      7.5     -3.9
     0.98     0.40   0.021  139      9.6     -1.6
     1.01     0.45   0.020  140     -7.8    -11.0
     1.06     1.13   0.021  141    -92.6     11.1
     1.69     3.84   0.020  142    -86.4     98.0
     2.87     9.12   0.021  143   -306.1   -104.7
     5.70    13.74   0.021  145   -547.3    -52.9
     3.28     3.24   0.020  146   -754.3     23.0
     1.79     2.30   0.021  147   -451.8     50.6
     1.87     1.38   0.020  148   -459.1    128.4
     1.53     1.46   0.021  149   -389.1     23.5
     1.50     1.66   0.020  150   -381.7    -25.1
     1.10     3.62   0.020  152   -274.0    -28.8
     1.08     4.37   0.021  153   -221.5    -29.9
     0.95     4.84   0.020  154   -138.8     -3.5
     0.96     4.97   0.021  155    -73.3     21.0
     1.18     5.26   0.020  156    -12.4      2.9
     1.41     5.55   0.021  157     61.0    -33.9
     2.01     5.17   0.021  159    291.8    198.7
     2.39     5.29   0.020  160    429.6    221.4
     3.65     5.23   0.020  161    794.6    170.9
     3.63     5.35   0.021  162    920.6     71.8
     3.05     4.85   0.020  163    706.5   -130.1
     3.25     3.05   0.021  164    620.4   -277.5
     2.51     0.72   0.021  166    457.8    -22.5
     0.84     3.29   0.020  167    209.4     48.7
     2.02     7.15   0.021  168   -265.0    147.0
     5.38     6.34   0.020  169    857.4   -358.2
     5.57     5.12   0.021  170    762.5    268.0
     1.18     1.61   0.020  171     20.7   -144.6
     1.55     0.70   0.020  173    153.2    -17.9
     1.07     0.48   0.021  174     73.5     18.3
     1.06     0.51   0.020  175     68.0     -0.2
     1.03     0.45   0.021  176     53.1      2.2
     0.99     0.29   0.020  177     44.3      8.5
     1.01     0.29   0.021  178     44.1      6.6
     0.97     0.33   0.021  180     28.5     15.6
     0.96     0.19   0.020  181     26.9     19.4
     0.96     0.10   0.021  182     25.7      7.2
     0.96     0.10   0.020  183     24.2      3.3
     0.97     0.13   0.021  184     27.9     -0.7
     0.98     0.16   0.020  185     23.5      2.5
     0.96     0.16   0.021  187     15.6      4.8
     0.95     0.14   0.020  188     11.2      5.1
     0.95     0.12   0.021  189      7.9      2.2
     0.96     0.20   0.020  190      4.3     10.6
     0.94     0.29   0.021  191     -0.5      1.7
     1.00     0.36   0.020  192     18.3    -11.3
     1.00     0.79   0.020  194    -13.0     -5.2
     1.04     2.36   0.021  195    -99.5     17.4
     1.57     4.07   0.020  196   -230.8     -9.8
     2.40     9.26   0.021  197   -407.8    -86.3
     6.61    12.78   0.020  198   -310.4    153.9
     2.36     4.57   0.021  199   -545.6    -66.2
     1.80     2.86   0.021  201   -402.9    196.1
     1.39     1.81   0.020  202   -340.4    105.1
     1.47     1.20   0.021  203   -374.2     23.9
     1.33     1.23   0.020  204   -334.0    -42.0
     1.19     2.53   0.021  205   -282.6    -78.3
     0.99     3.10   0.020  206   -213.5    -76.1
     0.83     4.42   0.020  208    -93.7    -53.8
     1.05     4.72   0.021  209    -50.7    -42.4
     1.38     5.10   0.020  210     20.0    -12.9
     1.57     5.33   0.020  211    120.3     51.4
     1.28     5.82   0.021  212    169.9    114.9
     1.58     5.44   0.020  213    231.5    194.5
     3.06     6.04   0.020  215    644.9    246.1
     3.59     6.12   0.021  216    893.2    117.2
     3.09     5.80   0.020  217    743.0    -76.0
     3.18     3.40   0.021  218    596.1   -286.0
     3.36     2.61   0.020  219    511.9   -313.5
     2.94     1.31   0.021  220    417.9    -53.5
     0.47     8.54   0.021  222   -116.9     32.0
     4.86     5.34   0.020  223    918.9   -188.0
     2.46     3.73   0.021  224    410.9     91.2
     1.87     2.40   0.020  225    305.8     22.4
     1.79     0.97   0.021  226    223.7     98.5
     1.33     0.44   0.020  227    163.7    -11.9
     1.04     0.48   0.021  228     92.8     37.0
     1.01     0.37   0.020  229     94.6     23.6
     1.04     0.35   0.021  230     83.7     20.1
     0.99     0.35   0.020  231     67.3     23.4
     0.99     0.34   0.021  232     65.8     23.7
     0.99     0.34   0.020  233     59.7     20.1
     0.98     0.31   0.021  234     49.3     23.5
     0.96     0.15   0.020  236     37.6     23.1
     0.96     0.13   0.021  237     39.1     15.5
     0.97     0.14   0.020  238     34.8      9.5
     0.97     0.16   0.021  239     31.3      9.8
     0.95     0.18   0.020  240     25.9      0.3
     0.96     0.17   0.021  241     20.6      2.3
     0.94     0.16   0.021  243     15.2     -2.3
     0.95     0.25   0.020  244      7.5      4.7
     0.94     0.34   0.021  245      1.8     11.1
     0.99     0.40   0.020  246     13.9     12.7
     0.99     0.47   0.021  247     -0.5      8.6
     1.00     0.80   0.020  248    -50.0     29.3
     1.10     1.91   0.021  249   -135.5     62.4
     2.40     5.90   0.020  250   -406.0    -25.6
     3.04    13.32   0.021  251   -573.4    -38.8
     6.34    14.63   0.020  252   -300.1    125.4
     2.51     4.37   0.021  253   -579.1    -85.6
     1.88     3.16   0.020  254   -443.9    107.9
     1.74     1.88   0.021  255   -395.6    189.7
     1.47     0.76   0.021    1   -365.7     52.7
     1.18     1.83   0.020    2   -297.6      2.7
     0.99     2.80   0.021    3   -234.4    -59.5
     0.92     3.46   0.020    4   -188.3    -66.0
     0.95     3.89   0.020    5   -154.8    -41.8
     1.08     4.08   0.021    6    -99.8    -40.6
     1.39     5.02   0.021    8     42.9    -43.9
     1.38     5.52   0.020    9    124.0     -7.0
     1.19     5.50   0.021   10    160.4      9.4
     1.42     5.31   0.020   11    194.6     24.4
     2.25     5.31   0.021   12    369.4    154.5
     3.03     6.02   0.020   13    616.5    254.6
     3.13     4.22   0.020   15    728.8    -79.0
     3.43     2.64   0.021   16    621.5   -276.6
     3.55     2.45   0.020   17    610.5   -289.8
     3.19     1.46   0.021   18    553.6      8.3
     1.00     4.31   0.020   19     36.7   -157.7
     5.33    10.64   0.021   20  -1357.7     25.1
     2.51     5.92   0.020   21    303.2   -258.0
     3.06     4.01   0.021   22    415.7    439.2
     1.84     2.28   0.020   23    197.2   -103.5
     1.72     0.70   0.021   24    206.6     54.8
     1.08     0.39   0.020   25     83.7     19.6
     1.18     0.14   0.021   26     94.6     12.5
     1.11     0.24   0.020   27     73.6      8.9
     1.03     0.42   0.021   28     58.4     20.7
     1.05     0.43   0.020   29     67.0     18.6
     1.00     0.55   0.020   30     50.2     19.1
     0.96     0.49   0.021   31     35.8     23.8
     0.96     0.40   0.020   32     33.5     27.8
     0.96     0.23   0.021   33     34.6     19.1
     0.95     0.15   0.020   34     26.8     17.9
     0.95     0.07   0.021   35     25.0     15.2
     0.95     0.08   0.020   36     26.4     10.9
     0.97     0.08   0.021   37     28.6      4.9
     0.98     0.02   0.020   38     24.9      1.4
     0.99     0.07   0.021   39     22.5     -0.0
     0.96     0.15   0.020   40     21.5      2.7
     0.94     0.17   0.021   41     12.7      4.2
     0.94     0.17   0.020   42      4.7     12.3
     0.97     0.25   0.021   43      6.9      3.5
     0.94     0.28   0.020   44     -1.7      1.4
     0.96     0.39   0.021   45     -0.6      0.4
     0.97     0.53   0.020   46     -1.1     -1.4
     1.00     0.70   0.021   47    -26.1     10.6
     1.09     1.74   0.020   48   -108.0      8.6
     1.34     4.94   0.021   49   -251.8     -0.3
     2.97    11.94   0.020   50   -543.7     28.9
     2.20    13.39   0.021   51   -456.3   -150.4
     5.38     7.58   0.020   52   -522.1    426.2
     2.48     3.10   0.021   53   -600.5    -12.4
     2.06     2.28   0.020   54   -509.4     47.6
     1.96     1.25   0.020   55   -493.0     84.1
     1.70     1.11   0.021   56   -433.2     45.5
     1.52     1.62   0.020   57   -388.3     26.3
     1.26     2.78   0.021   58   -323.0      9.2
     1.14     3.67   0.020   59   -281.7    -42.7
     1.00     4.55   0.021   60   -169.6    -46.9
     0.96     5.16   0.020   61    -84.9    -51.9
     1.02     5.38   0.021   62    -25.2    -49.2
     1.27     5.57   0.020   63     39.8     13.7
     1.42     5.64   0.021   64    121.9     62.4
     1.67     5.81   0.020   65    193.5     95.4
     2.15     5.93   0.021   66    315.6    163.4
     2.93     5.96   0.020   67    523.7    302.3
     3.68     6.21   0.021   68    845.3    302.1
     3.48     6.39   0.020   69    877.7     71.9
     3.61     4.56   0.021   70    802.8   -314.6
     3.95     3.62   0.020   71    636.6   -432.5
     3.52     2.75   0.021   72    457.1    -60.8
     0.73     2.36   0.020   73     37.8    108.0
     6.16     4.86   0.021   74  -1540.6    310.9
     6.04    10.15   0.020   75   1343.7   -236.7
     3.96     4.74   0.021   76    518.1   -542.5
     3.52     3.62   0.020   77    498.4    448.1
     1.67     1.96   0.021   78    166.1   -144.4
     1.32     1.41   0.020   79    126.2    -75.1
     1.15     0.69   0.020   80    113.1     -3.3
     1.33     0.49   0.021   81    132.3    -59.7
     1.07     0.40   0.020   82     80.7    -16.8
     1.02     0.29   0.021   83     68.2    -13.9
     1.01     0.24   0.020   84     63.3    -10.5
     1.01     0.27   0.021   85     61.7    -14.0
     0.97     0.25   0.020   86     43.9     -0.8
     0.96     0.12   0.021   87     35.8      8.1
     0.97     0.08   0.020   88     37.0      2.0
     0.96     0.07   0.021   89     33.2     -3.1
     0.95     0.10   0.020   90     29.8     -3.8
     0.99     0.11   0.021   91     36.2    -11.2
     0.98     0.14   0.020   92     27.7     -6.6
     0.98     0.15   0.021   93     25.0     -5.7
     0.97     0.17   0.020   94     22.6     -4.7
     0.95     0.19   0.021   95     17.4      0.1
     0.95     0.22   0.020   96     14.8     -0.7
     0.97     0.32   0.021   97     11.2     -2.4
     0.97     0.35   0.020   98      8.8     -1.4
     1.00     0.35   0.021   99     -9.6     -0.8
     1.00     0.61   0.020  100    -55.0     24.2
     1.13     1.73   0.021  101   -180.3     13.4
     2.01     5.03   0.020  102    -21.9     52.7
     3.03     7.06   0.021  103   -590.2     10.3
     3.60    13.97   0.020  104   -109.8     89.7
     3.09     6.34   0.020  105   -539.6     66.7
     1.93     3.29   0.021  106   -432.2    -93.3
     1.90     2.64   0.020  107   -437.9     54.9
     1.50     2.00   0.021  108   -376.9     23.4
     1.57     1.52   0.020  109   -392.1      6.6
     1.15     1.48   0.021  110   -293.2     28.8
     0.96     2.28   0.020  111   -244.1     -0.1
     0.86     3.01   0.021  112   -205.5    -32.7
     0.87     3.33   0.020  113   -178.8    -50.5
     0.97     3.95   0.021  114   -133.5    -65.2
     0.83     4.70   0.020  115    -73.3    -60.9
     0.81     4.93   0.021  116    -32.5    -81.0
     1.13     4.80   0.020  117     38.4    -82.3
     1.52     4.96   0.021  118    160.2    -27.6
     1.27     5.57   0.020  119    197.4     14.2
     1.60     5.43   0.021  120    268.6     97.0
     2.32     5.42   0.020  121    425.1    233.8
     3.79     5.91   0.021  122    822.3    283.6
     4.06     6.37   0.020  123   1019.6    196.2
     3.24     5.11   0.021  124    656.1    -32.4
     3.47     2.61   0.020  125    538.5   -341.2
     3.36     2.66   0.021  126    394.9   -175.2
     2.92     5.61   0.020  127    385.0     83.3
     0.60     4.61   0.021  128   -134.2     74.9
     4.45    10.20   0.020  129   1111.0    232.7
     4.93     5.37   0.020  130    775.8   -526.1
     4.00     2.08   0.021  131    658.1    510.1
     1.98     0.84   0.020  132    250.9   -219.3
     1.89     0.18   0.021  133    295.6    -41.1
     1.11     0.44   0.020  134    149.4     25.6
     1.05     0.32   0.021  135    115.2     12.8
     1.05     0.30   0.020  136    117.6      2.2
     1.00     0.27   0.021  137     94.7      4.7
     0.98     0.29   0.020  138     86.2      2.5
     0.97     0.32   0.021  139     72.1     10.6
     0.98     0.31   0.020  140     57.5     10.9
     0.96     0.19   0.021  141     54.8     16.4
     0.97     0.10   0.020  142     54.9      5.0
     0.96     0.10   0.021  143     45.5      3.1
     0.98     0.11   0.020  144     51.2     -3.1
     0.99     0.12   0.021  145     43.2     -0.6
     0.98     0.13   0.020  146     40.6      1.1
     0.97     0.14   0.021  147     32.3      1.3
     0.96     0.13   0.020  148     28.2      0.6
     0.95     0.13   0.021  149     26.3     -1.7
     0.95     0.19   0.020  150     10.8      3.6
     0.96     0.29   0.021  151     18.5     -5.2
     0.96     0.37   0.020  152     12.3      1.7
     1.01     0.40   0.021  153     15.5      4.9
     1.00     0.47   0.020  154    -32.9     -2.7
     1.09     1.43   0.020  155   -122.2     33.7
     1.63     4.15   0.021  156   -167.6    124.7
     3.27     9.87   0.020  157   -328.4    -97.4
     2.15    14.57   0.021  158   -481.2    -55.6
     4.99     9.92   0.020  159   -533.6    285.0
     2.37     3.53   0.021  160   -565.7    -34.0
     2.04     2.71   0.020  161   -500.6     19.9
     1.69     1.64   0.021  162   -426.3     62.1
     1.43     1.29   0.020  163   -366.1     15.5
     1.28     1.47   0.021  164   -327.1     -7.0
     1.07     2.59   0.020  165   -270.2    -19.3
     0.98     3.56   0.021  166   -221.0    -27.5
     0.86     4.28   0.020  167   -150.8     -7.8
     0.84     4.63   0.021  168    -87.5     -3.8
     0.92     4.77   0.020  169    -28.3    -44.7
     1.09     5.01   0.021  170     30.1    -82.7
     1.18     5.26   0.020  171     86.3    -67.5
     1.22     5.30   0.021  172    132.5    -14.3
     1.31     5.29   0.020  173    184.3      4.8
     1.39     5.23   0.021  174    222.8     16.1
     1.86     5.15   0.020  175    312.7    108.9
     3.09     5.65   0.021  176    584.3    214.6
     3.12     6.22   0.020  177    777.1    166.5
     3.03     4.59   0.021  178    666.8   -127.0
     3.52     3.60   0.020  179    572.8   -334.2
     3.24     3.27   0.020  180    385.0    -88.2
     0.38     2.01   0.021  181    -62.2    -72.6
     2.39     5.30   0.020  182   -591.0     84.3
     4.28    10.09   0.021  183   1034.0    337.8
     3.54     6.14   0.020  184    448.8   -507.3
     2.85     5.07   0.021  185    361.6    261.8
     1.51     2.37   0.020  186    265.0     36.9
     1.61     1.09   0.021  187    177.5    107.8
     1.53     1.40   0.020  188    128.3    -71.0
     1.46     0.76   0.021  189    114.5    -52.0
     1.06     0.27   0.020  190     70.6      2.2
     1.05     0.22   0.021  191     75.9     -2.9
     0.97     0.33   0.021  193     46.7     12.0
     0.97     0.30   0.020  194     46.5      4.1
     0.95     0.31   0.021  195     31.1      8.5
     0.95     0.22   0.020  196     32.3     18.6
     0.96     0.15   0.021  197     28.5     12.3
     0.97     0.20   0.020  198     29.7      2.6
     0.98     0.25   0.020  200     27.5      5.3
     0.98     0.22   0.021  201     27.2      3.9
     0.98     0.14   0.020  202     23.7      4.9
     0.98     0.12   0.021  203     17.3      2.8
     0.98     0.09   0.020  204     16.4      5.3
     0.94     0.11   0.020  205      7.3      3.2
     0.94     0.23   0.021  206      4.7      0.4
     0.96     0.34   0.020  207      9.0     -3.8
     0.98     0.43   0.021  208      5.4      0.3
     0.99     0.86   0.020  209    -15.0      4.6
     1.03     1.63   0.021  210   -121.0      7.1
     1.50     4.60   0.020  211   -125.4     99.3
     2.80    10.94   0.021  212   -424.9    -56.8
     7.69     4.62   0.021  214   -607.3    267.1
     1.93     3.29   0.020  215   -434.8     60.0
     1.70     3.14   0.021  216   -382.0    176.6
     1.45     2.23   0.020  217   -364.0     74.5
     1.52     1.03   0.021  218   -386.6     28.4
     1.27     1.51   0.020  219   -326.3     -0.8
     1.10     2.20   0.021  220   -277.8    -30.6
     1.05     3.32   0.020  221   -243.8    -57.6
     1.07     4.24   0.021  222   -169.5    -59.3
     1.00     5.18   0.020  223    -80.2    -48.8
     1.02     5.74   0.021  224      7.9    -55.5
     1.15     5.91   0.020  225     69.8    -50.9
     1.34     6.05   0.021  226    147.9     -9.2
     1.31     5.95   0.021  228    233.6    121.0
     2.42     5.22   0.020  229    435.9    250.6
     3.61     5.50   0.020  230    770.7    378.8
     3.84     6.13   0.021  231    936.7    301.9
     3.29     5.38   0.020  232    781.4    -98.0
     3.47     3.01   0.021  233    597.0   -458.9
     2.74     2.17   0.021  235    406.8    -55.6
     1.89     3.61   0.020  236    -13.5    219.1
     6.58     9.10   0.021  237  -1621.5   -112.1
     6.36     5.84   0.020  238   1228.1   -406.8
     2.74     4.57   0.021  239    433.7     19.5
     3.58     2.46   0.020  240    550.3    492.7
     1.14     1.30   0.020  242    114.0     24.4
     1.33     0.54   0.021  243    180.1    -27.9
     1.10     0.37   0.020  244     92.9      8.7
     1.07     0.44   0.021  245    100.1     15.5
     1.02     0.28   0.020  246     85.9     17.6
     1.01     0.30   0.021  247     77.8     14.6
     0.98     0.12   0.021  249     58.4     25.3
     0.98     0.11   0.020  250     55.3     17.6
     0.96     0.10   0.021  251     44.1     12.6
     0.96     0.12   0.020  252     42.1      5.1
     0.97     0.18   0.021  253     38.3      3.7
     0.95     0.20   0.020  254     34.5      4.6
     0.98     0.17   0.021    0     31.8      9.6
     0.96     0.17   0.020    1     23.6      5.2
     0.95     0.18   0.021    2     20.1      5.1
     0.97     0.28   0.020    3     23.2     -4.6
     0.97     0.39   0.021    4     10.8      8.1
     1.00     0.43   0.020    5      8.1     14.1
     1.38     1.67   0.020    7   -234.2     -0.3
     1.89     4.68   0.021    8   -219.8     26.2
     2.63     7.82   0.020    9   -271.1     66.2
     2.14    13.18   0.021   10   -316.4    -18.2
     3.41     7.61   0.020   11   -518.5     88.3
     2.09     3.44   0.021   12   -474.7     66.3
     1.62     1.47   0.021   14   -410.2     17.2
     1.72     0.86   0.020   15   -432.2     12.2
     1.34     1.39   0.021   16   -342.2     15.2
     1.15     2.48   0.020   17   -289.5    -23.6
     0.99     3.41   0.021   18   -229.9    -47.7
     0.99     4.19   0.020   19   -183.4    -52.1
     0.99     5.15   0.020   21    -41.3     -4.5
     1.01     5.59   0.021   22     29.0     -7.4
     1.22     5.74   0.020   23     91.0    -19.8
     1.41     6.00   0.020   24    174.2     -2.4
     1.34     6.00   0.021   25    217.8     38.0
     1.99     5.44   0.020   26    314.9    132.2
     3.71     6.78   0.020   28    872.5    223.1
     3.54     5.70   0.021   29    881.4    114.5
     3.19     4.28   0.020   30    626.7   -158.1
     3.86     3.89   0.021   31    525.6   -423.7
     3.73     1.33   0.020   32    394.3    -75.5
     2.57     3.64   0.021   33    416.3     56.5
     4.94     9.52   0.021   35   1148.9    483.2
     3.87     5.78   0.020   36    510.3   -539.7
     2.26     3.74   0.021   37    367.8    224.3
     1.74     1.62   0.020   38    219.9    -48.2
     1.24     1.10   0.021   39    106.7    -66.8
     1.54     0.76   0.020   40    123.9    -50.8
     1.10     0.33   0.020   42     95.8     -4.0
     1.03     0.37   0.021   43     71.8     -2.0
     1.00     0.36   0.020   44     63.4      4.1
     0.99     0.37   0.021   45     54.9     15.3
     0.97     0.28   0.020   46     48.9     22.8
     0.96     0.14   0.021   47     41.4      8.6
     0.97     0.12   0.020   49     38.1      0.4
     0.97     0.15   0.021   50     34.4      1.7
     0.97     0.19   0.020   51     31.3      4.6
     0.98     0.14   0.021   52     30.2      0.4
     0.98     0.17   0.020   53     27.4      5.6
     0.97     0.16   0.021   54     19.8      2.6
     0.97     0.20   0.021   56     15.1      0.9
     0.97     0.26   0.020   57     16.5     -3.4
     0.98     0.39   0.021   58     13.8     -2.9
     0.99     0.41   0.020   59      2.8      8.8
     1.00     0.45   0.021   60    -28.8      4.2
     1.04     1.47   0.020   61   -103.9     29.0
     2.67     9.58   0.020   63   -280.9    -42.4
     2.86    14.63   0.021   64   -605.1    -38.7
     6.50    11.61   0.020   65   -487.8     73.3
     2.97     3.69   0.021   66   -689.7   -111.2
     1.98     2.84   0.020   67   -483.7     66.6
     1.69     1.47   0.021   68   -395.9    165.4
     1.41     1.40   0.021   70   -346.6     93.2
     1.18     2.60   0.020   71   -297.3    -22.7
     1.17     3.47   0.021   72   -263.1    -76.6
     0.99     4.38   0.020   73   -183.7    -68.1
     0.88     4.97   0.020   74   -114.6    -61.9
     0.98     5.22   0.021   75    -19.0    -43.5
     1.13     5.93   0.021   77    109.9     -5.3
     1.13     6.16   0.020   78    136.6     -6.6
     1.30     5.95   0.021   79    149.5      5.0
     2.73     5.56   0.020   80    364.3    155.6
     3.69     5.87   0.021   81    656.1    283.6
     3.73     6.99   0.020   82    873.2    289.1
     3.82     3.59   0.020   84    755.9   -381.2
     4.15     4.22   0.021   85    594.0   -245.4
     3.47     2.03   0.020   86    453.0    136.8
     3.90     4.42   0.021   87    511.9    -22.3
     5.28     9.51   0.020   88   -981.0    241.9
     5.87     6.70   0.021   89   1013.8   -595.6
     2.24     4.00   0.021   91    257.4    363.3
     2.99     2.20   0.020   92    359.6     74.5
     1.49     1.08   0.021   93    146.4    -67.7
     1.36     1.04   0.020   94     99.3    -10.6
     1.28     0.22   0.021   95    133.8    -15.1
     1.20     0.18   0.020   96    116.3    -13.8
     1.01     0.43   0.020   98     60.2      6.1
     0.99     0.29   0.020   99     44.5     22.5
     0.96     0.12   0.021  100     40.8     17.6
     0.98     0.10   0.020  101     38.9      4.5
     0.96     0.12   0.021  102     36.0     -0.1
     0.96     0.27   0.020  103     32.1     -1.2
     0.98     0.28   0.020  105     28.7      7.3
     0.98     0.26   0.021  106     31.0     -2.0
     0.99     0.24   0.020  107     31.5      2.2
     0.98     0.25   0.021  108     23.1      2.4
     0.95     0.29   0.020  109     17.8      1.9
     0.96     0.34   0.021  110      9.7      2.7
     0.98     0.44   0.021  112      7.7     -0.2
     1.03     0.51   0.020  113    -29.2     -5.3
     1.16     1.30   0.021  114   -191.5     20.5
     1.21     3.56   0.020  115   -195.8     35.8
     3.23     5.36   0.021  116   -303.8     43.5
     2.45    12.26   0.020  117   -474.3    -86.5
     2.31     3.66   0.020  119   -511.5    -20.8
     2.25     2.97   0.021  120   -515.5     33.9
     1.75     2.27   0.020  121   -433.2     68.8
     1.56     1.06   0.021  122   -398.1     35.1
     1.32     0.95   0.020  123   -338.3      2.1
     1.14     2.16   0.020  124   -286.6    -48.1
     1.01     3.49   0.020  126   -219.3    -69.0
     1.12     4.24   0.021  127   -152.9    -57.2
     0.97     5.23   0.020  128    -65.7    -61.3
     0.98     5.74   0.021  129     11.2    -65.9
     1.12     5.85   0.020  130     78.4    -24.2
     1.33     5.91   0.021  131    179.5     27.0
     1.71     6.12   0.021  133    296.0     91.1
     3.12     6.14   0.020  134    584.3    307.0
     3.98     7.49   0.021  135    909.3    347.3
     3.86     7.54   0.020  136    941.2    216.1
     3.58     5.40   0.021  137    682.7    -73.7
     4.11     3.63   0.020  138    488.2   -519.4
     2.31     4.03   0.020  140    270.2     -6.7
     3.89     4.97   0.021  141   -833.9   -101.5
     6.44    10.67   0.020  142   1541.7    517.2
     3.41     5.88   0.021  143    612.7   -426.0
     2.41     4.27   0.020  144    494.1    152.0
     4.27     2.37   0.021  145    737.1    497.5
     1.22     0.60   0.021  147    173.4     17.6
     1.40     0.26   0.020  148    196.9     54.3
     1.13     0.20   0.020  149    147.6     32.7
     1.15     0.54   0.021  150    156.4     20.1
     1.04     0.58   0.020  151    117.6     27.0
     0.96     0.70   0.021  152     87.7     43.3
     0.91     0.29   0.021  154     65.2     35.1
     0.92     0.15   0.020  155     65.6     27.2
     0.97     0.18   0.021  156     69.7     21.8
     0.99     0.22   0.020  157     76.7     12.3
     0.99     0.11   0.021  158     60.9     18.3
     0.98     0.06   0.020  159     53.6     13.7
     0.99     0.08   0.020  161     43.8     14.8
     0.95     0.06   0.021  162     30.3     14.2
     0.94     0.12   0.020  163     24.1      8.1
     0.95     0.26   0.021  164     20.9      5.1
     0.99     0.30   0.020  165     26.7     -2.0
     0.98     0.36   0.021  166     16.1      4.1
     1.06     1.87   0.021  168   -154.2     20.3
     1.53     5.11   0.020  169   -185.3     59.2
     3.46    11.78   0.021  170   -503.0    -69.6
     2.57    14.14   0.020  171   -359.5     76.1
     4.13     7.12   0.021  172   -516.8    316.3
     2.04     3.50   0.020  173   -469.8    -90.4
     1.67     1.77   0.021  175   -421.6     43.1
     1.56     1.21   0.020  176   -399.2     -0.7
     1.36     1.65   0.021  177   -347.3     14.0
     1.11     2.75   0.020  178   -282.1    -17.8
     0.96     3.54   0.021  179   -237.6    -65.5
     0.95     4.27   0.020  180   -209.0    -70.3
     0.81     5.27   0.020  182    -75.9    -46.3
     1.02     5.68   0.021  183      2.5    -53.0
     1.23     6.14   0.020  184     94.5    -18.2
     1.22     6.32   0.021  185    159.9     15.1
     1.33     6.01   0.020  186    204.0     55.5
     1.82     5.72   0.021  187    303.9    124.3
     4.02     6.63   0.021  189   1013.0    181.9
     3.68     5.64   0.020  190    827.3   -149.2
     3.92     2.71   0.021  191    627.1   -417.4
     3.67     2.26   0.020  192    411.4   -138.8
     0.96     1.69   0.021  193    211.2   -123.4
     3.91     5.15   0.020  194   -966.8    -29.4
     2.60     5.22   0.020  196    421.9   -159.1
     2.36     4.38   0.021  197    328.5    305.9
     1.83     2.07   0.020  198    292.7    -33.8
     1.21     0.34   0.020  199    161.2     90.7
     1.09     0.49   0.021  200     84.5     -2.0
     1.27     0.42   0.020  201    100.9     -6.1
     1.11     0.35   0.020  203     88.1     16.4
     1.03     0.47   0.021  204     65.0     21.6
     0.99     0.46   0.020  205     53.9     18.1
     0.96     0.32   0.021  206     39.9     28.4
     0.96     0.21   0.020  207     37.6     23.6
     0.98     0.09   0.021  208     39.1     14.3
     0.98     0.16   0.021  210     32.3      5.6
     0.99     0.18   0.020  211     31.8      0.5
     0.97     0.19   0.021  212     29.7      2.9
     0.97     0.20   0.020  213     24.3      3.9
     0.98     0.20   0.021  214     24.7      5.5
     0.98     0.17   0.020  215     19.1      9.2
     0.96     0.17   0.020  217      9.5      3.1
     0.96     0.29   0.021  218      6.4     -7.7
     0.98     0.39   0.020  219      9.5     -3.6
     0.97     0.45   0.021  220      0.6      9.8
     0.95     1.01   0.020  221    -33.6     15.2
     1.06     1.99   0.021  222   -153.3     30.3
     3.40    13.08   0.020  224   -462.1   -156.5
     2.97    14.59   0.021  225   -725.1    -35.7
     5.15     3.90   0.020  226   -417.1    252.4
     2.12     3.15   0.021  227   -478.6    114.7
     1.82     2.17   0.020  228   -416.2    170.8
     1.37     1.14   0.021  229   -342.2     71.0
     1.14     2.35   0.021  231   -281.2    -53.6
     1.09     2.90   0.020  232   -244.7    -58.2
     1.20     3.82   0.021  233   -200.9    -60.7
     1.07     4.77   0.020  234    -98.4    -58.4
     1.02     5.55   0.021  235    -13.7    -73.8
     1.14     5.88   0.020  236     62.5    -60.4
     1.42     6.19   0.020  238    235.8     17.2
     1.16     6.48   0.021  239    237.6     59.2
     1.80     5.78   0.020  240    324.8    131.2
     3.28     6.22   0.021  241    687.6    232.3
     3.33     6.92   0.020  242    831.8    168.1
     3.62     6.56   0.021  243    874.2     79.8
     3.72     2.54   0.021  245    426.2   -454.7
     3.30     1.52   0.020  246    376.0   -199.1
     1.51     2.35   0.021  247    214.8   -316.9
     7.98     5.58   0.020  248  -2027.3      8.0
     6.06     9.20   0.020  249   1403.4    657.6
     2.58     6.62   0.021  250    420.8   -337.5
     2.05     2.24   0.021  252    326.7   -164.2
     1.30     0.37   0.020  253    208.1     70.7
     1.19     0.28   0.021  254    155.8      3.1
     1.05     0.46   0.020  255    116.7     12.2
     1.15     0.38   0.021    0    120.2      2.2
     1.02     0.25   0.020    1     93.2      0.6
     1.12     0.15   0.021    2    109.8     -5.5
     1.00     0.27   0.020    3     78.5     -3.5
     0.96     0.35   0.021    4     68.6      4.4
     0.96     0.33   0.020    5     60.2     12.8
     0.94     0.26   0.021    6     46.4     17.9
     0.94     0.13   0.020    7     44.5     12.9
     0.98     0.11   0.021    8     46.8     11.0
     0.99     0.22   0.021   10     42.9      0.1
     0.98     0.25   0.020   11     32.8     -1.8
     0.98     0.32   0.021   12     28.8      7.6
     0.97     0.30   0.020   13     28.9      7.4
     0.96     0.24   0.021   14     25.8      7.7
     0.98     0.26   0.020   15     25.2     -0.3
     0.94     0.29   0.021   16      8.3      4.3
     0.98     0.33   0.020   17     12.0     10.9
     0.97     0.40   0.020   18     -4.6     11.5
     1.01     0.79   0.021   19    -59.8     20.3
     1.15     2.48   0.020   20   -177.5     24.9
     1.92     4.36   0.021   21    -98.2     32.1
     3.35     9.22   0.020   22   -570.9    -76.5
     2.69     5.11   0.020   24   -524.2    -48.6
     2.13     3.67   0.021   25   -451.2     39.3
     1.88     2.95   0.020   26   -448.5     45.1
     1.65     1.97   0.021   27   -418.9     -6.5
     1.66     1.05   0.020   28   -418.1     26.6
     1.31     1.52   0.021   29   -334.8     12.8
     1.06     3.53   0.021   31   -246.4    -68.2
     0.92     3.93   0.020   32   -193.4    -46.1
     1.00     4.59   0.021   33   -140.3    -52.7
     1.11     5.34   0.020   34    -44.6    -63.6
     0.98     5.89   0.021   35     28.3    -58.6
     1.26     6.08   0.020   36    113.8    -13.8
     1.50     6.40   0.021   37    227.2     37.2
     1.13     6.52   0.020   38    217.6     60.8
     1.93     5.58   0.021   39    327.8    157.1
     4.05     6.76   0.020   40    833.8    294.3
     4.29     7.69   0.021   41   1060.8    262.6
     3.36     6.43   0.020   42    748.3    -26.3
     3.66     2.98   0.020   43    581.2   -413.0
     3.32     3.63   0.020   45    402.0    -28.2
     2.28     3.68   0.021   46    495.1    125.4
     5.52     3.73   0.020   47   -838.2     47.8
     6.10    11.00   0.021   48   1122.4   -781.1
     2.78     5.89   0.020   49    548.9    291.0
     2.61     2.70   0.021   50    508.7    210.2
     1.32     1.07   0.021   52    159.2    -33.3
     1.27     1.01   0.020   53    152.0    -12.0
     1.46     0.68   0.021   54    201.3    -23.4
     1.10     0.25   0.020   55    129.6     11.1
     1.05     0.27   0.021   56    114.4     12.3
     1.02     0.31   0.020   57     92.5      9.1
     1.00     0.32   0.021   58     75.9     26.7
     0.96     0.19   0.020   59     69.9     22.9
     0.95     0.22   0.021   60     62.3     16.0
     0.96     0.24   0.020   61     64.0     10.5
     0.98     0.21   0.021   62     61.0      8.7
     0.98     0.18   0.020   63     54.0     11.4
     0.99     0.14   0.021   64     50.3      6.7
     0.98     0.13   0.020   65     42.7     -0.1
     0.98     0.15   0.021   66     38.6      3.1
     0.96     0.16   0.020   67     29.8      6.5
     0.95     0.19   0.020   68     24.9      8.3
     0.96     0.24   0.021   69     21.0      4.5
     0.98     0.33   0.020   70     21.1      1.7
     0.99     0.42   0.021   71     16.7      3.3
     0.99     0.49   0.020   72      2.5      6.8
     1.01     1.17   0.021   73    -57.3     12.2
     1.12     3.09   0.020   74   -137.0     50.4
     2.00     6.62   0.021   75   -229.1     70.5
     3.35    14.23   0.020   76   -569.3    -74.2
     2.96    15.16   0.021   77   -374.8    -34.6
     3.52     5.06   0.020   78   -701.1     95.7
     2.42     3.49   0.021   79   -582.9     32.6
     2.31     1.76   0.020   80   -537.1    178.8
     1.56     1.55   0.021   81   -372.1    138.9
     1.35     1.54   0.020   82   -332.3     53.3
     1.31     2.27   0.021   83   -333.8     16.0
     1.08     3.42   0.020   84   -275.8    -13.6
     1.12     4.22   0.021   85   -227.2    -61.8
     1.11     5.07   0.020   86   -132.5    -66.2
     1.05     5.56   0.021   87    -41.8    -51.0
     1.35     5.96   0.020   88     36.2    -39.1
     1.07     6.26   0.021   89    120.9    -52.0
     0.72     6.21   0.020   90    115.9    -51.5
     1.46     5.29   0.021   91    157.5     40.5
     3.30     5.00   0.020   92    474.1    188.6
     2.88     6.22   0.020   93    573.3    216.4
     3.11     6.45   0.021   94    749.9    198.5
     3.10     5.94   0.020   95    775.7     76.5
     3.30     3.60   0.021   96    746.0   -167.8
     3.84     2.23   0.020   97    714.1   -420.7
     3.21     2.32   0.021   98    496.7   -126.7
     0.83     2.54   0.020   99     73.9   -156.8
     6.42     5.05   0.021  100  -1616.4    113.0
     6.11     9.03   0.020  101   1396.6    454.6
     4.51     5.49   0.021  102    573.3   -495.1
     1.95     3.88   0.020  103    267.0    306.6
     3.00     2.12   0.021  104    414.7    266.8
     1.26     0.84   0.020  105    125.3    -19.8
     1.14     0.70   0.021  106     92.7      6.6
     1.47     0.42   0.020  107    131.7      3.4
     1.23     0.30   0.021  108     98.6     19.7
     1.06     0.52   0.020  109     76.8     27.5
     1.02     0.45   0.021  110     64.0     27.5
     1.00     0.45   0.020  111     53.6     26.5
     0.98     0.45   0.021  112     41.7     24.6
     0.95     0.32   0.020  113     34.9     36.2
     0.97     0.21   0.021  114     38.2     24.8
     0.99     0.16   0.020  115     37.1     20.7
     0.97     0.15   0.021  116     28.7     16.1
     0.97     0.17   0.020  117     25.4      7.1
     0.97     0.21   0.020  118     30.4     -2.7
     0.97     0.26   0.021  119     26.1      9.1
     0.97     0.30   0.020  120     22.0      9.9
     0.96     0.19   0.021  121     10.2     23.3
     0.96     0.18   0.020  122     10.6     20.6
     0.99     0.17   0.021  123     18.9     -3.1
     0.96     0.18   0.020  124      6.1    -12.4
     0.97     0.38   0.021  125      3.8      9.7
     0.96     0.47   0.020  126     -4.7     15.8
     0.99     0.55   0.021  127    -36.2     32.1
     1.05     1.11   0.020  128   -175.1     16.1
     1.33     3.37   0.021  129   -180.8     60.1
     3.66     7.63   0.020  130   -270.5    -95.1
     2.34    14.12   0.021  131   -461.3    -59.0
     4.54    13.25   0.020  132   -505.4    176.8
     2.32     4.22   0.021  133   -544.1    -19.8
     2.21     3.41   0.020  134   -511.7    112.4
     1.82     1.95   0.021  135   -433.0    154.0
     1.47     1.29   0.020  136   -365.9     86.8
     1.26     0.88   0.021  137   -322.0     20.8
     1.07     1.93   0.020  138   -271.7    -26.5
     0.98     2.84   0.021  139   -241.5    -36.4
     1.00     3.70   0.020  140   -210.7    -28.6
     1.03     4.59   0.021  141   -144.0    -37.7
     0.87     5.03   0.020  142    -65.3    -35.6
     0.89     5.49   0.020  143     -3.9    -47.3
     1.13     5.77   0.021  144     58.7    -39.7
     1.43     6.08   0.020  145    150.4     -8.8
     1.46     6.35   0.021  146    217.7     -5.4
     1.37     5.92   0.020  147    242.4     32.9
     2.44     5.62   0.021  148    436.8    175.4
     3.86     6.21   0.020  149    809.3    311.4
     4.33     7.27   0.021  150   1079.9    241.3
     3.59     5.34   0.020  151    790.4     12.3
     3.99     3.49   0.021  152    599.1   -359.5
     4.49     3.43   0.020  153    427.0   -281.6
     3.49     2.82   0.021  154    408.1     24.7
     3.64     5.70   0.020  155   -132.9   -453.9
     4.24     8.49   0.021  156    685.7    619.1
     3.38     5.32   0.020  157    682.9   -309.7
     2.13     4.91   0.021  158    350.8   -281.7
     2.85     2.74   0.020  159    472.3    319.4
     1.76     0.75   0.021  160    298.5   -146.3
     1.43     0.73   0.020  161    185.3    -65.9
     1.11     0.26   0.021  162    138.2     -7.2
     1.06     0.25   0.020  163    117.4     -9.7
     1.05     0.24   0.021  164    104.6    -12.5
     1.01     0.35   0.020  165     86.0     -3.9
     1.00     0.42   0.021  166     80.5     -3.8
     0.94     0.44   0.020  167     58.8      9.7
     0.90     0.36   0.020  168     48.5     16.0
     0.94     0.20   0.021  169     49.9     19.1
     0.96     0.22   0.020  170     51.9     10.1
     0.99     0.34   0.021  171     51.8      7.9
     1.02     0.28   0.020  172     54.0     -2.8
     1.01     0.22   0.021  173     52.7     -6.2
     0.98     0.14   0.020  174     39.2      2.4
     0.97     0.13   0.021  175     34.6     -0.0
     0.96     0.14   0.020  176     29.0     -1.4
     0.97     0.16   0.021  177     25.9      4.8
     0.98     0.16   0.020  178     24.2      5.6
     0.95     0.21   0.021  179      7.7      1.0
     0.97     0.36   0.020  180     17.7     -9.9
     0.98     0.41   0.021  181     17.2     -3.3
     0.98     0.51   0.020  182      1.2      9.8
     0.99     0.64   0.021  183    -20.7      7.5
     1.03     1.70   0.020  184   -105.2      3.1
     1.13     3.82   0.021  185   -189.8     74.2
     2.91     9.29   0.020  186   -355.0    -91.3
     2.61    14.25   0.021  187   -517.0   -168.5
     5.47    13.52   0.020  188   -291.4     11.5
     3.48     3.59   0.021  189   -706.4   -124.5
     2.00     2.82   0.020  190   -463.0     43.8
     1.98     2.11   0.021  191   -452.3    129.1
     1.41     1.73   0.020  192   -350.4     68.1
     1.06     1.62   0.020  193   -269.7     33.1
     1.07     1.85   0.021  194   -272.5     -2.0
     1.07     2.81   0.020  195   -263.8    -11.3
     0.90     3.83   0.021  196   -204.0    -20.5
     0.85     4.46   0.020  197   -156.4    -19.5
     0.91     4.83   0.021  198    -38.3    -27.9
     0.98     5.45   0.020  199     23.1    -27.0
     1.23     5.79   0.021  200    100.6     13.7
     1.42     6.21   0.021  202    218.1     47.0
     1.77     6.08   0.020  203    305.4    103.3
     2.70     5.84   0.021  204    509.2    176.7
     3.48     6.37   0.020  205    798.8    159.2
     3.60     6.84   0.021  206    916.2     92.0
     3.36     5.40   0.020  207    748.2     53.5
     3.55     4.20   0.021  208    522.4   -281.3
     3.84     3.69   0.020  209    358.4   -238.9
     2.66     1.81   0.021  210    279.2    134.6
     2.56     5.05   0.020  211   -272.3   -298.0
     5.77    13.73   0.021  212   1252.3    659.7
     4.48     6.92   0.020  213    763.7   -417.5
     3.39     6.05   0.021  214    643.5   -177.3
     1.61     1.38   0.021  216    203.3   -127.0
     1.38     0.95   0.020  217    180.5    -64.4
     1.53     0.51   0.020  218    186.3    -62.9
     1.05     0.29   0.021  219    115.8      0.1
     1.02     0.26   0.020  220    103.1     -3.4
     1.03     0.26   0.021  221     98.0     -9.9
     1.02     0.12   0.021  223     80.3     -5.3
     0.99     0.20   0.020  224     66.3     -6.3
     0.96     0.18   0.021  225     53.2      1.4
     0.95     0.11   0.020  226     47.6      7.8
     0.96     0.11   0.021  227     44.4      2.9
     0.97     0.14   0.020  228     43.6     -3.5
     0.98     0.16   0.020  230     38.9     -3.8
     0.98     0.18   0.021  231     36.2     -8.1
     0.98     0.21   0.020  232     31.3     -0.6
     0.96     0.21   0.021  233     19.8     -1.7
     0.97     0.21   0.020  234     24.2      3.7
     0.97     0.17   0.021  235     21.6      1.6
     0.96     0.40   0.021  237     15.2      0.3
     0.98     0.44   0.020  238      0.9      5.4
     0.98     0.48   0.021  239    -39.3      3.4
     1.19     1.30   0.020  240    -80.6     41.9
     1.89     3.66   0.021  241   -173.6     80.5
     3.42     9.24   0.020  242   -285.8    -25.2
     5.01    14.10   0.021  244   -548.7    -63.4
     2.35     3.98   0.020  245   -547.3    -28.7
     1.91     3.47   0.021  246   -433.0    161.4
     1.66     2.12   0.020  247   -359.0    212.8
     1.09     1.40   0.021  248   -244.7    126.3
     0.74     1.05   0.020  249   -155.6      6.5
     1.26     2.59   0.020  251   -282.3     -6.7
     1.15     3.72   0.021  252   -203.7    -68.0
     0.94     4.13   0.020  253   -118.5    -92.6
     0.96     4.58   0.021  254    -57.2    -79.0
     1.22     4.98   0.020  255     -8.1    -73.8
     1.39     5.55   0.021    0     59.5    -69.0
     1.68     6.28   0.021    2    232.5     14.6
     1.52     6.57   0.020    3    269.3     98.8
     1.26     6.28   0.021    4    252.1     96.7
     2.16     5.60   0.020    5    398.9    159.1
     3.56     6.42   0.021    6    768.1    251.1
     3.70     6.75   0.020    7    916.5    241.5
     3.76     4.24   0.020    9    636.8   -328.5
     4.06     4.02   0.021   10    459.2   -145.0
     2.47     4.42   0.020   11     93.1    136.9
     3.16    14.16   0.020   12   -394.0   -426.7
     6.72    12.72   0.021   13   1505.9    768.4
     4.39     7.11   0.020   14    410.6   -602.2
     3.62     4.22   0.021   15    532.1   -233.4
     3.12     1.97   0.020   16    465.5    135.8
     1.49     0.44   0.021   17    162.2    -79.0
     1.06     0.48   0.020   18     71.7     -0.6
     1.02     0.29   0.021   19     65.1     -8.5
     1.03     0.16   0.020   20     69.4    -14.3
     0.99     0.18   0.021   21     52.3    -15.1
     0.95     0.16   0.021   23     40.2    -18.0
     0.98     0.20   0.020   24     40.1     -5.3
     0.99     0.16   0.021   25     32.2     -4.8
     0.98     0.09   0.020   26     31.4     -7.8
     0.98     0.09   0.021   27     29.9     -6.3
     0.97     0.09   0.020   28     27.5    -12.1
     0.97     0.25   0.020   30     22.9    -10.3
     0.96     0.30   0.021   31     18.2    -10.4
     0.96     0.40   0.020   32     17.1     -9.3
     0.97     0.43   0.021   33     16.6     -1.8
     0.96     0.48   0.020   34     14.0    -12.7
     0.97     0.57   0.021   35     11.0      9.1
     0.98     0.29   0.020   37      9.7      0.6
     0.98     0.27   0.021   38      5.2    -14.6
     0.97     0.40   0.020   39     -8.4     -6.1
     0.96     0.57   0.021   40    -22.7     14.7
     1.01     0.92   0.020   41    -11.6     -0.3
     0.99     1.67   0.021   42    -62.8     17.4
     2.03     6.33   0.021   44   -211.7     29.9
     2.64    12.20   0.020   45   -498.5     18.6
     3.03    10.27   0.021   46   -295.3   -172.7
     3.08     3.59   0.020   47   -485.0   -153.2
     2.03     3.56   0.021   48   -433.8    -79.9
     1.71     2.53   0.020   49   -394.8     58.7
     1.26     1.04   0.020   51   -320.4     11.0
     1.11     1.52   0.021   52   -276.5    -66.1
     1.03     1.91   0.020   53   -244.5    -83.1
     1.04     2.62   0.021   54   -221.4    -57.5
     1.32     3.62   0.020   55   -113.4    -93.9
     1.15     4.67   0.021   56    -28.1    -76.7
     1.25     5.38   0.021   58    104.5    -14.6
     1.23     5.68   0.020   59    145.0      1.9
     1.48     5.67   0.021   60    204.1     73.7
     1.93     5.58   0.020   61    309.8    142.7
     2.09     5.86   0.020   62    381.5    196.2
     2.64     5.91   0.021   63    543.8    227.6
     2.50     5.60   0.021   65    609.3     87.9
     2.75     4.21   0.020   66    591.9   -178.6
     3.19     4.10   0.021   67    481.7   -163.7
     2.88     2.38   0.020   68    124.3     47.8
     1.72     3.29   0.021   69    258.0     14.5
     2.23     4.34   0.020   70     43.1     -3.6
     5.36     5.59   0.020   72    940.9   -777.8
     2.32     6.09   0.021   73    429.6    144.6
     3.27     3.34   0.020   74    528.3    331.2
     1.47     1.19   0.021   75    201.0   -152.3
     0.89     1.62   0.020   76     97.3     97.9
     1.20     1.52   0.021   77    148.0    -32.8
     1.30     0.29   0.021   79    146.8    -80.0
     1.11     0.56   0.020   80    102.2    -25.8
     1.03     0.50   0.021   81     74.1     -4.3
     0.95     0.39   0.020   82     55.2      6.4
     0.96     0.41   0.021   83     59.9      2.0
     1.02     0.36   0.020   84     63.5     -0.4
     0.97     0.29   0.020   86     43.5     -3.3
     0.97     0.28   0.020   87     39.3      1.5
     0.98     0.25   0.021   88     39.5      1.4
     0.99     0.25   0.020   89     37.4      4.1
     0.98     0.22   0.021   90     34.5     -1.9
     0.99     0.14   0.020   91     32.5      1.0
     0.99     0.13   0.020   93     27.3     -5.4
     0.98     0.08   0.021   94     19.3     -2.8
     0.94     0.06   0.020   95     13.0     -4.1
     0.97     0.04   0.021   96     14.1      1.0
     1.01     0.06   0.020   97     12.8      3.6
     0.99     0.07   0.021   98     16.6     -2.5
     0.98     0.01   0.021  100     12.4     -1.5
     0.99     0.03   0.020  101     13.3     -3.3
     0.98     0.05   0.021  102     11.2      0.3
     0.98     0.07   0.020  103      7.4      2.4
     0.98     0.09   0.021  104      6.9      4.6
     0.99     0.15   0.020  105      5.5     -1.4
     0.97     0.16   0.020  107     10.6     -6.9
     0.98     0.18   0.021  108      4.4     -5.3
     0.96     0.15   0.020  109     -5.8      2.6
     0.96     0.06   0.021  110     -3.0     -2.2
     0.97     0.03   0.020  111      4.9     -6.8
     0.98     0.04   0.020  112      7.1     -3.6
     0.96     0.06   0.020  114     -1.0      3.1
     0.97     0.04   0.021  115      1.0     -0.4
     0.97     0.03   0.020  116      1.9      0.7
     0.97     0.03   0.021  117     -0.9     -7.4
     0.98     0.04   0.020  118      2.8     -4.9
     0.96     0.06   0.021  119     -1.1     -1.2
     0.98     0.07   0.021  121      2.2     -1.8
     0.98     0.07   0.020  122      1.8     -1.8
     0.97     0.07   0.021  123      3.5      0.5
     0.98     0.07   0.020  124      1.0     -2.2
     0.96     0.07   0.021  125     -0.4     -2.6
     0.97     0.06   0.020  126     -0.9     -1.0
     0.98     0.06   0.020  128      1.6     -0.4
     0.97     0.06   0.021  129      1.8     -0.0
     0.96     0.07   0.020  130     -5.7     -5.3
     0.94     0.06   0.021  131     -3.6     -2.3
