  0.00    0.00     0.00
  0.00    0.00     0.05
2868217009668096.00    0.00     0.00
  0.00    0.00     0.00
14571808768.00    0.00     0.00
  0.00    0.00     0.00
223712165888.00    0.00     0.00
  0.00    0.00     0.00
  0.05    0.00     0.00
  0.00    0.00     0.00
  0.002868217009668096.00     0.00
  0.00    0.00     0.00
  0.0014571808768.00     0.00
  0.00    0.00     0.00
  0.00223712165888.00     0.00
  0.00    0.00     0.00
  0.00    0.05     0.00
  0.00    0.00     0.00
  0.00    0.002868217009668096.00
  0.00    0.00     0.00
  0.00    0.0014571808768.00
  0.00    0.00     0.00
  0.00    0.00223712165888.00
  0.00    0.00     0.00
  0.00    0.00     0.05
2868217009668096.00    0.00     0.00
  0.00    0.00     0.00
14571808768.00    0.00     0.00
  0.00    0.00     0.00
223712165888.00    0.00     0.00
  0.00    0.00     0.00
  0.05    0.00     0.00
  0.00    0.00     0.00
  0.002868217009668096.00     0.00
  0.00    0.00     0.00
  0.0014571808768.00     0.00
  0.00    0.00     0.00
  0.00223712165888.00     0.00
  0.00    0.00     0.00
  0.00    0.05     0.00
  0.00    0.00     0.00
  0.00    0.002868217009668096.00
  0.00    0.00     0.00
  0.00    0.0014571808768.00
  0.00    0.00     0.00
  0.00    0.00223712165888.00
  0.00    0.00     0.00
  0.00    0.00     0.05
2868217009668096.00    0.00     0.00
  0.00    0.00     0.00
14571808768.00    0.00     0.00
  0.00    0.00     0.00
223712165888.00    0.00     0.00
  0.00    0.00     0.00
  0.05    0.00     0.00
  0.00    0.00     0.00
  0.002868217009668096.00     0.00
  0.00    0.00     0.00
  0.0014571808768.00     0.00
  0.00    0.00     0.00
  0.00223712165888.00     0.00
  0.00    0.00     0.00
  0.00    0.05     0.00
  0.00    0.00     0.00
  0.00    0.002868217009668096.00
  0.00    0.00     0.00
  0.00    0.0014571808768.00
  0.00    0.00     0.00
  0.00    0.00223712165888.00
  0.00    0.00     0.00
  0.00    0.00     0.05
2868217009668096.00    0.00     0.00
  0.00    0.00     0.00
14571808768.00    0.00     0.00
  0.00    0.00     0.00
223712165888.00    0.00     0.00
  0.00    0.00     0.00
  0.05    0.00     0.00
  0.00    0.00     0.00
  0.002868217009668096.00     0.00
  0.00    0.00     0.00
  0.0014571808768.00     0.00
  0.00    0.00     0.00
  0.00223712165888.00     0.00
  0.00    0.00     0.00
  0.00    0.05     0.00
  0.00    0.00     0.00
  0.00    0.002868217009668096.00
  0.00    0.00     0.00
  0.00    0.0014571808768.00
  0.00    0.00     0.00
  0.00    0.00223712165888.00
  0.00    0.00     0.00
  0.00    0.00     0.05
2868217009668096.00    0.00     0.00
  0.00    0.00     0.00
14571808768.00    0.00     0.00
  0.00    0.00     0.00
223712165888.00    0.00     0.00
  0.00    0.00     0.00
  0.05    0.00     0.00
  0.00    0.00     0.00
  0.002868217009668096.00     0.00
  0.00    0.00     0.00
  0.0014571808768.00     0.00
  0.00    0.00     0.00
  0.00223712165888.00     0.00
  0.00    0.00     0.00
  0.00    0.05     0.00
  0.00    0.00     0.00
  0.00    0.002868217009668096.00
  0.00    0.00     0.00
  0.00    0.0014571808768.00
  0.00    0.00     0.00
  0.00    0.00223712165888.00
  0.00    0.00     0.00
  0.00    0.00     0.05
2868217009668096.00    0.00     0.00
  0.00    0.00     0.00
14571808768.00    0.00     0.00
  0.00    0.00     0.00
223712165888.00    0.00     0.00
  0.00    0.00     0.00
  0.05    0.00     0.00
  0.00    0.00     0.00
  0.002868217009668096.00     0.00
  0.00    0.00     0.00
  0.0014571808768.00     0.00
  0.00    0.00     0.00
  0.00223712165888.00     0.00
  0.00    0.00     0.00
  0.00    0.05     0.00
  0.00    0.00     0.00
  0.00    0.002868217009668096.00
  0.00    0.00     0.00
  0.00    0.0014571808768.00
  0.00    0.00     0.00
  0.00    0.00223712165888.00
  0.00    0.00     0.00
  0.00    0.00     0.05
2868217009668096.00    0.00     0.00
  0.00    0.00     0.00
14571808768.00    0.00     0.00
  0.00    0.00     0.00
223712165888.00    0.00     0.00
  0.00    0.00     0.00
  0.05    0.00     0.00
  0.00    0.00     0.00
  0.002868217009668096.00     0.00
  0.00    0.00     0.00
  0.0014571808768.00     0.00
  0.00    0.00     0.00
  0.00223712165888.00     0.00
  0.00    0.00     0.00
  0.00    0.05     0.00
  0.00    0.00     0.00
  0.00    0.002868217009668096.00
  0.00    0.00     0.00
  0.00    0.0014571808768.00
  0.00    0.00     0.00
  0.00    0.00223712165888.00
  0.00    0.00     0.00
  0.00    0.00     0.05
2868217009668096.00    0.00     0.00
  0.00    0.00     0.00
14571808768.00    0.00     0.00
  0.00    0.00     0.00
223712165888.00    0.00     0.00
  0.00    0.00     0.00
  0.05    0.00     0.00
  0.00    0.00     0.00
  0.002868217009668096.00     0.00
  0.00    0.00     0.00
  0.0014571808768.00     0.00
  0.00    0.00     0.00
  0.00223712165888.00     0.00
  0.00    0.00     0.00
  0.00    0.05     0.00
  0.00    0.00     0.00
  0.00    0.002868217009668096.00
  0.00    0.00     0.00
  0.00    0.0014571808768.00
  0.00    0.00     0.00
  0.00    0.00223712165888.00
  0.00    0.00     0.00
  0.00    0.00     0.05
2868217009668096.00    0.00     0.00
  0.00    0.00     0.00
-41929918874910720.00    0.00     0.00
-46373281585954816.00    0.00-3170654885038021298675880296448.00
-48085221190402048.00    0.00-3101949212857682693418978902016.00
-45788341399977984.00    0.00-9693187168946120364175501819904.00
-41618993307451392.00    0.00-10031763769690671869360412295168.00
-45035175934951424.00    0.00-2273776846866592754716215607296.00
-43083542795649024.00    0.00-2585650845223223782518862905344.00
-42954899935199232.00    0.00-3260328166633756032338885607424.00
-46850469632409600.00    0.00-3853378816703908520282747305984.00
-43623403004887040.00    0.00-4878083684222382042830497382400.00
-38203910191579136.00    0.00-4889302515828405801571770695680.00
-47256189423058944.00    0.00-2434825108852375194853873549312.00
-49559666283249664.00    0.00-2512621903196215811504565387264.00
-40334763726209024.00    0.00-1315804684590846762612246446080.00
-38638217284550656.00    0.00-1762855781277779714385192681472.00
-48107211422957568.00    0.00-2150292327947876072295027965952.00
-48512931213606912.00    0.00-569836894260844241488315416576.00
-49944495352971264.00    0.00-1984949961450822469328813686784.00
-46024736399949824.00    0.00-2223485532770624181048438685696.00
-47626724841619456.00    0.00-2864806324082077034508615417856.00
-45149525144240128.00    0.00-1285823324264403959079533281280.00
-47613530702086144.00    0.00-835817537316469127689281732608.00
-43948858446708736.00    0.00-692796777152780037804842287104.00
-45578334679072768.00    0.00-1116907297486705786358564126720.00
-36385317959237632.00    0.00-1299750149706364487172148428800.00
-35344490617110528.00    0.00-1268724277471774644032489127936.00
-34921728396230656.00    0.00-616723873248778019400119746560.00
-38395225214812160.00    0.00-828486611146326016373863481344.00
-36629409540603904.00    0.00-346292003104263931535047000064.00
-42225923725983744.00    0.00-533723862177316038781492527104.00
-37809185517207552.00    0.00-752159870599136788799614353408.00
-41002167284269056.00    0.00-950539761894618977852199010304.00
-34364276000948224.00    0.00-1202305817384283191259808399360.00
-33799127024271360.00    0.00-4137795540729724638440821096448.00
-32326331198865408.00    0.00-815817068556764702622942756864.00
-33853552849846272.00    0.00-885238424822315168351270207488.00
-34967358128783360.00    0.00-564295178303730781351462305792.00
-35391769617104896.00    0.00-291349932490771947953594564608.00
-36057663494160384.00    0.00-154698388562989566136804179968.00
-38123645842751488.00    0.00-251054017071377128302288306176.00
  8.15    7.54   -27.38
  8.15    7.54   -27.39
  8.14    7.54   -27.38
  8.13    7.56   -27.38
  8.12    7.57   -27.38
  8.16    7.58   -27.38
  8.18    7.58   -27.37
  8.17    7.57   -27.36
  8.17    7.57   -27.36
  8.16    7.54   -27.35
  8.14    7.54   -27.34
  8.13    7.50   -27.33
  8.13    7.51   -27.34
  8.14    7.52   -27.33
  8.15    7.51   -27.33
  8.14    7.51   -27.34
  8.14    7.54   -27.34
  8.16    7.53   -27.34
  8.16    7.55   -27.34
  8.17    7.54   -27.33
  8.18    7.57   -27.34
  8.18    7.55   -27.32
  8.19    7.54   -27.31
  8.19    7.54   -27.30
  8.21    7.54   -27.31
  8.19    7.54   -27.32
  8.18    7.53   -27.32
  8.20    7.53   -27.32
  8.21    7.52   -27.32
  8.19    7.51   -27.30
  8.17    7.49   -27.30
  8.14    7.49   -27.30
  8.15    7.48   -27.30
  8.16    7.51   -27.30
  8.14    7.50   -27.31
  8.13    7.50   -27.32
  8.14    7.51   -27.31
  8.15    7.52   -27.31
  8.16    7.51   -27.32
  8.18    7.52   -27.34
  8.19    7.51   -27.34
  8.22    7.54   -27.34
  8.20    7.52   -27.34
  8.18    7.52   -27.34
  8.17    7.55   -27.33
  8.17    7.56   -27.34
  8.16    7.56   -27.34
  8.16    7.58   -27.35
  8.15    7.56   -27.36
  8.15    7.57   -27.35
  8.15    7.53   -27.34
  8.16    7.54   -27.35
  8.17    7.55   -27.34
  8.18    7.55   -27.35
  8.18    7.56   -27.33
  8.19    7.56   -27.33
  8.20    7.58   -27.33
  8.18    7.56   -27.33
  8.18    7.59   -27.34
  8.19    7.59   -27.33
  8.18    7.59   -27.33
  8.24    7.57   -27.31
  8.22    7.61   -27.31
  8.20    7.61   -27.31
  8.20    7.59   -27.31
  8.23    7.57   -27.29
  8.23    7.57   -27.30
  8.21    7.54   -27.28
  8.22    7.53   -27.28
  8.20    7.53   -27.29
  8.20    7.54   -27.28
  8.18    7.55   -27.29
  8.19    7.53   -27.28
  8.19    7.54   -27.27
  8.20    7.54   -27.27
  8.19    7.53   -27.26
  8.17    7.53   -27.26
  8.19    7.51   -27.26
  8.20    7.52   -27.25
  8.20    7.55   -27.26
  8.21    7.55   -27.26
  8.19    7.55   -27.25
  8.18    7.52   -27.26
  8.17    7.53   -27.26
  8.18    7.54   -27.26
  8.20    7.59   -27.28
  8.18    7.59   -27.27
  8.17    7.59   -27.29
  8.15    7.57   -27.28
  8.16    7.55   -27.29
  8.16    7.53   -27.28
  8.14    7.53   -27.29
  8.13    7.54   -27.30
  8.14    7.53   -27.30
  8.15    7.52   -27.31
  8.13    7.51   -27.31
  8.13    7.51   -27.32
  8.15    7.55   -27.34
  8.16    7.55   -27.34
  8.14    7.55   -27.35
  8.15    7.55   -27.34
  8.14    7.53   -27.35
  8.15    7.54   -27.35
  8.19    7.57   -27.34
  8.17    7.57   -27.36
  8.17    7.57   -27.35
  8.16    7.57   -27.36
  8.20    7.60   -27.34
  8.20    7.61   -27.32
  8.23    7.59   -27.32
  8.21    7.59   -27.32
  8.21    7.57   -27.31
  8.20    7.58   -27.32
  8.18    7.58   -27.32
  8.19    7.56   -27.31
  8.18    7.55   -27.31
  8.18    7.55   -27.31
  8.18    7.52   -27.31
  8.19    7.51   -27.33
  8.19    7.48   -27.32
  8.19    7.48   -27.32
  8.17    7.47   -27.31
  8.18    7.50   -27.32
  8.16    7.49   -27.33
  8.15    7.50   -27.32
  8.14    7.53   -27.32
  8.15    7.53   -27.32
  8.16    7.54   -27.32
  8.14    7.52   -27.32
  8.17    7.55   -27.31
  8.16    7.53   -27.31
  8.16    7.53   -27.33
  8.17    7.52   -27.32
  8.15    7.52   -27.32
  8.17    7.51   -27.30
  8.16    7.54   -27.30
  8.15    7.51   -27.30
  8.16    7.52   -27.30
  8.16    7.52   -27.30
  8.17    7.52   -27.29
  8.16    7.51   -27.30
  8.16    7.50   -27.30
  8.17    7.46   -27.30
  8.17    7.47   -27.30
  8.20    7.48   -27.30
  8.18    7.51   -27.30
  8.17    7.52   -27.30
  8.19    7.50   -27.30
  8.20    7.48   -27.31
  8.22    7.46   -27.29
  8.20    7.45   -27.28
  8.21    7.48   -27.28
  8.19    7.47   -27.28
  8.20    7.48   -27.29
  8.18    7.47   -27.29
  8.19    7.50   -27.28
  8.17    7.49   -27.28
  8.20    7.51   -27.27
  8.20    7.49   -27.28
  8.18    7.49   -27.28
  8.16    7.50   -27.28
  8.14    7.52   -27.29
  8.11    7.51   -27.30
  8.10    7.51   -27.31
  8.12    7.49   -27.31
  8.13    7.51   -27.32
  8.16    7.51   -27.30
  8.18    7.53   -27.31
  8.18    7.51   -27.30
  8.18    7.52   -27.30
  8.19    7.52   -27.30
  8.19    7.55   -27.29
  8.18    7.57   -27.29
  8.16    7.55   -27.27
  8.15    7.53   -27.26
  8.17    7.48   -27.27
  8.18    7.49   -27.27
  8.17    7.48   -27.27
  8.18    7.52   -27.29
  7.91    7.44   -27.24
  7.67    7.79   -27.26
  7.29    7.73   -27.26
  6.43    7.83   -27.25
  6.36    7.83   -27.19
  7.56    7.69   -27.19
  8.03    7.59   -27.29
  8.49    7.59   -27.24
  8.50    7.48   -27.16
  8.06    7.32   -27.12
  7.85    7.49   -27.13
  7.68    7.73   -27.29
  7.88    7.76   -27.38
  7.50    7.70   -27.49
  7.56    7.65   -27.45
  6.71    7.70   -27.53
  6.33    7.72   -27.49
  6.38    8.17   -27.53
  6.42    8.11   -27.57
  6.21    8.11   -27.62
  6.07    8.08   -27.64
  5.89    8.03   -27.72
  5.83    7.74   -27.74
  6.26    7.37   -27.74
  6.91    6.97   -27.95
  7.86    6.73   -28.37
  8.47    6.57   -28.95
  8.37    6.99   -29.57
  7.60    8.05   -30.04
  6.52   10.39   -30.06
  6.37   11.92   -29.72
  6.54   13.48   -29.15
  7.14   14.83   -28.59
  8.02   16.16   -28.21
  9.08   16.97   -27.89
 10.23   19.18   -27.29
 10.67   20.22   -26.94
 11.29   21.55   -26.51
 11.85   22.65   -26.14
 12.23   23.67   -25.85
 12.18   24.83   -25.57
 11.30   26.86   -25.25
 10.46   27.68   -25.37
  9.29   28.57   -25.61
  7.84   29.76   -26.00
  5.72   30.80   -26.61
  2.96   31.78   -27.34
 -1.94   34.01   -28.50
 -3.51   35.00   -28.88
 -4.93   35.75   -29.21
 -6.48   36.37   -29.66
 -7.64   37.05   -29.95
 -8.48   37.89   -30.03
-10.56   39.90   -30.73
 -9.96   40.54   -30.41
 -8.10   41.42   -29.72
 -6.16   42.19   -29.00
 -3.60   42.88   -27.99
  1.72   43.44   -25.17
 12.03   42.95   -20.13
 15.87   41.88   -18.87
 17.94   40.68   -18.32
 19.08   39.43   -18.04
 19.66   38.17   -17.76
 20.05   36.78   -17.48
 20.08   34.04   -17.79
 19.95   32.33   -18.40
 19.31   30.61   -19.18
 18.52   29.06   -19.83
 17.91   27.80   -20.19
 17.71   26.42   -20.34
 18.04   25.21   -20.27
 18.54   24.10   -20.22
 18.88   22.89   -20.17
 18.70   21.99   -20.16
 18.50   21.10   -20.14
 18.76   20.23   -20.08
 18.98   19.30   -19.99
 18.72   18.54   -19.97
 18.19   17.76   -19.90
 17.83   16.84   -19.85
 17.77   16.03   -19.86
 17.67   15.18   -20.09
 17.26   14.46   -20.39
 16.65   13.91   -20.59
 16.15   13.57   -20.58
 15.95   13.15   -20.43
 16.13   12.77   -20.23
 16.51   12.37   -20.10
 16.67   11.88   -19.90
 16.94   11.57   -19.82
 17.20   11.27   -19.81
 17.21   11.14   -19.81
 17.11   10.91   -19.81
 17.12   10.76   -19.79
 17.43   10.40   -19.70
 17.60   10.32   -19.58
 17.83   10.17   -19.47
 18.17   10.07   -19.37
 18.35   10.05   -19.27
 18.41    9.94   -19.17
 18.61    9.91   -19.18
 18.50    9.83   -19.15
 18.31    9.75   -19.08
 18.40    9.63   -19.01
 18.68    9.58   -19.04
 18.79    9.64   -19.12
 18.76    9.35   -19.33
 18.59    9.23   -19.37
 18.49    9.14   -19.40
 18.58    8.87   -19.39
 18.69    8.67   -19.38
 18.81    8.49   -19.39
 19.09    8.04   -19.45
 19.18    7.78   -19.51
 19.23    7.36   -19.62
 19.24    6.81   -19.74
 19.11    6.51   -19.83
 18.93    5.94   -19.90
 18.94    5.37   -20.03
 19.09    5.13   -20.01
 19.25    5.05   -19.99
 19.29    4.60   -20.01
 19.23    4.27   -20.07
 19.25    4.01   -20.21
 19.37    4.33   -20.41
 19.04    4.50   -20.42
 19.06    4.48   -20.33
 19.11    4.55   -20.27
 19.17    4.39   -20.21
 19.30    4.17   -20.23
 19.22    3.97   -20.49
 18.95    3.93   -20.62
 18.50    3.94   -20.70
 17.99    3.97   -20.72
 17.50    3.83   -20.75
 16.92    3.77   -20.89
 15.23    3.31   -21.51
 13.91    2.96   -21.91
 12.40    2.42   -22.35
 10.83    1.76   -22.80
  9.14    1.06   -23.14
  7.35    0.49   -23.29
  4.67   -0.24   -23.05
  3.67   -0.35   -22.79
  2.86   -0.36   -22.54
  2.46   -0.39   -22.35
  2.14   -0.36   -22.24
  1.89   -0.47   -22.14
  0.92   -0.50   -21.69
  0.88   -0.52   -21.45
  0.97   -0.48   -21.23
  1.16   -0.44   -21.04
  1.35   -0.49   -20.89
  1.39   -0.51   -20.77
  0.92   -0.48   -20.48
  0.76   -0.56   -20.36
  0.62   -0.68   -20.27
  0.63   -0.91   -20.26
  0.68   -1.21   -20.32
  0.68   -1.53   -20.38
  0.37   -1.87   -20.36
  0.08   -1.87   -20.21
 -0.05   -1.88   -20.05
 -0.01   -1.89   -19.96
  0.20   -2.06   -19.94
  0.40   -2.23   -19.97
  0.26   -2.43   -19.87
  0.09   -2.38   -19.75
  0.21   -2.42   -19.68
  0.42   -2.46   -19.63
  0.57   -2.48   -19.55
  0.75   -2.51   -19.50
  0.91   -2.65   -19.47
  0.79   -2.72   -19.46
  0.64   -2.84   -19.46
  0.55   -2.95   -19.42
  0.52   -2.90   -19.34
  0.56   -2.85   -19.26
  0.74   -2.98   -19.13
  0.74   -3.06   -19.10
  0.78   -3.04   -19.12
  0.80   -2.97   -19.13
  0.85   -3.02   -19.08
  0.94   -3.09   -19.02
  1.05   -3.09   -18.96
  1.23   -3.12   -18.94
  1.45   -2.99   -18.91
  1.79   -2.91   -18.86
  2.24   -2.86   -18.81
  2.59   -2.76   -18.74
  2.97   -2.70   -18.71
  3.38   -2.72   -18.74
  3.99   -2.82   -18.84
  4.48   -2.83   -18.93
  4.94   -2.87   -18.94
  5.39   -2.88   -18.91
  5.84   -2.93   -18.90
  6.16   -2.95   -18.95
  6.38   -2.86   -19.03
  6.57   -2.85   -19.04
  6.83   -2.79   -19.01
  7.14   -2.88   -19.00
  7.75   -2.95   -19.13
  7.60   -2.83   -19.24
  7.30   -2.75   -19.32
  7.14   -2.87   -19.41
  7.12   -2.70   -19.49
  7.08   -2.42   -19.46
  7.01   -2.16   -19.45
  6.96   -2.06   -19.45
  7.00   -1.70   -19.40
  7.08   -1.19   -19.33
  7.39   -0.89   -19.30
  8.18   -0.33   -19.15
  8.60   -0.00   -19.11
  8.85    0.47   -19.07
  8.96    1.02   -19.01
  9.34    1.56   -19.02
  9.84    2.15   -19.12
 10.31    3.75   -19.31
 10.56    4.81   -19.35
 10.93    6.08   -19.38
 11.38    7.67   -19.43
 11.59    9.48   -19.28
 11.64   11.33   -19.06
 12.96   15.46   -18.82
 13.52   17.63   -18.79
 13.66   20.12   -18.84
 13.64   22.78   -18.91
 13.69   25.35   -19.07
 13.89   27.69   -19.28
 12.50   33.80   -19.98
 11.32   36.73   -20.45
 10.93   39.91   -20.64
 11.25   43.12   -20.60
 11.07   46.56   -20.54
 11.07   50.24   -20.33
 18.09   59.56   -15.47
 21.91   63.55   -13.79
 26.65   66.77   -11.61
 32.76   70.43    -8.14
 39.52   73.13    -3.75
 50.83   75.31     6.17
 76.24   77.25    30.81
 88.50   77.85    43.12
 98.40   77.67    53.38
102.90   78.25    58.05
114.00   79.23    68.52
126.15   79.20    80.81
145.18   80.26   100.42
152.53   81.05   108.50
162.99   81.43   119.84
176.26   81.21   133.44
-172.99   81.19   144.26
-164.32   82.07   152.57
-151.58   84.14   163.71
-151.21   85.66   163.18
-156.05   87.59   157.76
153.76   89.04   107.59
 96.07   88.20    50.18
 73.29   86.71    27.65
 46.00   79.79     1.26
 44.63   77.78     0.63
 44.21   76.47     0.32
 43.88   75.20    -0.08
 42.74   73.39    -1.00
 40.36   71.31    -2.51
 36.06   67.95    -5.08
 33.33   65.95    -7.42
 30.23   63.52   -10.05
 27.59   60.59   -11.97
 24.89   58.02   -13.73
 22.19   55.50   -15.75
 16.75   48.62   -20.34
 13.75   44.16   -22.69
 10.55   40.04   -24.76
  7.20   35.69   -26.73
  5.33   31.84   -28.14
  3.26   27.80   -29.39
  1.23   21.12   -29.82
  2.25   18.63   -29.23
  3.59   16.54   -28.74
  4.60   14.88   -28.52
  5.52   13.32   -28.30
  6.28   11.68   -28.10
  8.84    8.27   -28.13
  9.20    6.58   -28.35
  9.22    5.04   -28.30
  9.78    3.73   -28.14
 10.91    2.50   -28.09
 12.72    1.39   -28.34
 14.32    0.41   -28.83
 16.03   -0.42   -29.41
 17.10   -1.35   -29.80
 17.84   -2.14   -30.06
 18.11   -2.98   -30.06
 18.74   -3.60   -30.04
 19.88   -4.41   -30.04
 22.59   -5.45   -30.43
 24.12   -5.65   -30.78
 25.33   -5.65   -30.97
 26.21   -5.48   -30.97
 26.46   -4.81   -30.87
 27.20   -4.02   -30.75
 28.36   -3.38   -30.58
 29.75   -2.62   -30.55
 31.04   -1.71   -30.53
 31.99   -0.92   -30.46
 33.07   -0.17   -30.32
 34.25    0.65   -30.04
 35.93    1.90   -29.57
 37.96    3.24   -28.99
 40.56    4.67   -28.36
 43.20    5.98   -27.91
 45.61    7.56   -27.56
 47.36    8.70   -27.32
 48.81    9.82   -26.98
 50.37   10.70   -26.72
 51.72   11.01   -26.35
 53.21   11.05   -26.05
 54.34   11.05   -25.94
 54.45   10.94   -26.05
 51.47   11.46   -26.88
 49.41   11.54   -27.32
 46.70   11.67   -27.84
 43.69   11.94   -28.30
 39.52   12.31   -28.84
 34.57   12.55   -29.58
 24.32   12.50   -32.25
 19.22   12.27   -33.98
 13.59   12.49   -35.70
  8.29   13.12   -36.84
  0.01   14.62   -37.42
 -4.52   16.03   -37.57
 -7.03   17.06   -37.95
-10.21   18.33   -38.42
-13.84   19.37   -38.98
-17.43   20.08   -39.56
-21.31   20.63   -40.29
-29.18   20.91   -42.01
-33.56   20.58   -43.02
-38.52   19.91   -44.15
-43.27   19.11   -45.10
-48.37   18.19   -46.04
-53.10   17.00   -46.71
-60.63   14.44   -47.37
-63.21   13.30   -47.03
-64.57   13.00   -46.36
-64.71   12.89   -45.47
-63.92   12.86   -44.49
-61.59   13.23   -43.35
-54.38   15.78   -41.01
-49.81   17.97   -39.66
-44.68   20.41   -37.94
-39.88   22.53   -36.25
-34.14   24.79   -34.15
-28.16   26.58   -32.01
-16.75   29.25   -27.44
-11.83   29.83   -25.21
 -6.58   30.27   -22.84
 -1.39   30.23   -20.55
  4.45   29.69   -17.95
 10.19   29.15   -15.48
 18.38   26.23   -12.13
 21.00   23.87   -11.52
 23.39   21.44   -11.60
 24.09   19.34   -12.56
 23.77   17.78   -13.59
 22.88   16.35   -14.58
 22.03   14.96   -16.64
 22.44   14.62   -17.93
 23.19   14.00   -19.42
 23.30   14.00   -21.16
 23.34   13.99   -23.19
 23.75   13.87   -25.14
 24.75   13.70   -29.69
 25.55   14.21   -32.56
 25.70   14.81   -35.22
 24.83   15.32   -38.25
 24.22   16.14   -40.93
 23.70   16.82   -43.72
 23.69   16.50   -49.81
 23.82   16.27   -53.08
 22.89   15.82   -56.49
 20.89   15.10   -59.95
 18.40   14.56   -62.85
 15.64   14.29   -65.42
 11.33   14.33   -68.89
  9.93   14.67   -70.52
 10.01   14.09   -73.70
  9.43   13.98   -75.47
  8.31   14.33   -77.12
  4.10   13.38   -80.56
  3.77   12.71   -81.24
  2.99   12.11   -81.99
  1.26   11.72   -82.59
 -0.32   11.52   -82.81
 -2.31   11.73   -82.07
 -1.95   11.82   -81.37
 -1.15   11.97   -80.51
 -0.92   12.66   -79.61
 -1.69   13.56   -78.44
 -2.35   14.43   -76.86
 -2.59   15.80   -72.62
 -3.08   16.55   -70.28
 -2.33   16.42   -67.52
 -1.07   16.74   -64.68
 -0.21   17.14   -61.55
 -0.38   17.85   -58.01
 -1.24   19.19   -49.60
 -0.52   19.02   -44.70
  0.72   18.77   -39.82
  2.57   18.97   -34.62
  3.95   18.71   -29.87
  4.81   18.74   -24.98
  7.65   18.01   -15.08
 10.21   17.10   -10.55
 13.04   16.18    -6.05
 14.36   16.21    -1.94
 14.69   15.87     2.38
 16.33   14.80     6.62
 20.93   13.67    14.13
 21.87   13.53    17.23
 21.66   13.23    20.58
 22.40   12.41    23.68
 23.05   12.01    27.01
 23.65   11.33    30.22
 23.74   10.74    33.61
 23.47   10.06    36.76
 23.75    8.94    39.92
 25.49    8.21    42.52
 27.29    7.36    44.72
 29.01    6.51    46.19
 30.74    5.63    46.93
 31.96    5.56    47.34
 32.14    5.56    47.73
 31.59    5.49    48.19
 31.73    6.17    48.49
 32.13    6.57    48.58
 32.18    6.63    48.60
 31.31    6.38    48.82
 30.43    6.15    49.35
 30.68    6.26    49.82
 31.03    6.53    50.26
 30.93    6.49    50.62
 31.31    6.45    50.91
 32.58    6.47    50.84
 33.17    6.49    50.44
 32.65    6.76    50.07
 31.31    7.01    50.00
 30.61    7.19    50.06
 30.83    7.48    50.10
 31.44    8.12    49.64
 31.21    8.26    49.37
 31.31    8.34    48.91
 31.79    8.70    48.08
 32.07    9.28    47.04
 34.09   11.22    42.17
 35.07   12.00    39.57
 34.17   12.52    36.17
 33.20   13.06    32.67
 32.67   13.65    28.50
 31.60   14.02    23.85
 27.10   13.94    13.43
 23.87   13.00     7.82
 19.96   12.36     2.52
 15.24   12.00    -2.69
 10.81   11.46    -7.90
  7.01   10.75   -12.38
 -2.12   10.27   -20.48
 -5.42    9.96   -23.55
 -7.27    9.76   -25.77
 -8.57    9.52   -27.47
 -9.12    9.44   -28.54
 -9.33    9.69   -29.39
 -8.19   10.23   -30.70
 -7.42   10.53   -31.30
 -6.57   10.77   -31.97
 -6.05   10.88   -32.61
 -5.85   10.82   -33.42
 -5.90   10.63   -34.42
 -6.76    9.73   -37.26
 -8.27    9.44   -38.71
 -9.73    9.38   -40.00
-11.39    9.15   -41.01
-12.90    8.93   -41.54
-13.56    8.62   -41.72
-14.03    9.40   -41.65
-14.40   10.32   -41.34
-14.62   11.42   -40.87
-14.67   12.86   -40.30
-14.39   14.28   -39.60
-13.78   15.61   -38.69
-12.23   18.17   -36.70
-11.42   19.26   -35.77
-10.85   20.19   -34.91
-10.40   21.02   -34.25
-10.14   21.93   -33.62
-10.03   22.59   -33.17
-10.13   23.42   -32.38
-10.52   23.79   -32.00
-10.72   24.06   -31.53
-10.48   24.13   -31.00
 -9.75   23.91   -30.37
 -8.75   23.72   -29.67
 -6.72   23.64   -28.00
 -5.92   23.55   -27.13
 -5.28   23.29   -26.19
 -4.51   22.84   -25.32
 -3.61   21.99   -24.55
 -2.95   21.16   -23.90
 -2.20   19.70   -22.87
 -1.67   19.12   -22.41
 -1.06   18.57   -21.98
 -0.60   18.02   -21.61
 -0.21   17.54   -21.24
  0.20   17.14   -20.93
  1.43   16.20   -20.34
  2.23   15.39   -20.15
  2.89   14.77   -20.11
  3.49   14.09   -20.24
  4.13   13.43   -20.48
  4.45   12.94   -20.76
  4.55   11.50   -21.35
  4.70   10.89   -21.63
  4.64   10.33   -21.96
  4.45    9.80   -22.27
  4.23    9.22   -22.59
  3.72    9.05   -22.96
  2.89    8.13   -23.67
  2.60    7.58   -24.04
  2.24    7.36   -24.39
  1.87    7.20   -24.66
  1.64    6.94   -24.78
  1.54    7.03   -24.81
  2.04    7.24   -24.80
  2.66    7.31   -24.87
  3.98    7.31   -25.42
  4.19    6.94   -25.91
  5.10    5.40   -26.63
  5.91    6.21   -26.65
  5.37    6.31   -26.89
  5.81    6.66   -27.16
  4.97    6.81   -27.42
  4.90    6.72   -27.53
  4.97    6.68   -27.70
  5.42    6.65   -27.99
  7.59    6.36   -28.57
  7.09    6.51   -28.88
  7.37    6.88   -29.23
  7.70    6.89   -29.65
  7.07    6.60   -30.00
  6.51    6.26   -30.16
  6.41    6.14   -30.21
  6.85    6.17   -30.33
  7.22    6.38   -30.62
  7.27    6.43   -30.89
  6.96    6.25   -31.04
  6.72    6.12   -31.11
  6.79    6.13   -31.12
  6.89    6.22   -31.20
  6.86    6.23   -31.39
  6.71    6.21   -31.82
  6.65    6.25   -31.96
  6.83    6.21   -32.04
  6.84    6.25   -32.11
  6.74    6.23   -32.20
  6.69    6.25   -32.33
  6.73    6.31   -32.53
  6.79    6.29   -32.69
  6.79    6.29   -32.80
  6.77    6.27   -32.87
  6.72    6.27   -32.93
  6.70    6.30   -33.01
  6.71    6.35   -33.12
  6.75    6.34   -33.25
  6.78    6.33   -33.37
  6.81    6.33   -33.43
  6.82    6.30   -33.49
  6.81    6.33   -33.56
  6.80    6.33   -33.65
  6.80    6.37   -33.77
  6.82    6.38   -33.89
  6.84    6.38   -33.97
  6.81    6.35   -34.08
  6.78    6.32   -34.15
  6.77    6.35   -34.24
  6.79    6.36   -34.34
  6.80    6.38   -34.45
  6.80    6.36   -34.51
  6.78    6.32   -34.61
  6.78    6.36   -34.69
  6.80    6.36   -34.77
  6.81    6.35   -34.85
  6.81    6.34   -34.91
  6.80    6.35   -34.95
  6.80    6.38   -35.03
  6.80    6.37   -35.09
  6.81    6.38   -35.15
  6.81    6.38   -35.22
  6.80    6.39   -35.26
  6.77    6.37   -35.30
  6.74    6.37   -35.40
  6.73    6.35   -35.47
  6.78    6.39   -35.52
  6.80    6.39   -35.56
  6.81    6.35   -35.58
  6.84    6.38   -35.61
  6.82    6.39   -35.71
  6.85    6.41   -35.76
  6.85    6.42   -35.79
  6.83    6.44   -35.83
  6.84    6.42   -35.85
  6.83    6.42   -35.88
  6.87    6.42   -35.95
  6.87    6.44   -35.99
  6.88    6.40   -36.05
  6.87    6.38   -36.07
  6.87    6.41   -36.10
  6.88    6.44   -36.16
  6.87    6.44   -36.18
  6.86    6.42   -36.20
  6.85    6.40   -36.21
  6.84    6.41   -36.25
  6.86    6.41   -36.27
  6.87    6.46   -36.33
  6.86    6.44   -36.37
  6.85    6.44   -36.37
  6.84    6.44   -36.38
  6.83    6.44   -36.39
  6.83    6.46   -36.43
  6.84    6.46   -36.46
  6.83    6.44   -36.47
  6.86    6.44   -36.47
  6.85    6.46   -36.50
  6.87    6.46   -36.52
  6.88    6.46   -36.54
  6.89    6.44   -36.55
  6.88    6.42   -36.58
  6.87    6.46   -36.61
  6.88    6.44   -36.64
  6.87    6.46   -36.66
  6.86    6.46   -36.66
  6.85    6.44   -36.67
  6.84    6.44   -36.67
  6.83    6.44   -36.68
  6.83    6.44   -36.70
  6.83    6.47   -36.71
  6.82    6.47   -36.71
  6.84    6.47   -36.74
  6.86    6.44   -36.75
  6.83    6.45   -36.77
  6.83    6.43   -36.79
  6.82    6.43   -36.78
  6.80    6.46   -36.79
  6.81    6.44   -36.82
  6.83    6.44   -36.84
  6.82    6.44   -36.84
