     0.98     0.03   0.020   43     -0.1     -0.2
     0.98     0.03   0.021   44     -0.6      0.8
     0.99     0.03   0.020   45     -0.1      0.1
     0.98     0.03   0.021   46      0.3      1.3
     0.98     0.03   0.020   47     -1.1      1.6
     0.97     0.03   0.021   48     -1.1      3.7
     0.97     0.03   0.020   49      1.2      1.2
     0.98     0.03   0.021   50     -0.6      0.5
     0.98     0.03   0.020   51     -0.6      0.4
     0.99     0.03   0.021   52     -1.4     -1.9
     0.98     0.03   0.020   53      0.9      0.3
     0.98     0.03   0.020   54     -0.6      0.9
     0.99     0.03   0.021   55      0.3      1.4
     0.98     0.03   0.020   56      0.3      1.3
     0.99     0.03   0.021   57     -0.6     -1.2
     0.97     0.03   0.020   58      2.7      9.1
     0.98     0.04   0.021   59      0.4     -0.3
     1.00     0.03   0.020   60     -1.4     -0.7
     1.00     0.03   0.021   61     -2.6     -2.3
     0.99     0.03   0.020   62     -1.9     -0.8
     0.98     0.04   0.021   63     -0.8     -2.5
     0.98     0.03   0.020   64      0.0      2.4
     0.97     0.03   0.021   65      0.0      2.1
     0.97     0.03   0.020   66     -0.4      0.8
     0.96     0.04   0.021   67     -2.8      9.3
     0.99     0.03   0.020   68      0.2     -0.4
     0.97     0.04   0.021   69      0.5      2.8
     0.99     0.04   0.020   70     -0.3     -1.8
     0.98     0.03   0.021   71      1.0      0.1
     0.99     0.03   0.020   72      0.4     -1.0
     0.98     0.03   0.021   73     -0.5      0.7
     0.98     0.03   0.020   74      1.2      1.6
     0.99     0.03   0.021   75     -0.6      0.7
     0.98     0.03   0.020   76      0.3      1.1
     0.98     0.03   0.021   77     -0.2      1.9
     0.98     0.03   0.020   78      0.3      0.9
     0.99     0.03   0.020   79     -0.2      1.9
     0.98     0.03   0.021   80     -0.6      0.3
     0.98     0.03   0.020   81     -1.4     -0.1
     0.98     0.03   0.021   82     -0.1      1.8
     0.98     0.03   0.020   83      0.4      0.8
     0.98     0.03   0.021   84     -0.5      0.4
     0.98     0.03   0.020   85     -0.5      0.3
     0.98     0.03   0.021   86     -0.1      1.7
     0.98     0.03   0.020   87     -0.5      0.3
     0.98     0.03   0.021   88     -0.5      0.4
     0.98     0.03   0.020   89     -0.4     -1.8
     0.98     0.03   0.021   90      0.8      0.3
     0.97     0.03   0.020   91      0.7      2.3
     0.98     0.04   0.021   92      0.6      0.2
     0.98     0.03   0.020   93     -1.3      1.5
     0.99     0.03   0.021   94     -0.3     -0.2
     0.98     0.03   0.020   95     -0.8      0.6
     0.99     0.03   0.021   96     -0.7      0.9
     0.98     0.03   0.020   97     -0.7      0.6
     0.98     0.03   0.021   98     -0.2      1.9
     0.98     0.03   0.020   99     -0.7      0.5
     0.99     0.03   0.021  100     -0.6      0.7
     0.98     0.03   0.020  101      0.3      1.0
     0.98     0.03   0.021  102     -1.0     -0.8
     0.98     0.03   0.020  103     -1.8     -1.0
     0.98     0.03   0.020  104     -0.9      1.7
     0.99     0.03   0.021  105     -0.4      0.9
     0.98     0.03   0.020  106     -0.8      1.6
     0.97     0.03   0.021  107      1.4      1.3
     0.99     0.03   0.020  108     -1.3      0.3
     0.98     0.03   0.021  109     -0.8      1.6
     0.97     0.03   0.020  110      1.8      4.9
     0.98     0.03   0.021  111     -0.5      0.2
     0.99     0.03   0.020  112     -0.9     -0.8
     0.98     0.03   0.021  113     -0.9      1.3
     0.98     0.03   0.020  114     -0.4      0.3
     0.99     0.03   0.021  115      0.5      1.1
     0.97     0.03   0.020  116     -0.9      1.0
     0.98     0.03   0.021  117     -0.4      0.4
     0.96     0.03   0.020  118      2.2      1.4
     0.98     0.03   0.021  119      1.1      1.3
     0.97     0.03   0.020  120     -1.8      8.4
     1.01     0.03   0.021  121     -2.7     -4.3
     0.99     0.03   0.020  122     -0.9      1.1
     0.97     0.03   0.021  123     -4.3     -1.2
     0.99     0.03   0.020  124      0.9      0.7
     0.98     0.03   0.021  125      2.6     -0.7
     0.99     0.03   0.020  126      0.1     -0.4
     1.00     0.03   0.021  127     -1.6     -3.2
     0.99     0.03   0.020  128     -0.3      1.0
     0.99     0.03   0.020  129     -0.3      0.9
     0.99     0.03   0.021  130     -0.3      0.9
     0.99     0.03   0.020  131      0.2      0.0
     0.98     0.03   0.021  132     -1.6      1.3
     0.98     0.03   0.020  133     -0.2      3.0
     0.98     0.03   0.021  134      0.7      1.0
     0.99     0.03   0.020  135     -0.8      1.5
     0.99     0.03   0.021  136      1.1      0.1
     0.98     0.03   0.020  137      0.0      1.8
     0.99     0.03   0.021  138     -0.8     -0.8
     0.99     0.03   0.020  139      0.1     -0.2
     0.98     0.03   0.020  141     -0.5      0.6
     0.97     0.03   0.021  142      1.2      3.4
     0.99     0.03   0.020  143      0.3      1.0
     0.99     0.03   0.021  144     -0.7      0.4
     0.99     0.03   0.020  145     -0.2      1.8
     0.99     0.03   0.021  146      1.5      0.5
     0.99     0.03   0.020  147     -0.4     -0.4
     0.98     0.03   0.021  148     -0.8      0.4
     0.98     0.03   0.020  149      0.5      2.2
     0.99     0.03   0.021  150     -0.8      0.5
     0.99     0.03   0.020  151      0.1      0.9
     0.99     0.03   0.021  152      0.5      0.1
     0.99     0.03   0.020  153     -0.1      1.0
     1.00     0.03   0.020  154     -0.9      0.6
     0.99     0.03   0.021  155     -2.2      0.8
     0.99     0.03   0.020  156      1.0      1.4
     0.99     0.03   0.021  157     -2.1     -1.4
     0.98     0.03   0.020  158     -0.7      0.4
     0.99     0.03   0.021  159     -1.5      0.1
     0.98     0.03   0.020  160     -0.2      4.1
     1.00     0.04   0.021  161     -1.0     -0.7
     1.00     0.04   0.020  162     -0.1     -0.2
     1.00     0.04   0.021  163     -0.2     -0.1
     1.00     0.05   0.020  164      0.6     -1.6
     1.00     0.05   0.021  165     -1.0      1.1
     0.99     0.04   0.021  167      0.2      0.5
     0.97     0.03   0.020  168     -1.7      3.6
     0.98     0.03   0.021  169     -1.9      0.0
     1.01     0.04   0.020  170     -2.7     -2.0
     0.99     0.04   0.021  171     -2.7      6.5
     0.98     0.04   0.020  172     -2.7     -4.3
     0.97     0.06   0.020  174      0.1      3.2
     0.98     0.06   0.021  175      1.6      1.8
     0.97     0.06   0.020  176      3.3      8.1
     1.00     0.07   0.021  177     -0.3      0.9
     1.00     0.08   0.020  178     -1.8     -3.1
     0.99     0.08   0.020  179      0.3     -0.8
     1.04     0.14   0.020  181     -6.3     -1.6
     1.05     0.28   0.021  182     -4.0      2.2
     0.99     0.41   0.020  183     18.2     -2.9
     0.85     0.23   0.021  184     55.3     -1.1
     1.00     0.73   0.020  185     79.0     81.2
     1.31     2.00   0.021  186     69.8    100.7
     2.22     1.82   0.021  188    322.8     74.2
     1.87     1.23   0.020  189    340.8    152.6
     1.81     0.67   0.021  190    344.4    124.5
     1.60     0.91   0.020  191    291.7    136.8
     1.42     1.44   0.021  192    223.2    135.0
     1.27     1.83   0.020  193    165.6     80.2
     0.83     2.14   0.020  195     42.7     40.1
     0.81     1.78   0.021  196     11.9      8.8
     1.24     1.69   0.020  197    -53.4    -60.3
     1.42     2.27   0.021  198    -92.6   -114.6
     1.21     2.63   0.020  199   -116.1    -83.4
     1.01     2.57   0.021  200   -142.9    -27.9
     0.70     1.84   0.021  202   -125.3    -58.8
     1.07     1.25   0.020  203   -170.9    -99.0
     1.52     1.69   0.020  204   -228.0   -142.9
     1.21     1.62   0.021  205   -209.0   -141.8
     0.88     1.24   0.020  206   -196.6    -70.9
     0.91     0.71   0.021  207   -219.7    -19.6
     1.24     1.05   0.021  209   -243.7    -92.0
     0.46     2.46   0.020  210     63.2    -66.2
     1.67     4.98   0.021  211    405.6     -8.8
     2.37     4.08   0.020  212   -120.5   -203.1
     2.76     2.39   0.021  213    -34.2    281.3
     1.64     2.21   0.020  214     83.3     32.4
     0.75     1.94   0.020  216     57.3     54.6
     1.49     1.97   0.021  217     65.0    -45.9
     1.95     0.71   0.020  218     74.9    153.1
     1.24     0.49   0.021  219     81.6     43.3
     1.11     0.15   0.020  220     76.7     34.1
     1.07     0.16   0.021  221     53.9     41.1
     0.99     0.32   0.021  223     57.6     21.2
     1.00     0.33   0.020  224     47.6     16.5
     0.99     0.30   0.021  225     49.2     15.8
     0.98     0.23   0.020  226     46.5     11.6
     0.94     0.17   0.021  227     44.4     16.7
     0.98     0.09   0.020  228     34.4     12.4
     1.00     0.07   0.021  230     21.6     11.3
     0.98     0.11   0.020  231     20.2     13.3
     0.97     0.16   0.021  232     26.2      7.6
     0.95     0.07   0.020  233     24.6      5.7
     0.96     0.05   0.021  234     18.4      9.7
     0.99     0.05   0.020  235     15.2      6.4
     0.95     0.07   0.020  237     21.9      0.1
     0.97     0.06   0.021  238     20.8      5.0
     1.01     0.15   0.020  239      8.9      3.7
     1.00     0.11   0.021  240      6.9      9.0
     0.98     0.10   0.020  241     12.4      4.2
     0.96     0.14   0.021  242     10.9     17.3
     1.05     0.93   0.021  244     28.6     28.2
     1.11     2.14   0.020  245    118.9     29.0
     1.24     4.46   0.021  246    135.8     81.1
     2.01     7.27   0.020  247    212.2    197.3
     3.99     7.79   0.021  248    443.9    -42.9
     2.37     3.48   0.020  249    436.2    245.9
     1.74     1.30   0.020  251    359.9    255.0
     1.47     2.13   0.021  252    288.2    241.0
     1.45     2.53   0.020  253    330.9    140.8
     1.45     2.44   0.020  254    335.0     64.4
     1.36     2.38   0.021  255    304.6     36.0
     1.26     2.85   0.020    0    233.7     67.6
     1.14     3.72   0.020    2     65.2     99.2
     1.34     3.78   0.021    3    -19.9     81.0
     1.23     4.17   0.020    4    -36.1     42.9
     1.24     4.08   0.021    5    -61.4     12.7
     1.41     3.85   0.020    6    -82.6    -36.4
     1.50     3.82   0.021    7   -101.4   -138.3
     1.96     3.43   0.021    9   -236.0   -276.5
     2.38     3.65   0.020   10   -380.2   -364.3
     2.58     3.72   0.021   11   -532.9   -355.4
     2.26     3.08   0.020   12   -535.5   -197.7
     2.32     1.63   0.021   13   -528.0   -119.1
     2.27     0.79   0.020   14   -466.2   -130.6
     1.85     3.22   0.020   16   -295.4   -353.8
     1.66     4.86   0.021   17    -16.7   -383.7
     0.69     7.76   0.020   18    -69.9   -141.0
     4.47     3.64   0.021   19   -758.2    159.8
     2.33     3.46   0.020   20   -200.0   -213.3
     2.29     1.74   0.021   21    -35.3   -341.6
     1.30     0.82   0.020   23    -57.6    -80.7
     1.21     0.62   0.021   24    -58.2    -39.9
     1.11     0.46   0.020   25    -49.6    -24.7
     1.00     0.26   0.021   26    -34.0    -21.4
     1.01     0.12   0.020   27    -36.7    -13.7
     1.01     0.09   0.021   28    -21.9    -22.1
     0.98     0.16   0.021   30    -10.0    -24.2
     0.99     0.14   0.020   31    -10.8    -22.5
     1.00     0.12   0.021   32    -19.7    -12.8
     0.97     0.11   0.020   33    -21.5     -2.1
     0.98     0.15   0.021   34    -10.6    -12.8
     1.02     0.14   0.020   35    -13.4    -20.8
     0.99     0.13   0.020   37     -7.3     -7.0
     1.00     0.16   0.021   38     -6.4    -11.2
     0.98     0.15   0.020   39     -0.4    -10.4
     0.97     0.12   0.021   40     -0.6     -6.8
     0.96     0.14   0.020   41    -12.0      5.2
     0.97     0.19   0.021   42      1.3      1.1
     1.00     0.43   0.021   44      1.3      4.9
     1.03     0.62   0.020   45     39.0      4.9
     1.12     1.52   0.021   46     69.7     56.7
     1.46     3.80   0.020   47    107.9     72.8
     2.14     5.64   0.020   48    164.2    134.5
     2.18     9.30   0.021   49    251.7    241.1
     2.44     2.55   0.021   51    491.0    289.0
     2.30     1.61   0.020   52    448.4    338.1
     1.95     2.01   0.021   53    366.6    331.7
     1.67     2.41   0.020   54    361.0    224.3
     1.34     2.76   0.020   56    303.9    120.6
     1.42     3.82   0.020   58    184.9    114.0
     1.39     4.07   0.021   59     81.1    114.5
     1.43     4.44   0.020   60    -26.6    112.4
     1.20     4.54   0.021   61    -79.1     90.9
     0.91     4.07   0.020   62    -52.7     72.4
     1.59     4.17   0.021   63    -76.9    -62.8
     2.17     4.87   0.021   65   -196.4   -298.9
     2.64     5.27   0.020   66   -385.2   -395.9
     2.67     5.52   0.021   67   -491.7   -447.8
     2.43     4.30   0.020   68   -523.1   -308.2
     2.74     2.35   0.021   69   -616.5   -131.2
     2.93     2.12   0.020   70   -567.9    -94.7
     2.06     2.97   0.020   72   -309.5   -374.0
     1.41     4.14   0.020   73     23.3   -317.7
     1.75     9.55   0.021   74    415.5     90.1
     4.46     4.61   0.020   75   -733.6   -165.3
     3.84     3.97   0.021   76   -618.2    263.6
     1.92     2.32   0.020   77     94.3   -373.6
     1.12     0.61   0.020   79    -78.0    -12.2
     1.26     0.69   0.021   80    -43.7    -63.9
     1.27     0.22   0.020   81    -70.9    -31.6
     1.05     0.06   0.021   82    -37.6    -14.8
     1.01     0.25   0.020   83    -24.7    -23.8
     1.01     0.21   0.021   84    -26.4    -21.2
     1.00     0.17   0.021   86     -7.9    -28.8
     0.99     0.12   0.020   87    -14.3    -17.5
     1.01     0.08   0.021   88    -11.1    -18.6
     0.98     0.04   0.020   89    -14.2     -8.2
     1.00     0.04   0.021   90     -9.0    -13.8
     0.98     0.05   0.020   91    -14.5     -9.1
     0.99     0.09   0.020   93    -14.3     -3.6
     0.99     0.15   0.021   94    -11.5     -5.0
     0.99     0.19   0.020   95     -1.3    -10.1
     0.97     0.12   0.021   96      2.0     -8.7
     0.97     0.08   0.020   97      4.4     -5.9
     0.97     0.11   0.020   98     -4.6      1.6
     0.96     0.20   0.020  100      4.4      8.4
     0.99     0.38   0.021  101     -7.9      8.1
     0.99     0.57   0.020  102     10.4      0.6
     1.00     1.06   0.021  103     61.0     18.6
     1.22     1.75   0.020  104    115.5     65.2
     1.89     4.40   0.021  105     73.6    102.4
     4.39     8.89   0.021  107    338.2    151.8
     2.43     3.16   0.020  108    420.0    339.0
     2.32     1.84   0.021  109    426.0    325.9
     1.98     1.63   0.020  110    385.8    316.8
     1.77     1.79   0.021  111    344.0    284.8
     1.59     2.09   0.020  112    365.3    165.8
     1.29     3.26   0.020  114    254.2    141.4
     1.20     3.64   0.021  115    172.7    134.4
     1.06     4.24   0.020  116     79.0    108.4
     0.90     4.40   0.021  117      1.6     81.3
     1.24     4.17   0.020  118    -40.2     54.9
     1.91     4.91   0.021  119    -86.6    -83.9
     1.60     4.98   0.021  121   -158.5   -134.0
     1.86     4.85   0.020  122   -220.8   -193.1
     1.95     4.69   0.020  123   -248.3   -310.2
     2.48     4.39   0.021  124   -387.7   -422.6
     2.85     4.58   0.020  125   -537.1   -462.1
     2.55     3.73   0.021  126   -557.5   -318.8
     2.72     0.88   0.021  128   -468.0   -132.1
     2.37     1.67   0.020  129   -365.4   -245.6
     1.98     3.03   0.021  130   -300.7   -364.7
     1.61     6.15   0.020  131    -87.4   -283.3
     2.12     9.24   0.021  132    471.9   -132.6
     4.29     3.73   0.020  133   -670.8   -413.2
     1.06     3.16   0.020  135     60.6   -197.1
     1.49     2.04   0.021  136   -130.0   -175.4
     1.43     0.82   0.020  137    -97.5    -65.8
     1.12     0.77   0.021  138    -48.8    -51.5
     1.16     0.71   0.020  139    -50.6    -23.5
     1.12     0.43   0.021  140    -61.7    -25.3
     1.01     0.10   0.021  142    -31.6    -21.3
     0.98     0.10   0.020  143    -22.2    -26.2
     0.99     0.06   0.021  144    -26.6    -15.2
     0.98     0.05   0.020  145    -20.0    -16.8
     0.98     0.08   0.021  146    -17.6    -13.2
     0.97     0.06   0.020  147    -11.3    -13.1
     0.97     0.05   0.021  149    -16.9     -3.2
     0.99     0.14   0.020  150    -15.3     -7.0
     0.98     0.21   0.021  151    -10.9     -9.1
     0.97     0.21   0.020  152     -7.6     -9.0
     0.97     0.19   0.021  153     -2.9     -7.6
     1.00     0.17   0.020  154     -7.4    -10.9
     0.98     0.14   0.020  156    -10.8      4.0
     0.97     0.28   0.021  157    -10.5     11.9
     0.96     0.44   0.020  158      9.0      3.7
     0.98     0.55   0.021  159     12.3      5.1
     1.01     0.66   0.020  160     38.6     -1.8
     1.05     1.28   0.021  161     60.6     27.9
     3.08     8.22   0.021  163     93.1    116.0
     2.47    11.45   0.020  164    376.7    367.6
     3.94     4.00   0.021  165    477.1    296.7
     2.14     2.92   0.020  166    451.8    300.0
     2.23     2.20   0.021  167    540.9    153.4
     1.76     0.91   0.020  168    432.6    120.9
     1.62     2.61   0.020  170    268.2    257.8
     1.44     3.24   0.021  171    180.0    236.0
     1.30     3.97   0.020  172    144.8    159.3
     1.34     4.53   0.020  173     93.8    109.6
     1.31     4.95   0.021  174     19.0     65.3
     1.24     4.99   0.020  175    -55.2     34.9
     1.83     4.95   0.020  177   -119.2    -74.3
     1.72     5.04   0.021  178   -153.7   -133.4
     1.68     4.69   0.020  179   -168.4   -209.2
     2.00     4.37   0.021  180   -216.3   -347.0
     1.96     3.73   0.020  181   -316.8   -351.1
     2.35     3.06   0.021  182   -489.4   -329.4
     2.56     2.01   0.021  184   -537.8   -195.8
     2.39     0.69   0.020  185   -398.5   -232.3
     2.02     1.87   0.021  186   -360.5   -292.4
     1.15     4.95   0.020  187   -166.0   -109.5
     1.52     2.84   0.021  188    -21.6   -355.6
     1.01     8.42   0.020  189    141.4      1.1
     2.36     2.66   0.020  191     91.7   -411.2
     1.54     2.78   0.021  192   -168.8     70.5
     1.29     0.79   0.020  193    -84.8    -80.1
     1.24     0.52   0.021  194    -56.4    -55.8
     1.07     0.21   0.020  195    -41.6    -21.2
     1.00     0.20   0.021  196    -27.7     -8.1
     0.99     0.24   0.020  198    -31.3     -8.5
     1.02     0.31   0.021  199    -21.4    -25.1
     1.00     0.31   0.020  200    -21.8    -16.8
     0.99     0.30   0.021  201    -10.9    -19.0
     0.98     0.23   0.020  202     -3.6    -16.3
     0.97     0.11   0.021  203     -5.7    -14.8
     0.99     0.06   0.021  205    -11.5     -7.6
     0.99     0.06   0.020  206    -17.3     -7.1
     0.98     0.06   0.021  207     -9.4     -7.6
     0.99     0.05   0.020  208    -13.2     -4.0
     0.98     0.11   0.021  209    -12.5      0.1
     0.99     0.16   0.020  210     -7.6     -3.6
     0.97     0.08   0.020  212     -0.5     -8.2
     0.97     0.09   0.021  213      1.1     -3.8
     0.97     0.13   0.020  214    -12.9      3.4
     0.95     0.22   0.021  215      4.3      6.2
     0.96     0.32   0.020  216      6.7      9.5
     0.99     0.53   0.021  217      3.1      7.3
     1.06     1.98   0.021  219     90.0     66.7
     1.46     4.18   0.020  220    103.0     25.4
     2.23     8.86   0.021  221    216.0    234.5
     2.11     9.90   0.020  222    339.6    200.2
     6.03     7.25   0.020  223    562.4    213.6
     2.28     1.98   0.021  224    429.7    395.5
     2.00     0.33   0.021  226    476.1    168.9
     1.62     1.50   0.020  227    347.9    206.7
     1.43     2.04   0.021  228    245.3    253.5
     1.35     3.02   0.020  229    160.6    269.9
     1.24     3.85   0.021  230    108.1    232.9
     1.19     4.44   0.020  231     76.5    161.6
     0.79     4.59   0.020  233     12.4    -21.8
     0.89     4.08   0.021  234    -13.6    -44.5
     1.39     3.74   0.020  235    -27.5    -39.9
     1.99     4.18   0.021  236   -101.1   -107.9
     2.20     4.80   0.020  237   -184.2   -202.7
     2.29     5.15   0.021  238   -252.5   -305.3
     2.23     5.01   0.021  240   -407.6   -328.7
     2.05     4.04   0.020  241   -437.9   -286.9
     2.19     2.83   0.021  242   -499.2   -217.5
     2.46     2.91   0.020  243   -552.0   -160.6
     2.19     1.37   0.021  244   -340.2   -264.8
     1.89     1.71   0.020  245   -313.5   -321.8
     3.53     3.25   0.020  247    683.0    591.7
     4.80     8.46   0.020  248   -893.2   -388.9
     3.07     3.58   0.021  249   -506.5     80.1
     1.90     3.39   0.020  250    158.5   -370.8
     1.16     1.90   0.021  251   -174.9    -20.5
     1.31     1.19   0.020  252    -78.8   -102.2
     1.14     0.65   0.020  254    -49.4    -17.1
     1.15     0.41   0.021  255    -47.2    -24.8
     1.12     0.33   0.020    0    -33.1    -25.7
     1.07     0.23   0.021    1    -33.6    -19.3
     1.01     0.19   0.020    2    -24.2    -11.3
     1.02     0.22   0.021    3    -21.2    -17.0
     0.96     0.18   0.021    5     -1.9    -17.0
     0.98     0.08   0.020    6     -8.1    -13.8
     0.99     0.09   0.021    7     -9.2    -12.3
     0.97     0.08   0.020    8     -2.9     -7.7
     0.95     0.11   0.021    9      0.7     -5.2
     0.98     0.16   0.020   10     -8.3     -7.7
     1.00     0.19   0.020   12     -9.2     -5.8
     1.00     0.21   0.021   13    -11.0     -6.0
     1.00     0.25   0.020   14     -7.6     -9.8
     0.98     0.20   0.021   15     -2.2     -7.9
     0.95     0.09   0.020   16     14.0     -7.5
     0.98     0.20   0.020   17      9.9     -8.8
     1.00     0.39   0.020   19     -1.9      4.1
     0.96     0.52   0.021   20     21.7     28.3
     0.92     1.17   0.020   21     48.1     25.9
     1.05     1.51   0.021   22     10.2     27.8
     1.14     2.46   0.020   23    110.8     58.6
     1.50     5.24   0.021   24     71.0    124.7
     3.76     6.91   0.021   26    463.3    128.4
     2.52     2.48   0.020   27    455.8    359.5
     2.02     2.26   0.021   28    360.8    344.2
     1.82     1.06   0.020   29    394.0    243.1
     1.60     0.80   0.021   30    323.1    247.1
     1.57     1.49   0.020   31    313.7    207.4
     1.31     3.39   0.020   33    170.7    177.0
     1.37     4.00   0.021   34     98.8    161.1
     1.44     4.63   0.020   35     27.7    139.5
     1.38     4.93   0.021   36    -42.1    102.7
     1.16     4.75   0.020   37    -67.8     28.0
     1.33     4.39   0.021   38    -87.3     -4.0
     1.41     3.90   0.021   40    -79.9    -98.9
     2.17     3.95   0.020   41   -168.0   -258.0
     2.74     4.56   0.020   42   -286.2   -433.0
     2.64     4.59   0.021   43   -417.0   -448.9
     2.63     3.90   0.020   44   -566.1   -305.2
     2.85     3.23   0.021   45   -559.9   -158.0
     2.22     1.38   0.021   47   -436.5   -261.8
     0.85     3.31   0.020   48   -125.5   -119.4
     3.31     5.41   0.021   49    791.9    170.4
     4.36     8.69   0.020   50   -458.8   -714.7
     3.51     4.80   0.021   51   -517.3    306.9
     1.20     3.11   0.020   52    -68.3    -50.9
     1.79     2.01   0.020   54   -163.9     27.4
     1.44     0.39   0.021   55    -30.0   -102.6
     1.21     0.18   0.020   56    -21.9    -30.9
     1.08     0.31   0.021   57    -10.9    -16.4
     1.02     0.28   0.020   58     -4.8    -13.2
     0.99     0.19   0.021   59     -1.3    -13.5
     1.00     0.25   0.021   61     -9.8     -5.8
     0.97     0.32   0.020   62     -1.2     -5.3
     0.98     0.31   0.021   63     -4.1     -5.5
     0.97     0.30   0.020   64      7.8    -13.1
     0.97     0.17   0.021   65      6.3    -12.6
     0.97     0.09   0.020   66      1.2     -8.3
     0.99     0.10   0.021   68     -4.6     -4.5
     0.98     0.11   0.020   69     -5.4     -3.3
     0.98     0.12   0.021   70     -3.4     -4.9
     0.99     0.11   0.020   71     -3.3     -3.9
     0.98     0.13   0.021   72     -1.3     -4.2
     0.98     0.11   0.020   73      2.4     -5.5
     0.98     0.08   0.020   75     -8.4     -2.0
     0.99     0.14   0.021   76      2.5      6.9
     0.97     0.21   0.020   77      0.6     10.1
     0.94     0.32   0.021   78     24.9     20.9
     0.95     0.76   0.020   79     50.4     26.3
     1.02     1.38   0.021   80     36.1     23.5
     1.75     5.67   0.021   82     57.6     64.8
     2.17     9.64   0.020   83    285.7    179.2
     2.19    10.51   0.021   84    347.7    265.1
     3.09     3.64   0.020   85    522.5    248.1
     1.81     2.92   0.021   86    340.5    312.8
     2.10     1.85   0.020   87    494.4    186.4
     1.65     1.19   0.020   89    381.1    163.4
     1.61     2.24   0.021   90    340.2    178.7
     1.35     3.36   0.020   91    245.5    172.9
     1.24     4.01   0.020   92    162.5    164.8
     1.34     4.49   0.021   93     88.0    135.2
     1.23     4.68   0.020   94     10.5     82.8
     0.96     4.07   0.020   96    -30.3    -54.1
     1.58     3.94   0.021   97    -49.3    -50.4
     1.94     4.55   0.020   98   -126.4   -167.9
     2.02     4.65   0.021   99   -196.3   -234.8
     1.95     4.62   0.020  100   -280.9   -283.9
     1.84     4.47   0.021  101   -333.9   -293.0
     2.54     2.96   0.021  103   -574.9   -300.9
     2.42     2.51   0.020  104   -487.0   -221.5
     2.23     0.82   0.021  105   -350.8   -236.1
     1.68     0.57   0.020  106   -193.3   -105.5
     1.80     5.84   0.021  107      3.9   -344.4
     3.22     6.52   0.020  108   -394.0   -330.8
     1.55     2.87   0.020  110    -80.9   -193.4
     0.83     2.58   0.021  111     37.2   -115.9
     3.59     2.73   0.020  112   -228.4    -95.2
     1.76     1.05   0.021  113   -111.5     10.5
     1.22     0.14   0.020  114    -46.6    -47.2
     1.08     0.22   0.021  115    -30.8    -32.9
     0.98     0.16   0.020  117    -12.2    -18.7
     0.99     0.11   0.021  118    -26.6    -21.8
     0.99     0.21   0.020  119    -23.5    -11.8
     0.98     0.29   0.021  120    -12.8    -12.3
     0.98     0.29   0.020  121     -7.6    -15.0
     0.99     0.24   0.021  122    -11.9    -17.6
     0.98     0.16   0.021  124    -10.2    -11.2
     0.98     0.15   0.020  125     -5.7     -9.1
     0.98     0.13   0.021  126     -7.5     -5.6
     0.98     0.15   0.020  127    -11.0     -6.5
     0.98     0.18   0.021  128     -7.1     -5.1
     0.98     0.18   0.020  129     -3.9     -6.6
     0.95     0.13   0.020  131     12.6     -9.3
     0.97     0.18   0.021  132      2.1     -3.0
     0.98     0.22   0.020  133     -8.2      2.4
     1.00     0.24   0.021  134     -9.5      5.1
     1.00     0.30   0.020  135     -4.5     -0.9
     0.97     0.38   0.021  136     13.7     16.4
     1.02     1.97   0.021  138     93.9     39.0
     1.31     4.79   0.020  139    140.8     78.4
     2.32     7.83   0.021  140    269.5    279.5
     2.48    12.52   0.020  141    491.0    268.9
     5.52     6.08   0.020  142    443.7    144.7
     2.41     3.17   0.021  143    425.4    422.9
     1.50     0.99   0.021  145    325.3    205.7
     1.48     0.97   0.020  146    342.5    161.1
     1.31     3.25   0.020  148    238.4    194.1
     1.23     4.02   0.021  149    157.1    193.4
     1.22     4.63   0.020  150     97.1    145.3
     1.29     4.87   0.020  152     -7.3    -14.8
     1.47     4.98   0.021  153    -48.7    -68.2
     1.26     5.07   0.020  154    -80.1    -58.4
     1.45     4.61   0.021  155   -116.9    -85.7
     2.03     4.23   0.020  156   -173.0   -174.5
     2.54     4.25   0.021  157   -251.4   -332.5
     2.83     4.96   0.021  159   -481.5   -529.4
     2.76     4.36   0.020  160   -538.9   -398.8
     3.06     2.80   0.021  161   -631.3   -228.3
     2.82     2.17   0.020  162   -459.6   -157.7
     2.43     0.69   0.021  163   -373.1   -303.2
     1.30     2.09   0.020  164   -163.0   -242.1
     5.18     9.92   0.020  166   -777.1   -977.9
     3.52     3.27   0.020  167   -627.0    170.9
     1.44     3.27   0.021  168    -36.7   -210.6
     1.23     2.61   0.020  169     24.8   -192.8
     2.77     1.99   0.021  170   -227.3   -194.2
     1.04     0.74   0.020  171    -72.8     14.5
     1.30     0.51   0.020  173    -65.2    -22.2
     1.13     0.18   0.021  174    -48.0     -3.2
     1.11     0.31   0.020  175    -58.1    -12.0
     1.03     0.44   0.021  176    -33.7    -11.9
     1.00     0.53   0.020  177    -21.2     -7.5
     0.99     0.44   0.021  178    -11.9    -18.6
     0.99     0.28   0.021  180    -11.6    -15.1
     0.98     0.20   0.020  181    -21.3    -15.3
     0.98     0.16   0.021  182    -10.6     -8.2
     0.99     0.12   0.020  183    -16.1     -8.3
     0.99     0.08   0.021  184     -9.2     -7.7
     0.98     0.06   0.020  185     -8.3     -5.5
     0.97     0.01   0.020  187     -2.4     -3.6
     0.98     0.04   0.021  188    -10.6      3.0
     0.99     0.09   0.020  189     -5.8      0.0
     0.98     0.12   0.021  190     -3.4      1.5
     0.97     0.20   0.020  191      3.2      3.9
     0.99     0.32   0.020  192     -5.4      3.7
     1.00     0.42   0.021  193     -5.0      5.1
     1.03     0.50   0.020  194     -5.7      3.7
     0.98     1.03   0.021  195     47.0     12.3
     1.00     1.89   0.020  196    118.9     51.5
     1.22     4.54   0.021  197    113.7     82.4
     2.18     7.96   0.020  198    252.8    182.6
     2.58    10.11   0.021  199    304.4    418.5
     2.51     2.58   0.021  201    442.9    419.5
     2.13     1.69   0.020  202    422.3    291.1
     1.77     1.82   0.021  203    392.7    205.9
     1.48     1.92   0.020  204    300.1    212.0
     1.07     2.36   0.021  205    216.8    137.9
     1.09     2.72   0.020  206    166.8    137.9
     1.62     3.32   0.020  208     40.9    109.5
     1.39     4.15   0.021  209    -13.2     35.4
     1.13     4.58   0.020  210    -19.8    -44.8
     1.25     4.45   0.021  211    -29.3   -100.4
     1.33     4.42   0.020  212    -60.3    -95.4
     1.50     4.26   0.021  213   -102.7   -146.1
     2.99     5.06   0.021  215   -359.4   -451.9
     2.50     5.69   0.020  216   -424.0   -410.8
     2.48     4.96   0.020  217   -520.6   -361.2
     2.78     4.33   0.021  218   -600.0   -274.0
     3.07     3.28   0.020  219   -553.2   -184.6
     2.79     2.15   0.021  220   -246.2   -274.7
     1.83     4.67   0.021  222   -192.2   -427.3
     2.60     7.52   0.020  223    562.4    354.0
     4.32     9.07   0.021  224   -793.5   -382.1
     2.91     3.84   0.020  225   -497.0    188.4
     1.08     3.22   0.021  226     25.0   -180.7
     2.58     2.91   0.020  227   -127.6   -290.8
     1.31     0.43   0.020  229   -102.9    -16.9
     1.22     0.26   0.021  230    -78.5    -20.0
     1.06     0.30   0.020  231    -52.4    -21.5
     1.01     0.24   0.021  232    -45.0     -9.7
     0.98     0.17   0.020  233    -38.5     -9.4
     0.99     0.18   0.021  234    -41.1     -9.3
     0.99     0.25   0.021  236    -25.2    -10.4
     0.99     0.20   0.020  237    -22.3     -9.3
     0.99     0.16   0.021  238    -18.7     -8.9
     0.99     0.13   0.020  239    -19.9    -11.2
     0.98     0.11   0.021  240    -18.6     -6.5
     0.96     0.10   0.020  241    -16.5     -0.2
     0.98     0.21   0.021  243    -17.9     -2.5
     0.98     0.24   0.020  244    -11.5     -2.0
     0.98     0.27   0.021  245    -12.4      0.7
     0.97     0.27   0.020  246     -9.0     -3.5
     0.97     0.24   0.021  247      1.1     -4.6
     1.00     0.24   0.020  248     -7.8     -4.4
     0.97     0.28   0.020  250    -10.2      6.7
     0.96     0.46   0.021  251     11.3     11.2
     0.98     0.55   0.020  252     -0.5      8.3
     1.03     0.71   0.021  253     27.1     -4.7
     1.05     1.78   0.020  254     77.2     38.0
     1.26     5.01   0.021  255    175.9    133.1
     2.38    12.15   0.021    1    404.4    279.2
     5.13     4.24   0.020    2    496.1    341.7
     2.26     3.16   0.021    3    512.6    201.0
     2.00     2.08   0.020    4    487.1    121.1
     1.51     1.62   0.021    5    364.0    117.0
     1.31     2.04   0.020    6    284.9    161.1
     1.11     3.30   0.020    8    157.6    150.3
     1.15     3.89   0.021    9     92.8    128.5
     1.03     4.35   0.020   10     20.7     90.8
     1.04     4.44   0.020   11    -17.7     17.0
     1.47     4.35   0.021   12    -30.9    -56.4
     1.56     4.59   0.020   13    -71.1    -55.5
     1.72     4.81   0.020   15   -153.9   -167.7
     2.08     4.84   0.021   16   -231.8   -290.6
     2.68     5.02   0.020   17   -378.3   -427.3
     2.79     5.15   0.021   18   -525.3   -444.3
     2.54     4.89   0.020   19   -567.9   -288.9
     2.84     3.39   0.021   20   -616.6    -99.9
     2.55     1.53   0.021   22   -333.6   -233.5
     1.14     2.56   0.020   23   -201.9    -61.9
     1.76     4.16   0.021   24    -15.5   -259.6
     2.15     8.97   0.020   25    211.1   -505.0
     4.54     5.25   0.021   26   -755.1   -199.2
     2.52     4.02   0.020   27   -393.0    -41.9
     2.18     2.02   0.020   29   -255.3    -64.4
     1.35     0.37   0.021   30    -54.9   -126.6
     1.30     0.13   0.020   31    -70.8    -71.0
     1.14     0.26   0.021   32    -48.0    -59.8
     1.04     0.28   0.020   33    -34.7    -48.7
     1.00     0.24   0.021   34    -30.9    -39.6
     1.03     0.36   0.020   36    -28.9    -43.1
     0.99     0.34   0.021   37    -17.8    -35.7
     0.99     0.34   0.020   38    -17.7    -26.3
     0.96     0.31   0.021   39    -11.1    -24.2
     0.99     0.29   0.020   40    -13.5    -23.1
     0.97     0.30   0.021   41    -13.5    -23.5
     0.95     0.15   0.021   43     -5.8    -22.6
     0.95     0.10   0.020   44      1.6    -15.9
     0.94     0.23   0.021   45      0.3    -13.1
     0.96     0.27   0.020   46     -8.7    -14.0
     1.02     0.17   0.021   47    -19.7    -11.5
     1.00     0.07   0.020   48    -10.4    -17.1
     0.96     0.25   0.020   50      5.5     -6.9
     0.98     0.32   0.021   51     -3.2     -1.3
     0.98     0.40   0.020   52     -3.6     -3.2
     0.95     0.56   0.021   53     17.4      7.8
     0.99     0.76   0.020   54      2.5      8.5
     1.00     1.13   0.021   55     24.7     12.8
     1.98     3.83   0.021   57    126.6    287.1
     2.20     8.15   0.020   58    106.2    272.1
     5.21     9.98   0.021   59    423.6     35.4
     2.30     3.47   0.020   60    443.6    351.7
     2.29     2.25   0.020   61    476.4    297.6
     1.93     1.43   0.021   62    362.1    329.0
     1.70     1.54   0.021   64    287.0    296.9
     1.45     2.70   0.020   65    217.5    251.5
     1.27     3.61   0.021   66    171.1    192.4
     1.18     4.51   0.021   68     82.7     76.0
     1.16     4.89   0.020   69     29.7     22.3
     1.38     4.91   0.020   71    -12.9    -88.9
     1.58     4.83   0.021   72    -46.7   -129.9
     1.60     4.74   0.020   73    -78.4   -151.4
     2.14     4.64   0.021   74   -175.8   -231.8
     2.66     4.93   0.020   75   -286.5   -386.9
     2.30     5.24   0.021   76   -356.0   -377.3
     2.56     3.69   0.021   78   -583.8   -232.2
     3.01     3.21   0.020   79   -557.2   -188.3
     2.96     2.01   0.021   80   -351.5   -349.2
     2.46     2.32   0.020   81   -282.2   -394.8
     2.25     4.58   0.021   82   -180.1   -542.7
     1.54    10.25   0.020   83    364.6    150.0
     2.81     4.78   0.020   85   -434.8    -10.4
     2.32     3.03   0.020   86    168.3   -446.4
     1.45     2.56   0.021   87   -241.1     22.3
     1.89     0.90   0.020   88   -171.0   -108.3
     1.38     0.28   0.021   89   -111.5    -52.0
     1.09     0.24   0.020   90    -59.1    -33.5
     1.02     0.14   0.020   92    -45.3    -18.9
     1.01     0.18   0.021   93    -45.5    -22.5
     1.00     0.23   0.020   94    -35.5    -22.5
     1.00     0.25   0.021   95    -30.3    -18.9
     0.98     0.25   0.020   96    -21.0    -17.1
     0.98     0.18   0.021   97    -19.8    -15.3
     0.98     0.13   0.021   99    -16.6    -14.4
     0.98     0.10   0.020  100    -14.9    -10.9
     0.97     0.12   0.021  101    -13.5     -6.7
     0.97     0.14   0.020  102    -16.0     -4.7
     0.98     0.16   0.021  103    -15.0     -4.9
     0.97     0.20   0.020  104    -17.5     -4.3
     0.99     0.30   0.020  106    -14.2     -5.9
     0.97     0.28   0.021  107     -2.3     -4.0
     0.97     0.18   0.020  108      5.7     -6.1
     0.98     0.14   0.021  109    -11.9      8.8
     0.97     0.19   0.020  110    -10.5      6.0
     0.98     0.31   0.020  111      4.7      7.3
     1.00     0.64   0.020  113     32.3     10.5
     1.17     1.22   0.021  114     98.0     42.7
     1.76     3.37   0.020  115    122.7    134.7
     2.79     7.90   0.021  116    173.2    159.4
     2.95    11.82   0.020  117    351.3    405.9
     2.60     8.38   0.021  118    423.2    365.7
     2.14     2.15   0.021  120    488.6    202.2
     1.50     1.92   0.020  121    349.6    148.2
     1.20     2.04   0.021  122    266.3    140.0
     1.10     2.51   0.020  123    226.8    120.7
     1.00     2.76   0.021  124    160.8    112.5
     0.88     3.21   0.020  125    107.6     91.2
     1.46     3.71   0.020  127      2.0     20.6
     1.29     4.18   0.021  128    -63.3     -3.7
     1.27     4.20   0.020  129   -111.3      2.7
     1.49     4.11   0.021  130   -148.4    -10.2
     1.53     4.24   0.020  131   -162.4    -60.9
     1.53     4.26   0.021  132   -172.8   -105.3
     2.34     5.00   0.021  134   -293.7   -367.1
     2.26     5.12   0.020  135   -367.0   -402.1
     2.36     4.77   0.020  136   -471.0   -375.7
     2.48     3.65   0.021  137   -493.8   -249.0
     2.89     2.68   0.020  138   -478.8   -151.9
     2.77     0.82   0.021  139   -341.0   -209.0
     1.55     3.52   0.021  141   -227.8   -212.3
     1.88    10.60   0.020  142    407.6   -166.6
     4.37     4.63   0.021  143   -827.1   -267.0
     2.77     3.86   0.020  144   -533.7     41.3
     1.65     2.56   0.021  145     62.3   -308.1
     1.60     2.94   0.020  146   -238.0   -133.2
     1.50     0.07   0.020  148   -151.6    -56.3
     1.13     0.11   0.021  149    -93.1    -58.1
     1.03     0.10   0.020  150    -64.9    -50.8
     1.01     0.12   0.021  151    -63.2    -48.1
     1.00     0.19   0.020  152    -61.3    -36.1
     0.99     0.27   0.021  153    -46.9    -39.8
     0.99     0.33   0.021  155    -37.9    -33.1
     0.97     0.23   0.020  156    -22.6    -32.1
     0.96     0.17   0.021  157    -18.4    -28.0
     0.99     0.10   0.020  158    -27.8    -25.9
     0.98     0.11   0.021  159    -26.8    -17.9
     0.94     0.02   0.020  160    -14.8    -12.8
     0.97     0.01   0.021  162    -21.5     -9.6
     0.99     0.03   0.020  163    -24.1    -10.2
     1.01     0.10   0.021  164    -22.4    -13.1
     0.98     0.17   0.020  165    -18.2    -10.8
     0.99     0.22   0.021  166     -7.6    -17.3
     0.95     0.14   0.020  167     12.3    -10.2
     1.02     0.26   0.020  169    -10.2    -10.1
     1.00     0.28   0.021  170    -18.0      3.1
     0.92     0.28   0.020  171     11.6     27.0
     1.00     0.50   0.021  172      1.5      1.3
     1.03     0.75   0.020  173      2.8      5.1
     1.05     0.94   0.021  174     64.3     45.1
     2.02     5.51   0.021  176    171.2    165.1
     2.11    10.33   0.020  177    307.2    201.2
     4.75     7.16   0.021  178    276.3    168.0
     2.19     3.81   0.020  179    334.9    408.8
     2.05     2.85   0.021  180    413.2    246.5
     1.81     1.52   0.020  181    382.7    227.4
     1.27     1.94   0.020  183    213.1    223.1
     1.13     2.64   0.021  184    180.5    172.6
     1.03     3.40   0.020  186    114.5     74.7
     1.02     3.83   0.021  187     64.1     38.2
     1.02     4.13   0.020  188      0.4     13.7
     1.41     4.44   0.020  190    -76.9    -79.3
     1.36     4.58   0.021  191    -94.1   -107.5
     1.36     4.39   0.020  192   -108.4   -127.3
     1.97     4.19   0.021  193   -184.1   -199.3
     2.57     4.75   0.020  194   -278.0   -326.1
     2.43     5.15   0.021  195   -295.7   -420.0
     2.38     4.37   0.021  197   -431.8   -414.8
     2.51     3.23   0.020  198   -426.8   -268.1
     2.86     2.09   0.021  199   -387.5   -240.0
     2.65     1.17   0.020  200   -250.8   -295.4
     1.94     4.01   0.021  201    -64.3    -99.4
     3.58     5.13   0.020  202    351.4    746.1
     3.07     4.74   0.020  204   -523.3    -85.4
     1.76     3.01   0.021  205    -37.8   -351.7
     2.28     2.52   0.020  206   -159.7   -375.5
     2.03     1.28   0.021  207   -237.5   -124.3
     1.55     0.12   0.020  208   -158.6   -128.8
     1.12     0.15   0.021  209    -62.0   -106.6
     1.01     0.13   0.020  211    -51.7    -68.8
     1.01     0.19   0.021  212    -48.6    -72.2
     0.99     0.21   0.020  213    -44.8    -58.5
     0.98     0.25   0.021  214    -35.1    -51.5
     1.00     0.22   0.020  215    -24.5    -53.2
     0.97     0.20   0.021  216    -20.0    -43.4
     0.97     0.14   0.021  218    -21.2    -35.4
     0.99     0.10   0.020  219    -16.7    -35.6
     0.99     0.07   0.021  220    -14.1    -31.5
     0.99     0.04   0.020  221    -18.6    -26.4
     0.98     0.03   0.021  222    -15.3    -23.2
     0.99     0.04   0.020  223    -15.8    -21.5
     0.99     0.07   0.020  225    -20.1    -18.6
     0.99     0.17   0.021  226    -13.2    -13.1
     0.98     0.21   0.020  227      2.0    -14.1
     0.96     0.09   0.021  228     12.2    -13.0
     0.98     0.13   0.020  229     -1.7    -11.2
     0.97     0.19   0.021  230     -5.4     -4.1
     0.97     0.40   0.021  232     -4.6     13.4
     0.97     0.58   0.020  233      1.8      8.0
     1.03     0.73   0.021  234     -4.7     -5.0
     1.00     0.86   0.020  235     40.8     29.9
     1.20     1.89   0.020  236     88.3     74.7
     1.64     4.27   0.021  237    112.3    126.0
     1.94    11.53   0.021  239    198.2    342.9
     4.23     8.79   0.020  240    275.9    438.0
     2.10     2.65   0.021  241    317.8    410.2
     1.97     2.38   0.020  242    397.8    266.3
     1.67     1.81   0.021  243    363.0    208.7
     1.31     1.59   0.020  244    286.3    166.4
     0.96     2.16   0.020  246    168.8    140.1
     0.86     2.66   0.021  247    143.9    105.4
     1.02     2.89   0.020  248    112.5    101.0
     1.41     3.43   0.021  249     60.3     90.6
     1.43     4.11   0.020  250     -6.5     65.6
     1.30     4.44   0.021  251    -58.5     25.5
     1.40     4.53   0.021  253   -109.2    -50.7
     1.81     4.48   0.020  254   -142.9   -137.0
     2.11     4.94   0.021  255   -201.5   -221.0
     1.91     5.15   0.020    0   -243.9   -218.2
     1.86     5.07   0.021    1   -281.3   -243.5
     1.94     4.74   0.020    2   -304.2   -292.5
     1.43     3.89   0.020    4   -293.1   -210.1
     1.25     3.32   0.020    5   -248.4   -202.7
     1.23     2.88   0.021    6   -204.9   -239.4
     1.26     2.65   0.020    7   -143.4   -283.5
     1.35     2.28   0.021    8   -179.6   -223.8
     1.43     1.55   0.020    9   -184.5   -158.2
     1.44     6.17   0.020   11   -312.6   -143.0
     4.49     7.28   0.021   12    635.3    158.6
     4.36    10.59   0.020   13   -669.7     19.1
     2.08     6.15   0.021   14   -218.2   -209.1
     1.41     3.60   0.020   15    -48.1   -163.6
     1.44     3.15   0.021   16   -168.1    106.4
     1.53     2.15   0.021   18    -77.6     24.3
     1.58     1.15   0.020   19    -79.8     25.9
     1.16     0.31   0.021   20    -49.2     14.4
     0.97     0.28   0.020   21     -4.6     15.4
     1.02     0.33   0.021   22    -14.8      7.6
     1.02     0.35   0.020   23    -27.7      9.8
     1.00     0.26   0.020   25    -10.5      5.5
     1.00     0.27   0.021   26    -11.6      4.1
     1.02     0.19   0.020   27    -19.0      6.2
     1.00     0.14   0.021   28     -8.3      1.0
     0.99     0.12   0.020   29     -6.8      1.7
     0.99     0.10   0.020   30     -4.8      1.5
     0.99     0.10   0.020   32     -7.6      5.8
     0.98     0.11   0.021   33     -4.5      3.7
     0.99     0.12   0.020   34     -3.0      2.3
     0.99     0.12   0.021   35     -3.7      4.4
     1.00     0.11   0.020   36     -2.9      2.5
     0.99     0.09   0.021   37     -5.2      4.1
     0.99     0.08   0.021   39     -3.4     -0.7
     1.00     0.07   0.020   40     -4.4      0.1
     0.99     0.06   0.021   41     -0.1     -0.9
     0.99     0.03   0.020   42     -1.5     -0.5
     0.99     0.04   0.021   43     -1.8     -2.0
     1.00     0.09   0.020   44     -5.7      2.8
     0.98     0.07   0.020   46      3.8      0.1
     0.99     0.05   0.021   47      0.3     -0.6
     1.00     0.06   0.020   48     -0.3      2.5
     0.99     0.06   0.021   49     -2.1      4.3
     0.99     0.07   0.020   50     -2.6      2.2
     1.00     0.09   0.021   51     -2.8      0.9
     0.99     0.18   0.021   53     -2.2      3.1
     0.98     0.15   0.020   54      2.1      1.7
     0.99     0.13   0.020   55      2.2      2.0
     0.99     0.14   0.021   56     -2.9     -0.7
     0.99     0.14   0.020   57     -0.7      0.7
     0.98     0.13   0.021   58      1.5     -2.4
     0.98     0.09   0.021   60      1.2      0.4
     1.01     0.08   0.020   61      0.4     -1.5
     0.99     0.06   0.021   62      1.3      3.2
     0.99     0.04   0.020   63     -0.9     -1.5
     0.98     0.03   0.021   64      1.5      2.0
     0.97     0.03   0.020   65     -0.2      1.8
     0.98     0.04   0.020   67      3.3      1.4
     0.97     0.04   0.021   68      0.5      3.1
     0.99     0.03   0.020   69      0.6      1.1
     0.98     0.04   0.021   70     -2.8      2.4
     0.99     0.07   0.020   71      1.7      2.7
     0.97     0.06   0.021   72      3.8      1.2
     0.99     0.05   0.021   74      0.3      1.5
     1.02     0.05   0.020   75     -1.8     -0.2
     1.00     0.06   0.021   76     -0.3      2.5
     1.02     0.06   0.020   77     -0.9     -4.2
