     0.96     0.03   0.021  156     -0.8     -0.1
     0.97     0.03   0.020  157     -0.8     -1.0
     0.96     0.03   0.021  158     -0.9      0.0
     0.96     0.03   0.020  159     -2.9     -0.3
     0.96     0.03   0.020  160      0.1      1.2
     0.96     0.03   0.021  161     -0.6     -1.0
     0.97     0.03   0.020  162     -1.0      0.1
     0.96     0.03   0.021  163     -0.9      0.0
     0.97     0.03   0.020  164     -1.0      0.0
     0.97     0.03   0.021  165     -1.0     -0.0
     0.97     0.03   0.020  166     -0.0      0.1
     0.97     0.03   0.021  167     -1.5      0.9
     0.97     0.03   0.020  168     -2.1      0.7
     0.97     0.03   0.021  169     -1.1      0.8
     0.97     0.03   0.020  170     -1.0     -0.3
     0.97     0.03   0.021  171     -2.0     -0.4
     0.97     0.05   0.020  172     -0.1      0.8
     0.98     0.11   0.021  173     -3.9      0.1
     0.95     0.10   0.020  174      0.6      0.8
     0.96     0.07   0.021  175      0.4     -0.4
     0.98     0.12   0.020  176     -4.0     -5.2
     0.97     0.20   0.020  178     -1.6     -1.5
     0.96     0.20   0.021  179      1.6      1.3
     0.96     0.17   0.020  180      1.7      3.6
     0.97     0.15   0.021  181      1.3     -1.3
     0.99     0.16   0.020  182     -1.8     -2.1
     1.01     0.23   0.021  183     -3.8     -8.2
     0.94     0.23   0.020  185      4.1      5.8
     0.96     0.19   0.021  186     -3.1      1.4
     0.94     0.19   0.020  187     -0.8      2.9
     0.95     0.18   0.021  188      0.1      0.1
     0.93     0.15   0.020  189      5.8      3.4
     0.96     0.11   0.021  190      2.3      3.0
     0.97     0.27   0.021  192     -3.3     -0.5
     0.91     0.20   0.020  193     24.0     20.6
     0.87     0.63   0.021  194     59.7     57.7
     0.91     1.48   0.020  195     24.7     74.8
     1.84     1.60   0.021  196    -37.8    139.8
     1.53     1.34   0.020  197      5.9    158.9
     1.64     1.33   0.020  199      0.9    308.5
     1.64     1.14   0.021  200    -53.6    372.2
     1.76     0.66   0.020  201    -81.3    392.9
     2.03     0.51   0.021  202    -70.9    378.3
     1.81     1.76   0.020  203    -33.0    313.0
     1.01     2.08   0.021  204    -31.8    179.3
     0.55     1.88   0.021  206      9.1     86.2
     1.62     1.24   0.020  207     15.3    -10.3
     2.78     1.88   0.021  208     54.7   -244.4
     1.54     4.04   0.020  209     54.1   -189.4
     0.86     3.94   0.020  210    -27.8   -165.4
     0.80     2.99   0.021  211    -62.1   -180.0
     1.60     1.73   0.021  213     19.0   -332.3
     1.60     2.12   0.020  214     67.4   -368.5
     1.29     1.78   0.021  215     78.6   -312.6
     1.48     1.36   0.020  216     -9.5   -354.5
     1.64     1.72   0.021  217    -49.0   -407.1
     0.67     2.12   0.020  218   -122.5    -53.7
     2.46     6.75   0.020  220    194.6   -380.3
     2.19     3.67   0.021  221   -274.0   -139.7
     1.79     2.87   0.020  222   -272.1    -97.2
     2.40     2.29   0.021  223    366.0   -121.2
     1.37     1.26   0.020  224    -48.0    -41.2
     1.41     0.81   0.021  225      7.2    -22.1
     1.17     0.32   0.021  227    -25.1     -8.4
     1.02     0.21   0.020  228     -5.3      3.1
     0.98     0.22   0.021  229      1.2      0.8
     1.00     0.24   0.020  230     -4.4     -1.7
     0.96     0.32   0.021  231      2.4      3.0
     0.95     0.29   0.020  232     -2.2      7.1
     0.93     0.07   0.020  234      8.2      8.9
     0.93     0.21   0.020  235      5.6      4.6
     0.96     0.24   0.021  236      2.3      6.8
     0.94     0.27   0.020  237      6.5      6.4
     0.97     0.37   0.021  238      6.3      0.6
     0.99     0.29   0.020  239     -4.9     -5.4
     0.99     0.12   0.020  241     -9.4     -5.6
     0.96     0.13   0.021  242      3.6      4.8
     0.96     0.10   0.020  243      5.8      5.5
     0.98     0.09   0.021  244     -0.5     -0.7
     0.99     0.18   0.020  245    -10.4     -6.9
     0.98     0.32   0.021  246     -5.5     -2.0
     0.96     0.41   0.021  248      4.4     18.1
     0.95     0.64   0.020  249     15.1     71.9
     1.07     2.34   0.021  250     10.4    112.8
     1.10     4.60   0.020  251     33.7    157.5
     1.40     6.81   0.021  252    -46.2    121.1
     3.33     7.10   0.020  253      6.1    514.9
     2.65     2.69   0.020  255     22.9    589.6
     2.17     1.46   0.021    0     64.5    526.5
     1.98     1.54   0.020    1    -88.8    496.7
     1.82     1.86   0.021    2    -28.0    459.2
     1.57     1.94   0.020    3     18.3    389.3
     1.47     2.21   0.020    4     28.8    335.9
     1.29     3.83   0.020    6     24.7    196.1
     1.27     4.26   0.021    7    -29.8    123.2
     1.12     4.29   0.020    8    -72.5     58.1
     1.34     4.11   0.021    9   -107.3     12.9
     1.55     4.20   0.020   10    -81.1    -68.5
     2.06     4.52   0.021   11     78.8   -228.0
     2.02     4.13   0.021   13     42.2   -399.3
     2.67     3.73   0.020   14     95.4   -634.7
     3.06     3.60   0.021   15     35.3   -781.2
     2.73     3.75   0.020   16    -73.3   -612.2
     2.92     2.56   0.021   17   -119.2   -490.9
     2.80     0.89   0.020   18    -99.0   -497.0
     3.23     4.22   0.020   20     36.9    775.4
     4.09    10.07   0.021   21    268.0   -886.0
     3.21     3.67   0.020   22   -482.5   -266.4
     1.36     3.46   0.021   23    199.3   -127.2
     1.79     2.51   0.020   24    144.3   -196.8
     1.39     1.10   0.021   25    -57.9   -121.9
     1.25     0.26   0.021   27     24.4    -54.8
     1.13     0.33   0.020   28     -0.0    -43.2
     1.01     0.34   0.020   29     18.0    -19.9
     1.01     0.25   0.021   30      6.8    -31.3
     1.02     0.33   0.020   31      4.5    -30.0
     0.97     0.37   0.021   32     11.0    -21.5
     0.95     0.18   0.021   34     12.0    -10.1
     0.96     0.09   0.020   35      3.9    -14.9
     0.94     0.05   0.021   36      7.2     -9.6
     0.94     0.11   0.020   37     11.2     -5.6
     0.96     0.15   0.021   38      5.7     -9.2
     0.98     0.16   0.020   39      1.5    -19.6
     0.96     0.21   0.020   41      4.8     -7.0
     0.97     0.20   0.021   42      5.9    -10.0
     0.99     0.29   0.020   43     -1.7    -13.8
     0.98     0.35   0.021   44     -0.5     -9.7
     0.98     0.45   0.020   45      0.0    -11.5
     0.93     0.36   0.021   46     20.6     21.9
     0.93     0.41   0.021   48      6.8     16.8
     0.97     1.16   0.020   49     -8.3     62.0
     1.05     1.57   0.021   50      2.4     76.8
     1.25     3.55   0.020   51    -27.5    180.4
     1.74     6.21   0.021   52   -134.5    105.3
     3.36     7.34   0.020   53    159.8    503.6
     2.48     3.65   0.020   54    -15.9    481.6
     2.34     2.30   0.021   55    -63.2    516.3
     1.96     1.71   0.020   56    -77.6    478.1
     1.86     1.45   0.021   57   -170.1    426.7
     1.81     1.47   0.020   58    -83.6    407.8
     1.51     1.75   0.021   59    -17.7    329.6
     1.31     2.45   0.020   60    -31.0    259.5
     1.23     3.20   0.021   61    -40.4    191.2
     1.09     3.50   0.020   62    -61.2    116.0
     1.13     3.86   0.021   63    -75.9     47.7
     1.46     4.33   0.020   64    -66.4    -26.7
     1.41     4.84   0.021   65    -59.2    -92.5
     1.32     4.87   0.020   66    -52.5   -136.6
     1.25     4.57   0.021   67    -47.9   -173.2
     1.29     4.34   0.020   68     14.3   -185.4
     1.54     4.10   0.021   69    117.7   -212.6
     2.53     4.26   0.020   70    238.1   -396.2
     2.81     5.00   0.021   71    337.0   -540.0
     2.31     4.08   0.020   72    296.2   -511.7
     2.48     2.06   0.021   73    113.8   -519.5
     2.89     1.45   0.020   74    113.1   -565.4
     1.23     1.13   0.021   75    -50.6    -76.9
     1.05     5.12   0.020   76    -69.0    207.2
     4.05     8.70   0.021   77    521.6   -867.1
     3.78     4.63   0.020   78   -362.7   -591.6
     1.74     4.17   0.020   79     97.8   -273.2
     2.14     3.40   0.021   80    400.2    -64.1
     1.83     2.31   0.020   81    -47.6   -278.2
     1.29     0.40   0.021   82     65.3   -106.2
     1.27     0.30   0.020   83      1.2    -88.3
     1.13     0.30   0.021   84     22.9    -60.4
     1.09     0.25   0.020   85     18.3    -66.9
     1.03     0.29   0.021   86     22.2    -51.7
     1.02     0.34   0.020   87     25.0    -48.2
     0.98     0.39   0.021   88     17.8    -36.0
     0.93     0.31   0.020   89     26.0    -15.0
     0.92     0.09   0.021   90     25.5    -18.0
     0.94     0.07   0.020   91     19.4    -20.9
     0.95     0.35   0.020   93     14.2    -23.5
     0.98     0.35   0.021   94      8.1    -29.1
     0.98     0.21   0.020   95      2.3    -30.9
     0.99     0.06   0.021   96      4.1    -27.9
     0.98     0.05   0.020   97      6.7    -21.4
     0.96     0.12   0.021   98      6.8    -15.8
     0.95     0.14   0.020   99      7.6    -10.9
     0.94     0.09   0.021  100      8.2      2.5
     0.96     0.12   0.020  101      4.4     -5.2
     0.98     0.13   0.021  102      1.6    -17.4
     0.96     0.15   0.020  103      2.7     -6.4
     0.94     0.17   0.020  104     -6.6     -1.8
     0.91     0.38   0.021  105     -0.2     50.6
     1.14     2.68   0.021  107    -22.1    114.1
     1.35     5.62   0.020  108    -38.6     88.9
     2.32     7.23   0.021  109   -138.7    259.3
     4.30     6.16   0.020  110    117.4    393.8
     1.86     3.25   0.021  111   -140.5    392.1
     2.09     2.55   0.020  112    -16.1    463.7
     1.67     1.13   0.020  114   -217.5    361.5
     1.73     0.76   0.021  115   -196.6    348.8
     1.36     1.71   0.020  116   -121.8    289.8
     1.24     2.52   0.021  117   -105.9    236.9
     1.19     3.29   0.020  118   -110.2    179.6
     1.13     3.86   0.021  119   -110.5    115.7
     1.49     4.38   0.021  121    -62.0    -16.1
     1.45     5.03   0.020  122     22.7    -78.5
     1.21     5.03   0.021  123     41.1   -102.6
     1.38     4.83   0.020  124     53.0   -148.9
     1.79     4.83   0.021  125    108.0   -222.9
     1.80     4.82   0.020  126    141.8   -261.8
     2.49     4.48   0.020  128    281.5   -499.4
     2.54     4.20   0.020  129    298.7   -577.3
     2.49     2.54   0.021  130    124.1   -455.1
     3.02     1.24   0.020  131    142.9   -487.4
     2.84     1.06   0.021  132    266.0   -482.2
     1.11     5.64   0.020  133    -26.0   -178.4
     3.94     5.42   0.020  135   -288.6   -616.2
     2.09     4.73   0.021  136    238.4   -248.3
     1.64     2.64   0.020  137    306.1     22.2
     1.77     2.36   0.021  138    -12.3   -258.6
     1.35     0.79   0.020  139     53.6    -89.0
     1.24     0.39   0.021  140     22.0    -81.3
     1.04     0.17   0.021  142     15.0    -43.0
     1.04     0.30   0.020  143     14.0    -52.8
     0.97     0.40   0.021  144     19.3    -29.8
     1.00     0.41   0.020  145     27.9    -32.8
     0.95     0.34   0.021  146     27.7     -7.4
     0.96     0.12   0.020  147     23.2    -15.5
     0.97     0.02   0.020  149     13.8    -23.1
     0.93     0.03   0.021  150      9.8     -9.0
     0.96     0.12   0.020  151     11.8    -13.7
     0.97     0.14   0.021  152      6.6    -24.8
     0.98     0.08   0.020  153      5.4    -20.5
     0.98     0.15   0.020  154      3.1    -20.7
     0.93     0.15   0.020  156      9.8      3.0
     0.94     0.09   0.021  157      9.5      5.4
     0.98     0.20   0.020  158      0.9    -14.5
     0.98     0.15   0.021  159     -2.4    -13.7
     0.96     0.17   0.020  160     -0.1     -2.0
     0.93     0.19   0.021  161     -4.6     12.2
     0.97     0.97   0.021  163     -2.0     34.8
     1.02     1.76   0.020  164    -18.2     67.9
     1.25     3.46   0.021  165     -7.0    132.0
     2.03     7.18   0.020  166   -199.1    270.7
     2.60     9.19   0.021  167    -57.5    499.0
     3.62     6.82   0.020  168     59.6    414.4
     1.85     2.36   0.020  170    -70.1    442.0
     1.58     1.57   0.021  171   -176.9    364.9
     1.67     1.22   0.020  172   -183.5    380.5
     1.84     0.98   0.021  173   -137.2    411.4
     1.42     1.96   0.020  174   -110.7    320.0
     1.32     2.91   0.021  175   -140.7    264.2
     1.36     4.71   0.021  177   -133.8    139.0
     1.34     5.29   0.020  178   -117.7     59.0
     1.41     5.48   0.020  179    -94.4    -19.3
     1.54     5.73   0.021  180    -35.8    -97.5
     1.33     5.74   0.020  181     31.2   -140.0
     1.39     4.87   0.021  182     70.6   -123.1
     3.27     5.73   0.021  184    360.2   -501.7
     3.02     5.93   0.020  185    367.6   -637.0
     2.63     4.50   0.021  186    186.5   -603.8
     2.91     2.38   0.020  187     57.6   -600.1
     3.14     1.07   0.021  188    149.2   -647.4
     2.91     2.16   0.020  189    279.2   -517.5
     0.99     4.54   0.020  191     94.1     41.5
     0.78     7.90   0.021  192    178.6    -86.5
     4.09     3.25   0.020  193   -326.7   -662.8
     2.36     3.47   0.021  194   -280.5   -267.0
     1.70     2.45   0.020  195    372.6     57.8
     2.95     2.37   0.021  196     80.1   -249.3
     1.24     0.54   0.021  198     -7.8    -52.9
     1.12     0.07   0.020  199     -2.8    -37.6
     1.03     0.12   0.021  200     -5.8    -28.0
     1.01     0.16   0.020  201     -0.1    -26.6
     0.98     0.20   0.021  202     -2.4    -23.1
     0.96     0.26   0.020  203      0.5    -12.0
     0.93     0.17   0.021  205      9.0     -5.1
     0.92     0.25   0.020  206      6.0     -4.2
     0.97     0.28   0.021  207     -0.6    -19.1
     1.00     0.23   0.020  208      2.2    -19.7
     0.97     0.18   0.021  209      6.2     -8.7
     0.98     0.14   0.020  210     -0.8    -15.2
     0.96     0.26   0.020  212      7.0     -4.5
     0.93     0.17   0.021  213      9.8     12.1
     0.95     0.16   0.020  214      8.2      5.0
     0.96     0.23   0.021  215     -7.8    -12.6
     0.95     0.17   0.020  216     -7.5     -7.7
     0.94     0.28   0.021  217     -3.0     10.2
     0.96     0.43   0.021  219      2.1     11.5
     0.96     0.62   0.020  220      0.2     50.3
     1.03     1.45   0.021  221    -16.4     57.2
     1.44     3.24   0.020  222     -2.9    102.4
     2.65     7.75   0.021  223   -140.1    174.1
     2.64    11.03   0.020  224   -143.9    604.5
     2.56     3.53   0.020  226     28.4    634.5
     2.29     2.44   0.021  227     39.9    581.3
     1.95     1.53   0.020  228   -152.5    472.1
     1.95     0.67   0.020  229   -163.9    470.3
     2.02     1.61   0.021  230   -155.8    470.3
     1.60     2.52   0.020  231   -153.0    350.7
     1.47     3.74   0.021  232   -139.1    282.7
     1.44     4.80   0.020  233   -127.7    214.6
     1.43     5.66   0.021  234   -128.0    123.0
     1.38     6.21   0.020  235   -112.8     33.5
     1.52     6.43   0.021  236    -58.5    -45.7
     1.54     6.49   0.020  237     51.2   -120.0
     1.27     6.11   0.021  238     91.1   -116.8
     3.21     6.20   0.021  240    207.5   -438.0
     3.16     6.28   0.020  241    255.9   -643.9
     2.85     4.70   0.021  242    131.2   -717.6
     3.12     3.58   0.020  243   -102.9   -730.8
     3.36     2.74   0.021  244    -37.7   -711.5
     3.15     1.10   0.020  245    283.7   -553.7
     2.17     4.33   0.021  246    143.5   -485.9
     1.78     5.21   0.020  247    257.8   -214.3
     2.16     7.50   0.021  248    151.2    204.2
     4.08     4.35   0.020  249   -240.3   -669.8
     2.05     4.42   0.021  250   -242.8   -139.5
     1.96     3.17   0.020  251    358.0    -76.5
     1.79     1.94   0.021  252    -96.4   -131.6
     1.47     0.98   0.020  253    137.1   -130.9
     1.39     0.64   0.020  254     22.6    -49.0
     1.25     0.63   0.021  255    -30.4    -12.9
     1.32     0.18   0.020    0    -17.1    -25.6
     1.12     0.18   0.021    1     -2.4    -22.6
     1.01     0.28   0.020    2     13.1     -9.5
     0.97     0.29   0.021    3      9.2     -5.5
     0.92     0.26   0.020    4      9.2      4.1
     0.98     0.19   0.021    5     20.9     -7.8
     0.96     0.11   0.020    6     13.2     -4.9
     0.95     0.08   0.021    7     14.2     -0.8
     0.96     0.12   0.020    8      4.7     -5.8
     1.01     0.12   0.021    9      1.6    -13.5
     0.97     0.11   0.020   10      1.3     -9.6
     1.00     0.14   0.021   11     -2.1    -15.2
     0.97     0.20   0.020   12     -2.2     -7.8
     0.95     0.27   0.021   13      5.4      3.6
     0.95     0.21   0.020   14     14.6      6.7
     0.97     0.14   0.021   15     15.4      4.7
     0.98     0.15   0.020   16     -5.0     -4.9
     0.94     0.25   0.020   18     -8.6     17.7
     0.95     0.45   0.021   19      0.3     19.1
     0.99     0.72   0.020   20     24.6     43.7
     1.02     1.64   0.021   21      5.2     85.9
     1.28     2.48   0.020   22     26.6     89.6
     1.90     5.16   0.020   23    -62.3    250.2
     2.49     9.98   0.021   24     42.2    468.0
     5.10     8.39   0.020   25     64.9    338.5
     2.29     3.48   0.021   26    -20.2    500.7
     2.12     3.26   0.020   27     92.3    486.8
     1.86     0.87   0.020   29    -73.4    463.1
     1.77     1.37   0.021   30    -87.0    426.7
     1.38     2.81   0.020   31    -75.2    327.8
     1.15     3.79   0.021   32    -72.1    250.5
     1.07     4.16   0.020   33    -74.1    187.5
     1.08     4.67   0.021   34    -86.1    114.2
     1.24     5.04   0.020   35    -94.6     42.1
     1.35     5.44   0.021   36    -89.9    -39.4
     1.34     5.67   0.020   37    -71.1   -107.2
     1.43     5.52   0.021   38    -24.5   -150.5
     1.95     5.47   0.020   39     30.3   -237.5
     2.37     5.67   0.021   40    101.2   -353.9
     2.69     5.78   0.020   41    219.5   -477.1
     2.66     4.42   0.020   43    200.2   -641.1
     2.87     3.49   0.021   44     23.2   -619.7
     3.32     3.08   0.020   45     84.5   -559.0
     3.21     0.70   0.021   46    168.0   -349.2
     1.31     6.60   0.020   47    -33.2   -183.0
     4.51     8.63   0.020   48   -391.2   1082.5
     3.30     5.10   0.020   50   -410.5   -419.9
     1.94     3.96   0.021   51    219.6   -247.7
     1.70     2.98   0.020   52    244.3   -134.0
     1.66     1.18   0.021   53    -23.5   -260.2
     1.61     0.51   0.020   54     46.3   -153.6
     1.28     0.17   0.021   55     19.7   -115.6
     1.05     0.23   0.021   57     14.4    -76.3
     1.01     0.33   0.020   58      1.9    -60.5
     0.99     0.37   0.021   59     18.2    -50.2
     0.95     0.39   0.020   60     12.8    -42.6
     0.97     0.27   0.021   61     20.7    -27.8
     0.96     0.20   0.020   62     20.4    -22.4
     0.97     0.10   0.020   64     11.3    -24.8
     0.97     0.14   0.021   65      9.8    -30.4
     0.99     0.16   0.020   66     13.6    -29.1
     0.99     0.16   0.021   67      8.7    -27.4
     0.95     0.17   0.020   68      0.4    -16.4
     0.96     0.20   0.021   69      8.0    -18.7
     0.96     0.19   0.021   71     10.0     -5.0
     0.95     0.18   0.020   72      9.1    -13.2
     0.97     0.16   0.020   73      0.8    -14.7
     0.97     0.17   0.021   74      1.4     -8.2
     0.96     0.21   0.020   75    -11.0      4.4
     0.95     0.47   0.021   76     -0.0      9.1
     0.99     1.23   0.021   78     -6.5     69.4
     1.22     2.87   0.020   79      0.2    149.2
     2.20     4.25   0.021   80    -60.9    176.5
     2.66     9.35   0.020   81   -152.7    485.2
     4.45     8.36   0.021   82    -38.6    302.5
     2.01     2.90   0.020   83   -137.8    455.8
     1.63     1.36   0.020   85     -0.7    412.2
     1.50     1.06   0.021   86    -59.7    376.4
     1.95     0.48   0.020   87   -145.5    427.1
     1.66     1.86   0.021   88   -170.7    326.2
     1.46     3.20   0.020   89   -176.9    252.0
     1.32     4.17   0.021   90   -184.8    179.1
     1.42     5.17   0.021   92   -186.9     38.7
     1.45     5.64   0.020   93   -117.2    -18.2
     1.53     6.00   0.021   94    -19.9    -68.0
     1.53     6.10   0.020   95     85.4   -121.0
     1.01     5.49   0.021   96     66.5   -105.5
     2.10     4.77   0.020   97    133.5   -190.5
     2.95     5.70   0.021   99    406.8   -537.1
     2.97     5.01   0.020  100    286.7   -704.7
     3.05     3.50   0.021  101    -14.2   -697.2
     3.59     1.85   0.020  102      4.0   -684.0
     3.24     1.09   0.021  103    336.4   -464.2
     0.26     5.05   0.020  104     64.5    -20.7
     7.66     7.44   0.020  106    373.6  -1638.4
     3.86     3.53   0.021  107   -521.0   -545.7
     1.46     3.03   0.020  108    193.8    -93.1
     1.48     2.84   0.021  109    264.7    -16.1
     1.76     2.12   0.020  110   -138.7   -211.3
     1.48     1.35   0.021  111    162.7   -116.6
     1.28     0.18   0.021  113    -24.6    -63.8
     1.16     0.06   0.020  114     10.8    -47.9
     1.11     0.22   0.021  115     -1.2    -54.3
     1.05     0.40   0.020  116      4.1    -39.0
     1.01     0.40   0.021  117     11.2    -29.6
     0.98     0.37   0.020  118     12.8    -24.7
     0.91     0.03   0.020  120     10.4     -2.1
     0.92     0.21   0.021  121     14.7      3.4
     0.95     0.36   0.020  122      3.9     -2.5
     1.00     0.37   0.020  123      3.7    -28.3
     1.01     0.22   0.021  124      3.1    -23.3
     0.97     0.16   0.020  125     -3.0    -21.2
     0.98     0.19   0.020  127      0.9    -16.2
     0.95     0.28   0.021  128     13.0     -1.9
     0.94     0.24   0.020  129     13.8     17.1
     0.98     0.20   0.021  130     12.9     -3.9
     0.96     0.25   0.020  131     -1.9     -5.7
     0.99     0.26   0.021  132     -3.0      3.0
     0.95     0.39   0.020  133     -3.7      9.6
     1.01     0.64   0.021  134      2.3     42.8
     1.01     1.34   0.020  135      7.3    107.9
     1.36     3.23   0.021  136    -19.9    117.7
     2.60     6.96   0.020  137    -70.9    205.1
     2.67     9.94   0.021  138    -72.3    585.5
     3.03     8.10   0.020  139     26.5    385.8
     1.68     2.31   0.020  141     -9.1    397.8
     1.42     1.18   0.021  142   -113.3    337.9
     1.42     0.66   0.020  143   -155.8    321.1
     1.72     0.88   0.021  144   -194.6    347.5
     1.37     2.13   0.020  145   -146.9    276.7
     1.09     3.15   0.021  146    -95.0    206.5
     0.97     3.79   0.020  147    -85.0    144.5
     0.97     4.21   0.020  148    -68.5     97.7
     1.09     4.43   0.021  149    -42.7     47.2
     1.28     4.81   0.020  150    -23.0    -20.2
     1.34     5.17   0.021  151    -26.4    -86.8
     1.41     5.31   0.020  152     -7.0   -137.8
     1.47     5.17   0.021  153     20.9   -178.1
     2.21     4.93   0.021  155    138.2   -353.2
     2.46     5.01   0.020  156    267.7   -449.7
     2.63     4.87   0.021  157    340.9   -562.9
     2.33     4.16   0.020  158    211.8   -518.3
     2.66     2.83   0.021  159     93.5   -507.4
     3.12     1.06   0.020  160    147.4   -511.9
     2.91     0.99   0.021  161    272.9   -271.8
     2.26     4.97   0.020  162    308.5   -457.0
     2.60     9.68   0.021  163   -321.9    574.5
     4.18     3.61   0.020  164    143.1   -929.0
     2.13     3.81   0.021  165    -85.4   -365.6
     1.36     2.94   0.020  166    254.5     -3.4
     1.68     2.54   0.021  167    165.4   -150.2
     1.35     1.37   0.020  168     27.3   -233.0
     1.46     0.52   0.021  169     54.7   -146.7
     1.20     0.30   0.020  170      4.5   -112.1
     1.15     0.19   0.021  171      9.4    -94.7
     1.01     0.15   0.020  172     16.9    -63.5
     1.06     0.34   0.020  173      1.9    -87.8
     0.98     0.46   0.021  174     17.0    -50.7
     0.97     0.36   0.020  175     22.2    -38.8
     1.00     0.41   0.021  176     13.1    -42.5
     0.95     0.25   0.020  177     23.1    -19.6
     0.93     0.18   0.021  178     21.8    -23.0
     0.97     0.14   0.020  179     12.9    -32.6
     0.96     0.14   0.021  180      7.8    -27.5
     0.97     0.09   0.020  181     13.4    -26.9
     1.00     0.05   0.021  182      9.2    -39.3
     0.97     0.21   0.020  183      6.1    -28.6
     0.91     0.28   0.021  184      7.0     -7.6
     0.89     0.20   0.020  185     12.9     17.0
     0.94     0.30   0.021  186     17.9      4.4
     0.99     0.56   0.020  187      1.9    -21.0
     0.99     0.43   0.021  188     -7.7    -25.9
     0.97     0.30   0.020  189     -7.1    -15.9
     0.95     0.31   0.021  190     -0.6      1.0
     0.96     0.45   0.020  191     -1.1      0.7
     0.96     0.64   0.021  192     -1.9     33.8
     0.98     1.10   0.020  193     -8.6     41.9
     1.11     2.19   0.021  194     -0.5     85.9
     1.50     4.52   0.020  195    -76.4     66.8
     2.59     6.59   0.021  196    -81.5    259.2
     3.05    10.73   0.020  197    -81.4    307.9
     2.17     5.01   0.020  198   -168.1    378.9
     1.91     2.90   0.021  199   -108.1    433.8
     1.84     1.87   0.020  200    -77.7    437.2
     1.61     1.39   0.021  201   -155.5    375.1
     1.71     0.53   0.020  202   -202.6    367.4
     1.55     1.28   0.021  203   -188.6    315.3
     1.21     2.63   0.020  204   -137.4    249.5
     1.09     3.42   0.021  205   -128.1    194.9
     1.18     4.31   0.021  207   -129.0     68.5
     1.23     4.80   0.020  208   -101.7      5.6
     1.41     5.09   0.021  209    -40.1    -56.3
     1.52     5.39   0.020  210     21.4    -99.9
     1.61     5.47   0.021  211     86.7   -150.2
     1.77     5.29   0.020  212    150.0   -182.5
     3.30     5.68   0.020  214    466.5   -531.3
     2.72     6.24   0.021  215    399.3   -568.7
     2.72     4.32   0.020  216    218.5   -569.9
     3.14     3.26   0.021  217    106.7   -595.0
     3.45     1.69   0.020  218    235.8   -526.6
     3.13     0.90   0.021  219    295.0   -346.0
     4.55     8.12   0.021  221   -493.8   1004.2
     4.75     5.56   0.020  222    337.7  -1005.5
     2.64     4.24   0.020  223   -231.7   -435.7
     1.63     3.66   0.021  224    222.9   -157.0
     2.57     2.83   0.020  225    384.9   -223.4
     1.61     1.87   0.021  226     -3.7   -233.2
     1.25     0.05   0.021  228     48.3   -119.3
     1.11     0.14   0.020  229     48.4    -80.2
     1.04     0.12   0.021  230     38.3    -74.7
     1.01     0.18   0.020  231     29.5    -63.8
     0.97     0.19   0.021  232     28.2    -54.0
     0.94     0.14   0.020  233     25.2    -37.3
     0.95     0.12   0.020  235     20.3    -35.5
     0.94     0.09   0.021  236     18.9    -27.5
     0.97     0.08   0.020  237     21.1    -30.3
     0.96     0.11   0.021  238     12.3    -32.4
     0.97     0.15   0.020  239     13.1    -28.9
     0.95     0.23   0.021  242      7.3    -22.0
     0.98     0.29   0.020  243     17.3    -16.8
     0.95     0.25   0.021  244     18.6      0.5
     0.96     0.14   0.020  245     17.4     -2.4
     0.96     0.24   0.021  246      1.9    -14.7
     0.96     0.21   0.020  247      2.8      3.1
     0.98     0.48   0.021  249     11.8     -0.5
     0.97     0.61   0.020  250      2.6      7.8
     0.95     1.06   0.021  251    -10.4    103.1
     1.20     3.00   0.020  252     -6.8    164.7
     2.96     4.54   0.021  253    -45.5     69.8
     2.16    10.57   0.020  254    -92.9    430.9
     2.31     3.42   0.020    0   -211.7    487.7
     1.95     2.13   0.021    1    -50.5    459.3
     1.72     1.43   0.020    2    -52.7    417.2
     1.29     1.55   0.021    3    -83.3    314.0
     1.02     1.89   0.020    4    -64.8    241.9
     0.96     2.55   0.021    5    -52.0    199.5
     0.86     3.69   0.021    7    -41.4     94.9
     1.05     4.04   0.020    8    -12.8     45.9
     1.11     4.26   0.021    9     -5.7    -23.9
     1.08     4.64   0.020   10    -20.4    -84.7
     1.23     4.77   0.021   11    -13.2   -126.7
     1.64     4.90   0.020   12     58.0   -183.8
     1.95     4.95   0.020   14     82.7   -300.0
     2.32     5.13   0.021   15    189.2   -404.1
     2.25     5.45   0.020   16    312.4   -405.0
     2.14     4.91   0.020   17    314.9   -445.7
     2.45     3.89   0.021   18    187.4   -576.5
     2.89     3.91   0.020   19     41.1   -614.7
     2.87     1.09   0.020   21    249.3   -216.2
     0.79     5.82   0.021   22    157.0     36.6
     4.47     8.45   0.020   23   -611.0    954.7
     4.52     6.04   0.021   24     21.5  -1146.5
     3.01     5.08   0.020   25   -265.0   -608.5
     2.41     3.84   0.021   26    423.3   -198.1
     1.58     1.19   0.021   28     22.8   -226.2
     1.73     0.42   0.020   29    -51.6   -249.4
     1.22     0.19   0.021   30     29.3   -157.2
     1.07     0.34   0.020   31     22.5   -122.9
     0.98     0.27   0.021   32     21.6    -89.3
     0.98     0.24   0.020   33     13.6    -90.2
     1.00     0.38   0.020   35     13.9    -81.2
     0.96     0.59   0.021   36     -6.1    -72.8
     0.94     0.52   0.020   37     13.5    -44.2
     0.93     0.42   0.021   38     22.0    -34.5
     0.98     0.34   0.020   39     22.1    -48.3
     0.97     0.31   0.021   40     15.6    -38.1
     0.97     0.19   0.020   42     12.4    -38.9
     0.96     0.21   0.021   43     12.4    -36.2
     0.93     0.09   0.020   44      9.9    -18.2
     0.95     0.12   0.021   45      4.6    -28.4
     0.99     0.15   0.020   46      5.1    -30.2
     0.95     0.10   0.021   47      4.0    -20.0
     0.92     0.22   0.021   49      0.0     -9.4
     0.97     0.39   0.020   50      4.6    -16.4
     0.97     0.44   0.021   51      1.6    -19.2
     0.97     0.37   0.020   52     -7.4    -12.2
     0.96     0.38   0.021   53     -7.3     -6.7
     0.95     0.53   0.020   54      1.4     10.7
     1.04     1.38   0.020   56     -8.7     97.3
     1.52     3.16   0.021   57    -15.2      8.4
     2.57     6.30   0.020   58    -96.2    203.0
     2.28    11.80   0.021   59   -117.1    469.2
     4.74     7.64   0.020   60    117.5    356.0
     2.11     4.39   0.021   61    -84.5    474.5
     1.86     2.63   0.020   62    -20.4    444.1
     1.74     1.13   0.021   63    -75.4    421.9
     1.72     0.58   0.020   64   -155.9    392.0
     1.46     2.05   0.021   65   -207.1    296.9
     1.30     2.71   0.020   66   -231.1    219.6
     1.20     3.57   0.020   67   -221.5    172.8
     1.23     4.09   0.021   68   -219.8    131.6
     1.69     5.24   0.021   70   -240.6    -29.1
     1.69     5.73   0.020   71   -233.0   -117.5
     1.72     5.80   0.021   72   -205.6   -195.6
     2.01     5.86   0.020   73   -125.8   -290.4
     2.08     6.02   0.021   74    -56.3   -341.0
     2.38     5.89   0.020   75    -21.2   -431.2
     2.47     6.10   0.020   77    235.2   -512.3
     2.25     5.69   0.021   78    343.4   -454.0
     2.24     4.59   0.020   79    331.6   -419.8
     2.64     3.10   0.021   80    296.4   -396.3
     2.94     1.05   0.020   81    274.7   -308.2
     2.60     2.76   0.021   82    266.6   -273.6
     2.11     4.11   0.020   83    368.7   -303.8
     1.96     4.41   0.021   84    140.4   -152.3
     3.58     9.76   0.020   85     52.8    906.9
     3.90     4.40   0.021   86    535.5   -648.8
     2.18     3.62   0.020   87     -9.2   -453.8
     1.76     3.35   0.021   88    255.8    180.4
     1.67     3.13   0.020   89     61.5   -227.7
     1.24     1.85   0.021   90    193.3    -67.3
     1.54     0.95   0.020   91     44.9   -165.6
     1.50     0.39   0.020   92     36.0   -133.6
     1.17     0.11   0.021   93     35.0    -89.0
     1.07     0.27   0.020   94     21.1    -81.8
     1.01     0.28   0.021   95     23.1    -54.1
     0.99     0.35   0.020   96     22.6    -49.2
     0.97     0.36   0.021   97     18.0    -35.1
     0.98     0.27   0.020   98     25.3    -25.9
     0.96     0.19   0.021   99     18.5    -22.1
     0.97     0.13   0.020  100     16.3    -20.0
     0.95     0.11   0.021  101     14.6    -22.3
     0.94     0.07   0.020  102      6.7     -9.1
     0.95     0.10   0.021  103      9.5    -15.9
     0.99     0.18   0.020  104     14.2    -24.3
     0.98     0.13   0.021  105     10.5    -20.3
     0.95     0.07   0.020  106      1.1    -18.3
     0.97     0.06   0.021  107      5.3    -16.5
     0.99     0.08   0.020  108     12.3     -8.8
     0.98     0.11   0.021  109      7.0    -12.5
     0.97     0.14   0.020  110      3.1    -16.4
     0.96     0.22   0.021  111      4.7     -1.5
     0.94     0.26   0.020  112     -8.2      2.0
     0.98     0.41   0.021  113     -1.9     -8.2
     1.02     0.60   0.020  114    -17.9    -10.3
     1.04     1.17   0.021  115    -48.9     13.8
     1.10     2.28   0.020  116    -74.7     -2.6
     1.36     3.83   0.020  117   -164.2     -7.8
     2.86     5.16   0.021  118   -318.4   -173.6
     1.55     9.89   0.020  119   -238.9    -33.0
     2.79    12.51   0.021  120   -423.9    151.8
     3.45     4.36   0.020  121   -717.4    -82.9
     1.97     3.89   0.021  122   -494.7    -65.2
     1.74     3.83   0.020  123   -395.5    112.9
     1.52     3.43   0.021  124   -359.1     70.8
     1.29     3.23   0.020  125   -309.2    -10.1
     1.16     3.65   0.021  126   -254.6    -86.0
     1.11     4.21   0.020  127   -198.6   -118.1
     1.35     5.36   0.020  129    -66.4   -118.0
     1.15     5.50   0.021  130     18.8    -78.6
     1.15     5.62   0.020  131     75.8    -16.7
     1.33     5.40   0.021  132    127.9     41.7
     1.34     5.22   0.020  133    157.2     68.8
     1.56     4.74   0.021  134    181.7     46.6
     2.70     5.71   0.021  136    527.4    114.1
     2.19     5.65   0.020  137    528.7     81.4
     2.11     4.71   0.021  138    539.5     23.9
     2.39     3.52   0.020  139    578.4      3.6
     2.88     2.32   0.021  140    574.5    -42.7
     3.03     1.34   0.020  141    400.7     15.9
     1.31     3.20   0.021  143    266.7    -76.3
     2.07    10.34   0.020  144    384.8    340.8
     4.01     4.20   0.021  145    658.7    -66.7
     2.82     3.15   0.020  146    415.7   -194.2
     2.77     1.92   0.021  147    291.2    377.0
     1.59     1.01   0.020  148    155.7   -150.3
     1.27     0.28   0.020  150     96.8    -32.7
     1.13     0.17   0.021  151     68.0     15.0
     1.16     0.36   0.020  152     84.2      2.4
     1.02     0.35   0.021  153     47.2     12.2
     1.02     0.42   0.020  154     49.1      9.3
     0.97     0.23   0.021  155     39.0     24.2
     1.04     0.33   0.021  157     47.3     -1.2
     1.03     0.41   0.020  158     42.0      0.4
     0.86     0.27   0.021  159      7.2     16.0
     0.89     0.07   0.020  160     18.8      7.2
     0.90     0.05   0.021  161     13.7     16.8
     0.92     0.21   0.020  162      9.8     15.5
     1.04     0.44   0.020  164     35.1    -18.4
     0.93     0.19   0.021  165     -3.5      3.0
     0.96     0.20   0.020  166     12.7     11.1
     0.95     0.32   0.020  167      9.3      9.7
     0.97     0.39   0.021  168     14.7     -3.5
     0.99     0.29   0.020  169     10.8      2.6
     0.99     0.28   0.020  171     13.5      4.3
     0.98     0.26   0.021  172      8.6     -3.7
     0.97     0.23   0.020  173     -0.7     -0.0
     0.95     0.39   0.021  174     -8.6     -0.3
     0.99     0.63   0.020  175    -24.3     14.3
     0.98     0.84   0.021  176    -40.8    -15.1
     1.34     3.98   0.021  178    -58.7      6.0
     2.43     7.74   0.020  179   -248.4   -155.1
     1.84    11.14   0.021  180   -392.4    -14.1
     4.15    10.70   0.020  181   -447.3     43.8
     2.69     3.49   0.021  182   -637.0     -3.4
     2.12     1.44   0.020  183   -526.8     96.7
     1.58     1.43   0.020  185   -403.6     -4.7
     1.40     2.23   0.021  186   -348.4    -57.8
     1.24     2.70   0.020  187   -292.1    -65.1
     1.22     3.53   0.021  188   -250.0    -76.1
     1.31     4.14   0.020  189   -199.5    -80.5
     1.49     4.86   0.021  190   -127.1    -96.2
     1.56     5.94   0.020  192     35.4   -105.1
     1.70     6.00   0.021  193    131.0    -43.2
     1.86     5.93   0.020  194    202.4     17.8
     2.17     5.71   0.021  195    286.1     65.8
     2.92     5.69   0.020  196    501.7    193.6
     3.11     5.88   0.021  197    692.0    273.7
     3.03     3.41   0.021  199    632.8    -23.7
     3.39     2.50   0.020  200    649.9     39.6
     3.27     2.01   0.021  201    490.6    143.6
     1.56     5.18   0.020  202    211.9   -330.2
     5.15     9.38   0.021  203  -1286.2    -25.4
     6.01     9.87   0.020  204   1165.3    320.0
     2.38     3.12   0.020  206    283.8    112.4
     2.66     1.93   0.021  207    263.8    102.8
     1.50     0.45   0.020  208    101.3   -108.3
     1.17     0.29   0.021  209     65.4    -10.2
     1.16     0.29   0.020  210     38.8     -6.1
     1.11     0.29   0.021  211     33.6    -14.2
     1.07     0.55   0.021  213     30.7     -9.7
     1.02     0.56   0.020  214     22.0     -1.0
     0.97     0.45   0.021  215      7.7     -1.1
     0.96     0.36   0.020  216      9.3     12.8
     0.96     0.25   0.020  217     11.9      7.8
     0.95     0.18   0.021  218      4.7     10.4
     0.99     0.13   0.021  220     15.5      5.7
     0.95     0.17   0.020  221      7.6      4.7
     0.94     0.21   0.021  222     -0.9      1.7
     0.98     0.34   0.020  223     13.3     -3.1
     0.97     0.32   0.021  224     14.5     -3.2
     1.01     0.21   0.020  225     18.2    -12.7
     0.96     0.05   0.020  227      3.2     10.5
     0.95     0.11   0.021  228     -5.5      9.8
     0.95     0.28   0.020  229     -5.5     -0.3
     0.97     0.37   0.021  230      0.5     -6.7
     0.96     0.44   0.020  231     -2.9     -2.8
     0.98     0.47   0.021  232     -1.0     -3.2
     1.00     0.77   0.021  234    -40.0      0.9
     1.01     1.57   0.020  235    -88.3     26.5
     1.49     3.56   0.021  236   -100.6     19.4
     2.50     7.61   0.020  237   -201.1   -144.5
     1.82    10.97   0.021  238   -380.7     63.1
     3.39     8.90   0.020  239   -409.1    124.0
     1.70     2.72   0.020  241   -390.6    137.3
     1.63     1.55   0.020  242   -405.6     58.0
     1.73     0.43   0.021  243   -432.2     -5.9
     1.69     1.37   0.020  244   -412.3    -19.0
     1.34     2.14   0.021  245   -322.4    -39.4
     1.08     3.18   0.020  246   -242.3    -69.1
     1.07     3.83   0.021  247   -194.2    -80.5
     1.14     4.38   0.020  248   -145.2    -67.3
     1.22     4.83   0.021  249    -73.6    -34.8
     1.28     5.03   0.020  250     -9.9    -26.2
     1.32     5.26   0.021  251     57.5     -7.3
     1.38     5.29   0.020  252    104.9     34.7
     1.58     5.16   0.021  253    154.7     47.7
     2.43     5.09   0.021  255    377.6     49.8
     2.83     5.29   0.020    0    569.9    118.3
     2.77     5.47   0.021    1    682.2    145.8
     2.56     4.35   0.020    2    606.4     49.7
     3.02     3.26   0.021    3    606.3   -102.7
     3.33     1.71   0.020    4    546.7    -11.6
     2.74     5.77   0.021    5    249.0    110.3
     2.29     3.50   0.020    6    552.0     27.9
     0.97     9.96   0.021    7    248.2      7.0
     3.77     3.24   0.020    8    596.4   -311.9
     1.94     3.28   0.021    9    240.0     50.8
     1.42     2.42   0.020   10     85.0    224.9
     2.28     1.80   0.020   11    249.8    -22.5
     1.46     0.65   0.021   12    100.0    -40.4
     1.37     0.35   0.020   13     64.2    -21.5
     1.24     0.11   0.021   14     49.8     -1.1
     1.16     0.16   0.020   15     49.7     10.2
     1.09     0.28   0.021   16     40.5      3.4
     1.04     0.26   0.020   17     33.5     13.2
     1.00     0.30   0.021   18     29.0     11.3
     0.94     0.17   0.020   19      7.9     12.5
     0.96     0.11   0.021   20     12.8     19.0
     0.96     0.21   0.020   21     10.6     18.4
     0.97     0.32   0.021   22     16.2     16.3
     1.00     0.34   0.020   23     20.5     12.2
     1.00     0.35   0.021   24     17.8      8.8
     1.02     0.30   0.020   25     24.2     -0.1
     0.98     0.13   0.021   26     14.1     -3.3
     0.98     0.06   0.020   27     14.5     -2.0
     0.97     0.12   0.021   28      8.0      3.7
     0.94     0.12   0.020   29     -5.0     12.0
     0.98     0.08   0.021   30      0.9     16.2
     0.97     0.19   0.020   31      4.4      5.4
     0.98     0.20   0.021   32      6.2     -0.9
     0.97     0.22   0.020   33      7.3    -14.1
     0.95     0.24   0.021   34     -9.8      1.1
     0.96     0.37   0.020   35     -4.5      5.2
     0.97     0.47   0.020   36     -4.2     10.2
     0.98     0.55   0.021   37     -9.6     12.2
     0.99     0.74   0.020   38    -31.9     12.5
     1.03     1.66   0.021   39    -81.4     22.5
     1.22     2.52   0.020   40    -97.3     43.4
     2.34     5.12   0.021   41   -160.3    -11.4
     2.12    10.08   0.020   42   -420.6     77.9
     4.38     9.22   0.021   43   -251.3     67.7
     2.39     2.30   0.020   44   -510.4     89.0
     2.04     1.24   0.021   45   -464.0    145.5
     1.80     1.08   0.020   46   -444.8     36.7
     1.50     1.43   0.021   47   -377.0    -20.4
     1.22     2.09   0.020   48   -303.9      9.9
     1.10     2.68   0.021   49   -249.0     50.6
     1.06     3.22   0.020   50   -189.4     46.4
     0.92     3.68   0.021   51   -122.2      4.3
     0.97     3.76   0.020   52    -67.4    -28.8
     1.27     4.00   0.021   53      4.2    -55.9
     1.47     4.53   0.020   54     87.8    -82.3
     1.55     4.90   0.021   55    149.5    -86.0
     1.74     5.13   0.020   56    223.1    -56.1
     1.84     5.28   0.020   58    353.7    -41.9
     1.90     4.96   0.021   59    418.6     -0.9
     2.31     4.55   0.020   60    564.2     14.6
     2.75     4.44   0.020   61    702.7      6.5
     2.24     4.15   0.021   62    491.3    -69.4
     2.57     3.59   0.020   63    429.7    -49.1
     2.26     2.11   0.020   65    313.6    202.9
     1.30     5.33   0.021   66    275.3    144.6
     3.62     8.97   0.020   67   -909.7   -140.3
     4.74     4.08   0.021   68   1019.5   -481.0
     2.70     3.90   0.020   69    394.6   -374.5
     1.71     2.92   0.021   70    167.9    258.8
     1.49     2.04   0.021   72    207.6   -106.2
     1.95     0.19   0.020   73    287.0   -124.9
     1.18     0.16   0.021   74    128.5    -43.3
     1.05     0.23   0.020   75    106.8    -27.0
     1.01     0.21   0.021   76    102.7    -27.2
     1.00     0.26   0.020   77     82.8    -16.5
     0.97     0.38   0.020   79     61.3     -5.1
     0.96     0.36   0.021   80     52.3     -1.0
     0.94     0.26   0.020   81     44.2     -4.2
     0.99     0.21   0.021   82     49.3     -0.6
     0.97     0.16   0.020   83     41.0     -5.2
     0.95     0.14   0.021   84     39.6    -15.0
     0.97     0.10   0.020   86     29.6     -0.1
     0.98     0.06   0.021   87     31.2     -3.4
     0.97     0.04   0.020   88     24.7     -5.4
     1.00     0.04   0.021   89     28.3     -2.0
     0.98     0.07   0.020   90     21.7     -8.9
     0.98     0.12   0.021   91     20.7     -3.1
     0.95     0.12   0.021   93      9.4     -0.7
     0.95     0.18   0.020   94      8.4     -2.7
     0.96     0.22   0.021   95      7.5     -1.2
     0.95     0.30   0.020   96     -0.2      1.9
     0.97     0.37   0.021   97     -0.4      3.8
     0.99     0.54   0.020   98    -21.6      1.2
     1.20     2.81   0.020  100   -123.4     11.1
     2.31     6.55   0.021  101   -252.5    -65.6
     2.30    11.96   0.020  102   -483.9     15.5
     4.74    12.00   0.021  103   -273.4     71.8
     2.32     3.74   0.020  104   -528.9    -45.0
     1.46     2.56   0.021  105   -369.2     31.7
     1.54     1.18   0.021  107   -382.3    -52.3
     1.56     2.19   0.020  108   -351.8   -133.7
     1.37     2.86   0.021  109   -265.6   -190.9
     1.18     3.83   0.020  110   -178.9   -207.1
     1.25     4.26   0.020  111   -121.0   -243.6
     1.52     4.84   0.021  112    -51.7   -290.9
     1.72     5.72   0.021  114     75.3   -221.9
     1.66     6.00   0.020  115    162.4   -228.5
     1.70     5.82   0.021  116    246.3   -251.3
     2.17     5.78   0.020  117    341.2   -224.2
     2.36     6.28   0.021  118    395.6    -92.4
     2.12     6.13   0.020  119    363.4     39.8
     2.43     5.16   0.020  121    509.7    246.3
     2.59     4.80   0.021  122    559.4    355.3
     2.53     3.47   0.020  123    419.6    329.6
     2.90     1.99   0.021  124    395.2    387.7
     2.54     2.54   0.020  125    293.7    413.5
     2.02     3.18   0.021  126    258.0    418.3
     5.29     9.76   0.021  128  -1069.1   -434.1
     3.86     4.74   0.020  129    674.9    395.8
     3.56     2.48   0.021  130    585.8     98.5
     2.27     2.49   0.020  131   -152.1    331.1
     1.60     1.23   0.021  132    259.0    -21.1
     1.24     0.93   0.020  133     76.4     37.7
     1.06     0.09   0.020  135     57.7     15.2
     1.04     0.17   0.020  136     49.0     22.2
     1.03     0.27   0.021  137     41.0     18.2
     1.01     0.37   0.020  138     27.6     19.4
     0.99     0.42   0.021  139     17.3     14.4
     0.99     0.41   0.020  140     12.1     19.6
     0.92     0.31   0.020  142     10.5     -0.9
     0.92     0.23   0.021  143     10.6      9.0
     0.93     0.14   0.020  144      5.9      8.1
     0.97     0.07   0.021  145      9.7     10.1
     0.93     0.06   0.020  146      4.1      6.0
     0.94     0.12   0.021  147     -0.0      4.6
     0.97     0.16   0.021  149     11.7      5.6
     0.96     0.15   0.020  150      1.9      3.9
     0.96     0.25   0.021  151     -0.9      4.3
     0.97     0.29   0.020  152      4.4      5.3
     0.98     0.29   0.021  153     -1.5      2.9
     1.02     0.31   0.020  154      7.8      7.8
     0.96     0.32   0.020  156     17.7    -11.4
     0.94     0.49   0.021  157      2.5    -15.1
     0.99     0.66   0.020  158     10.9     -8.1
     0.98     1.13   0.021  159    -20.0    -45.4
     1.08     1.69   0.020  160     -9.0    -97.1
     1.23     3.54   0.020  161    -23.6    -91.7
     1.75     9.74   0.020  163     53.0   -260.8
     3.46     9.72   0.021  164     37.2   -392.8
     2.20     3.28   0.020  165     15.4   -443.4
     1.45     3.49   0.021  166     32.3   -368.7
     1.68     3.48   0.020  167    -42.3   -404.1
     2.07     3.02   0.021  168    -30.7   -456.5
     1.51     3.11   0.020  169    -78.1   -329.7
     1.28     3.24   0.021  170   -115.1   -257.1
     1.00     3.61   0.020  171    -73.2   -192.3
     0.93     3.74   0.021  172     -1.4   -159.5
     1.04     4.07   0.020  173     41.2   -115.5
     1.21     4.61   0.021  174     77.4    -47.2
     1.39     5.20   0.020  175     98.9     30.8
     1.29     5.41   0.021  176     84.6     94.4
     1.17     5.26   0.020  177     55.4    133.9
     1.59     4.88   0.021  178     62.3    193.8
     1.83     4.80   0.020  179     59.4    263.0
     2.49     4.60   0.021  180     73.6    439.2
     3.11     5.25   0.020  181     87.6    688.8
     2.49     4.63   0.021  182     37.0    634.8
     2.43     3.97   0.020  183     57.4    573.0
     2.79     3.06   0.021  184    117.5    564.9
     2.82     1.71   0.020  185     80.2    442.0
     2.50     1.38   0.020  186    -87.7    351.7
     0.86     3.96   0.021  187   -120.1    172.2
     0.91     7.76   0.020  188     33.8    -68.2
     3.37     7.86   0.021  189    452.5    537.5
     1.98     4.17   0.020  190     41.0    285.4
     3.09     3.77   0.021  191   -303.9    417.4
     1.69     3.10   0.020  192    253.0    120.4
     1.57     1.63   0.021  193     26.6    155.6
     1.81     1.25   0.020  194    116.3    158.5
     1.18     0.46   0.021  195     46.6     89.3
     1.06     0.10   0.020  196     42.1     74.0
     1.02     0.18   0.021  197     32.9     56.8
     0.96     0.24   0.020  198     17.1     39.9
     0.98     0.26   0.021  199     18.5     41.3
     0.97     0.26   0.020  200     -8.2     38.1
     0.98     0.11   0.021  201      6.0     34.5
     0.97     0.08   0.020  202      4.0     30.0
     0.98     0.09   0.021  203     12.2     33.2
     0.96     0.08   0.020  204      5.6     22.0
     0.97     0.15   0.021  205      5.3     22.3
     0.99     0.16   0.020  206     11.6     28.2
     0.98     0.10   0.021  207     12.1     25.7
     0.98     0.09   0.020  208      8.8     21.4
     0.97     0.11   0.021  209      1.5     14.8
     0.96     0.06   0.020  210     -1.9     11.7
     0.96     0.07   0.020  211      3.0     11.2
     0.97     0.07   0.021  212      6.7     10.7
     0.96     0.10   0.020  213      8.9     10.5
     0.96     0.27   0.020  215      1.6      1.7
     0.97     0.32   0.021  216      2.5      4.4
     0.97     0.34   0.020  217     -3.8     -1.9
     0.95     0.47   0.021  218    -28.2    -49.5
     1.01     1.63   0.020  219    -20.7   -122.9
     1.44     4.03   0.021  220    -19.4   -135.0
     2.46    10.85   0.021  222    -60.8   -552.1
     3.04     6.18   0.020  223     89.9   -494.6
     1.90     2.62   0.021  224    -89.5   -451.9
     1.73     2.01   0.020  225   -219.6   -364.4
     1.24     0.95   0.021  226   -104.7   -299.6
     1.25     0.48   0.020  227    -54.1   -309.7
     1.37     2.15   0.020  229     -5.4   -289.4
     1.17     3.04   0.021  230    -16.7   -230.3
     1.21     3.71   0.020  231     -6.6   -176.1
     1.20     4.35   0.021  232     14.4   -106.5
     1.20     4.79   0.020  233     14.1    -36.0
     1.22     5.10   0.021  234     23.5     27.2
     1.44     4.91   0.020  236     89.2     93.5
     1.98     5.23   0.021  237     38.0    232.8
     1.99     5.20   0.020  238    -44.8    294.3
     2.46     5.33   0.021  239    -56.8    489.7
     2.79     5.44   0.020  240    -16.8    676.9
     2.58     4.45   0.021  241     50.6    643.0
     3.32     2.41   0.021  243    314.8    619.4
     3.04     1.53   0.020  244     68.3    451.4
     1.52     4.49   0.021  245    -54.1    325.8
     1.03     3.89   0.020  246   -166.1    146.0
     4.23     8.87   0.021  247    622.7    642.4
     1.73     3.98   0.020  248     47.3    263.0
     1.66     2.17   0.020  250    252.1    129.7
     1.17     0.71   0.021  251    -49.3    152.1
     1.46     1.22   0.020  252     99.6     87.8
     1.34     0.63   0.021  253     75.1    107.1
     1.15     0.12   0.020  254     61.2     81.3
     1.06     0.20   0.021  255     38.6     70.7
     1.00     0.31   0.021    1     22.0     54.2
     0.97     0.37   0.020    2     18.2     42.1
     0.97     0.38   0.021    3      3.9     44.2
     0.95     0.27   0.020    4      3.6     34.4
     0.94     0.13   0.020    5     -1.0     26.2
     0.95     0.09   0.021    6      2.4     25.2
     0.97     0.18   0.021    8      9.0     25.0
     0.98     0.20   0.020    9      9.8     25.7
     0.98     0.16   0.021   10      8.8     24.4
     0.98     0.13   0.020   11      9.3     20.3
     0.97     0.10   0.021   12      8.2     18.0
     0.97     0.11   0.020   13     -0.3     12.0
     0.96     0.22   0.020   15      5.1      9.9
     0.96     0.25   0.021   16      7.0      2.6
     0.97     0.38   0.020   17      5.2      4.0
     0.99     0.40   0.021   18      3.1      4.1
     0.99     0.50   0.020   19    -18.6     -9.4
     0.96     1.08   0.021   20    -36.1    -64.5
     1.71     5.12   0.021   22    -60.9   -180.6
     2.44    11.38   0.020   23   -163.2   -328.9
     3.67    12.03   0.021   24    112.2   -440.8
     2.49     3.74   0.020   25    -20.4   -534.8
     1.98     2.92   0.021   26   -227.6   -441.2
     1.84     1.78   0.020   27   -263.2   -383.1
     1.66     1.66   0.020   29   -170.9   -374.0
     1.50     2.15   0.020   30    -23.4   -365.2
     1.40     3.02   0.021   31     75.0   -329.6
     1.31     3.73   0.020   32     81.3   -283.5
     1.29     4.38   0.021   33     59.0   -230.6
     1.34     5.11   0.020   34     55.9   -156.0
     1.09     5.42   0.020   36     -8.1     13.5
     1.17     4.98   0.021   37    -68.1     82.6
     2.01     5.02   0.020   38    -52.9    148.4
     2.43     5.62   0.021   39   -101.4    261.4
     2.84     6.04   0.020   40   -139.4    452.8
     2.87     6.27   0.021   41    -54.5    618.3
     2.71     4.15   0.021   43    249.5    628.7
     3.44     3.91   0.020   44    420.7    642.7
     2.81     1.65   0.021   45   -263.4    426.8
     1.39     5.31   0.020   46    -66.5    328.2
     4.81     4.60   0.021   47     38.3  -1191.3
     4.98     8.96   0.020   48    219.3    941.7
     1.27     3.87   0.020   50   -262.1     79.3
     1.93     3.54   0.021   51   -156.9    209.2
     1.71     2.63   0.020   52    141.1    169.0
     1.66     1.59   0.021   53     34.9    107.2
     1.21     0.34   0.020   54     34.0     45.0
     1.09     0.52   0.020   55     15.8     41.3
     1.02     0.38   0.020   57      0.7     25.4
     1.00     0.39   0.021   58     -0.6     19.3
     0.97     0.38   0.020   59    -25.5      6.6
     0.97     0.18   0.021   60     -5.8     10.3
     0.97     0.16   0.020   61     -5.9      8.9
     0.99     0.16   0.021   62     -0.6     14.8
     0.97     0.13   0.021   64     -7.0      7.5
     0.98     0.10   0.020   65     -4.5      8.7
     0.97     0.09   0.021   66     -0.3      8.9
     0.99     0.07   0.020   67      3.4     12.4
     0.98     0.09   0.021   68      5.9     11.8
     0.98     0.16   0.020   69      1.1      7.5
     0.96     0.16   0.020   71     -4.3      1.4
     0.96     0.13   0.021   72     -5.3     -0.9
     0.94     0.16   0.020   73     -1.8     -8.8
     0.97     0.27   0.021   74      5.0     -0.2
     0.98     0.31   0.020   75      3.9      1.4
     0.99     0.35   0.021   76      3.2      3.8
     0.99     0.44   0.020   77    -19.9    -20.4
     0.96     1.01   0.021   78    -23.7    -78.3
     1.10     2.74   0.020   79    -19.6   -130.5
     2.01     6.22   0.020   80     24.8   -150.3
     2.63     8.66   0.021   81    -64.0   -429.1
     2.83    11.51   0.020   82    138.9   -493.8
     2.72     3.71   0.021   83    -49.0   -468.1
     1.82     2.24   0.020   84    -63.4   -448.1
     1.76     1.16   0.021   85   -100.1   -424.5
     1.54     0.62   0.020   86    -70.0   -381.5
     1.37     1.02   0.021   87    -16.9   -343.7
     1.29     1.98   0.020   88     48.4   -306.0
     1.18     2.73   0.021   89     87.5   -251.6
     1.16     3.34   0.020   90     87.1   -201.5
     1.23     3.99   0.021   91     67.7   -143.5
     1.25     4.32   0.020   92     58.3    -75.2
     1.24     4.78   0.021   93     62.1    -10.9
     1.31     5.00   0.020   94     44.8     54.9
     1.37     5.05   0.021   95     19.3    110.8
     1.53     4.95   0.020   96    -10.3    169.3
     1.70     4.88   0.021   97    -43.9    233.7
     2.18     4.80   0.020   98   -102.6    336.0
     2.97     5.17   0.021   99   -211.4    568.2
     2.48     5.60   0.020  100    -23.6    628.1
     2.73     4.44   0.021  101    181.1    590.1
     3.08     3.23   0.020  102    203.9    528.5
     2.97     1.42   0.021  103     -7.2    430.5
     1.61     0.97   0.020  104    279.4     71.9
     0.87     5.25   0.020  105   -136.6    -97.1
     3.37     7.17   0.021  106   -308.0    782.0
     4.11     5.76   0.020  107    386.8    641.9
     2.46     4.46   0.021  108    183.9    397.6
     3.34     3.29   0.020  109   -345.7    499.8
     1.83     2.14   0.021  110    211.6    155.6
     1.23     0.47   0.020  111     -2.3    140.5
     1.24     0.24   0.021  112    -29.7    112.3
     1.16     0.13   0.020  113     26.5     86.1
     1.09     0.05   0.021  114      9.1     71.0
     1.06     0.15   0.020  115      0.4     74.4
     1.01     0.23   0.021  116     -5.0     61.0
     1.00     0.23   0.020  117     -0.2     52.3
     0.96     0.23   0.021  118     -6.0     38.5
     0.96     0.10   0.020  119    -10.4     35.5
     0.96     0.02   0.021  120     -7.4     37.1
     0.96     0.08   0.020  121    -14.6     30.1
     0.97     0.26   0.020  123     -1.1     23.4
     1.00     0.25   0.021  124      8.7     30.1
     1.00     0.07   0.020  125     10.3     29.8
     1.00     0.11   0.021  126      8.1     26.0
     0.99     0.17   0.020  127      2.5     22.2
     0.95     0.20   0.021  128    -15.4      4.6
     0.97     0.20   0.020  130     -7.7     10.6
     0.98     0.16   0.021  131      8.6     12.8
     0.98     0.15   0.020  132      7.8     12.0
     0.96     0.20   0.021  133     -3.6     -5.8
     0.98     0.37   0.020  134     -2.3     -0.7
     0.97     0.54   0.021  135    -22.7    -28.5
     1.04     2.88   0.021  137    -31.9   -102.9
     1.69     4.25   0.020  138     13.3   -143.1
     2.73     9.30   0.021  139    -14.1   -388.2
     3.08     9.93   0.020  140    -11.4   -472.0
     2.45     3.44   0.021  141      1.8   -445.3
     1.75     2.48   0.020  142    -10.1   -423.1
     1.56     1.49   0.020  144    -35.9   -386.5
     1.68     1.05   0.021  145     -5.1   -383.7
     1.32     2.19   0.020  146    -30.7   -299.4
     1.08     2.96   0.021  147    -21.3   -224.1
     0.96     3.49   0.020  148     12.7   -163.9
     1.06     3.76   0.021  149     35.5   -108.8
     1.17     4.57   0.021  151     30.7     21.6
     1.28     4.79   0.020  152     45.1     84.2
     1.34     4.89   0.021  153     49.2    130.9
     1.55     4.93   0.020  154     17.5    177.4
     1.85     5.04   0.020  155     -8.5    260.9
     2.21     5.18   0.021  156    -42.2    402.2
     2.03     4.96   0.021  158     -6.9    520.5
     2.21     3.91   0.020  159     81.1    523.9
     2.68     3.39   0.021  160     99.3    547.1
     2.67     3.02   0.020  161    -77.5    426.0
     2.13     1.04   0.021  162   -276.3    112.0
     1.38     6.20   0.020  163   -207.7    231.6
     5.11     4.78   0.020  165    699.0    742.7
     1.94     4.65   0.021  166   -163.8    319.4
     2.70     3.07   0.020  167   -235.2    364.8
     1.79     3.09   0.021  168    131.6    194.6
     1.98     1.84   0.020  169    123.9    205.8
     1.28     0.04   0.021  170     32.9    120.3
     1.05     0.07   0.021  172     27.2     85.6
     1.00     0.21   0.020  173      7.0     59.4
     0.98     0.18   0.021  174     11.1     53.3
     0.98     0.19   0.020  175      7.8     43.8
     0.97     0.11   0.021  176     -6.8     40.8
     0.98     0.08   0.020  177      7.0     39.8
     0.97     0.08   0.020  179      5.5     30.0
     0.97     0.10   0.020  180      0.8     28.6
     0.99     0.08   0.021  181      6.4     32.9
     0.99     0.06   0.020  182      8.6     27.9
     0.98     0.08   0.021  183      8.7     23.2
     0.99     0.13   0.020  184      3.2     21.9
     0.98     0.12   0.020  186     -5.2     11.8
     0.97     0.11   0.021  187     -4.7      7.2
     0.96     0.17   0.020  188      7.9      8.9
     0.96     0.22   0.021  189     14.4      7.0
     0.97     0.32   0.020  190      4.9      7.3
     0.99     0.41   0.021  191      3.9      7.0
     0.99     1.45   0.021  193    -35.5    -84.6
     1.13     3.54   0.020  194    -52.7   -121.6
     2.28     5.82   0.021  195      6.7   -330.5
     2.25    11.66   0.020  196   -128.9   -456.7
     4.76     8.03   0.021  197   -137.2   -270.8
     2.43     2.08   0.020  198     77.8   -498.6
     1.53     1.04   0.020  200    -61.1   -377.1
     1.35     1.01   0.021  201     21.0   -340.9
     1.43     1.81   0.020  202      6.6   -333.1
     1.29     2.90   0.021  203     -0.7   -279.1
     1.16     3.68   0.020  204     31.5   -215.7
     1.16     4.34   0.020  205     65.2   -153.1
     1.20     4.89   0.020  207     79.5    -24.6
     1.38     5.28   0.021  208     66.8     48.8
     1.43     5.54   0.020  209     11.7    114.4
     1.46     5.55   0.021  210     10.4    170.6
     1.94     5.37   0.020  211    -12.5    299.2
     2.21     5.21   0.021  212   -132.2    455.2
     2.66     3.89   0.021  214    -87.7    669.2
     3.02     3.10   0.020  215     40.7    735.0
     2.85     2.67   0.021  216     85.2    496.6
     2.60     1.61   0.020  217     43.8    349.9
     1.94     3.03   0.021  218     15.6    274.2
     4.31     3.38   0.020  219    135.4  -1062.7
     2.57     2.75   0.020  221    324.7    274.5
     1.48     3.12   0.021  222   -287.6    169.5
     2.24     2.60   0.020  223    120.1    371.9
     1.48     1.09   0.021  224     53.4    186.7
     1.30     0.36   0.020  225     49.2    133.0
     1.28     0.12   0.021  226     35.1    122.4
     1.06     0.25   0.021  228     18.7     97.9
     1.01     0.27   0.020  229     -0.2     79.3
     0.99     0.22   0.020  230      5.2     69.2
     0.97     0.17   0.021  231     -0.9     57.2
     0.96     0.05   0.020  232      2.0     52.7
     0.98     0.03   0.021  233      3.0     48.3
     0.96     0.10   0.021  235     -1.8     37.0
     0.98     0.16   0.020  236      5.6     38.0
     0.98     0.14   0.021  237      6.7     36.5
     0.99     0.08   0.020  238      4.8     32.8
     0.98     0.06   0.021  239      6.0     30.1
     0.98     0.08   0.020  240      8.2     27.0
     0.96     0.18   0.020  242     -5.0     17.9
     0.96     0.08   0.021  243    -12.7     10.5
     0.95     0.17   0.020  244     -7.3      7.5
     0.97     0.23   0.021  245      1.4     12.5
     0.97     0.21   0.020  246      6.9      6.4
     0.95     0.37   0.021  247      1.3      2.1
     0.97     0.51   0.020  248     -4.3      0.8
     1.00     0.77   0.021  249    -13.8    -15.3
     0.99     1.54   0.020  250    -17.9    -56.6
     1.16     2.35   0.021  251    -53.7   -136.9
     1.95     5.77   0.020  252    -53.3   -231.8
     2.43    11.18   0.021  253   -142.7   -478.0
     4.61     6.59   0.020  254    -94.1   -201.3
     2.06     2.40   0.020  255      3.4   -432.0
     1.87     1.72   0.021    0   -159.9   -400.4
     1.86     1.21   0.020    1   -130.8   -422.4
     1.53     0.96   0.021    2    -61.1   -374.2
     1.40     1.55   0.020    3    -38.6   -338.4
     1.22     2.38   0.021    4    -46.3   -277.6
     1.11     3.06   0.020    5    -45.9   -219.9
     1.03     3.63   0.021    6    -19.4   -166.1
     1.08     3.89   0.020    7     -3.3   -115.8
     1.10     4.27   0.021    8     12.5    -56.9
     1.24     4.65   0.020    9     43.2     20.6
     1.53     5.01   0.021   10     21.9    125.5
     1.96     5.18   0.020   11     20.2    223.4
     2.23     5.33   0.021   12      6.2    327.6
     2.44     5.67   0.020   13     -5.0    452.8
     2.63     5.83   0.021   14      1.4    612.6
     2.45     5.82   0.020   15     56.6    624.1
     2.51     4.56   0.021   16    233.8    524.6
     3.04     3.89   0.020   17    251.3    542.7
     3.13     3.66   0.021   18     14.9    434.0
     2.73     1.07   0.020   19   -162.3    331.8
     2.14     5.62   0.021   20    -91.1    488.9
     3.36     5.16   0.020   21     67.9   -854.8
     4.27     7.33   0.021   22    471.2    928.8
     2.07     4.67   0.020   23    319.6    259.7
     1.61     4.34   0.020   24   -192.5    267.8
     3.05     3.52   0.021   25     54.2    523.6
     1.80     2.61   0.020   26    199.1    208.2
     2.03     1.17   0.021   27    152.8    253.6
     1.22     0.31   0.020   28     66.9    143.5
     1.06     0.29   0.021   29     31.1    106.8
     1.00     0.19   0.021   31     30.0     82.0
     1.00     0.18   0.020   32     27.1     77.4
     0.98     0.17   0.021   33     23.6     64.8
     0.97     0.15   0.020   34     22.0     54.9
     0.97     0.12   0.021   35      9.6     51.7
     0.98     0.08   0.020   36     15.5     51.1
     0.97     0.07   0.020   38     15.5     38.6
     0.97     0.10   0.021   39     14.2     35.9
     0.98     0.12   0.020   40     12.4     34.7
     0.99     0.12   0.021   41     10.7     32.6
     0.97     0.15   0.020   42     12.3     27.2
     0.97     0.18   0.021   43      5.7     26.5
     0.97     0.13   0.021   45     -8.0     14.5
     0.96     0.13   0.020   46     -7.5     12.5
     0.96     0.19   0.021   47      4.8     12.5
     0.94     0.20   0.020   48     24.0      9.0
     0.95     0.40   0.020   49     11.9      1.6
     0.96     0.59   0.021   50      4.1     -4.4
     1.00     1.42   0.021   52    -57.0    -79.4
     1.35     3.60   0.020   53    -58.5   -137.0
     2.88     8.94   0.021   54    -26.5   -216.7
     2.47    11.62   0.020   55    -94.8   -562.3
     3.76     3.70   0.021   56   -108.0   -305.4
     1.87     2.33   0.020   57    -26.3   -430.9
     1.16     1.17   0.020   59   -123.3   -261.7
     1.47     0.32   0.021   60    -84.7   -319.6
     1.56     1.75   0.020   61    -36.9   -306.3
     1.28     2.78   0.021   62     -2.1   -249.7
     1.28     3.20   0.020   63     45.1   -205.5
     1.25     3.94   0.021   64     89.9   -161.0
     1.47     5.04   0.021   66     96.6     15.1
     1.36     5.50   0.020   67     36.5     89.1
     1.28     5.50   0.021   68      5.9    137.5
     1.50     5.29   0.020   69     22.8    175.2
     2.54     4.92   0.021   70    -11.2    365.2
     2.81     5.56   0.020   71    -72.1    518.5
     2.44     5.39   0.020   73     55.8    618.7
     2.68     4.20   0.020   74    146.8    553.2
     3.18     3.60   0.021   75    127.5    494.7
     3.04     1.88   0.020   76    -55.1    374.8
     2.13     2.01   0.021   77    -42.3    413.8
     1.06     4.59   0.020   78    -16.1    237.2
     3.93     7.75   0.020   80    562.7    557.3
     2.26     4.31   0.021   81    208.9    264.4
     1.78     3.26   0.020   82   -249.8    156.8
     2.29     2.62   0.021   83    188.3    252.8
     1.44     0.91   0.020   84     56.0    102.8
     1.20     0.94   0.021   85     64.8     52.5
     1.15     0.27   0.021   87     41.7     51.9
     1.10     0.10   0.020   88     42.1     48.9
     1.03     0.18   0.021   89     20.6     37.2
     0.99     0.18   0.020   90     17.2     28.8
     0.98     0.13   0.021   91     15.2     20.6
     0.98     0.11   0.020   92      9.6     17.9
     0.98     0.08   0.020   94      6.8     18.2
     0.97     0.09   0.021   95      9.9     15.5
     0.98     0.10   0.020   96     11.0     16.2
     0.97     0.11   0.021   97      5.8     15.0
     0.96     0.12   0.020   98      5.4     10.4
     0.97     0.14   0.020   99      9.0     12.6
     0.99     0.22   0.020  101      6.2     13.8
     0.97     0.22   0.021  102     -1.0      5.7
     0.96     0.16   0.020  103    -11.8     -1.5
     0.96     0.17   0.021  104     -3.2      0.8
     0.96     0.21   0.020  105      9.1      5.7
     0.97     0.27   0.021  106      9.9     -1.7
     0.97     0.53   0.021  108      9.1     -6.6
     0.98     0.72   0.020  109    -25.7    -61.7
     0.99     1.83   0.021  110    -21.6   -106.3
     1.35     4.12   0.020  111     -2.7    -84.9
     2.32     9.46   0.021  112     25.9   -342.1
     2.40    11.07   0.020  113    -52.1   -565.8
     1.93     2.83   0.020  115     57.8   -453.7
     1.42     2.26   0.021  116    -63.2   -352.5
     1.43     1.44   0.020  117    -21.3   -361.2
     1.69     0.63   0.021  118     47.8   -411.9
     1.33     2.00   0.020  119    -19.4   -301.4
     1.22     2.60   0.021  120    -14.1   -242.2
     1.12     4.25   0.021  122     40.0   -112.4
     1.30     4.71   0.020  123     37.1    -44.6
     1.28     5.22   0.020  124     24.6     27.9
     1.19     5.37   0.021  125     37.6     68.6
     1.34     5.35   0.020  126     28.6     98.0
     1.78     5.18   0.021  127     28.2    154.7
     2.24     5.86   0.021  129    -27.1    340.1
     2.27     5.92   0.020  130    -72.6    458.6
     2.29     5.73   0.021  131    -33.9    566.0
     2.26     4.92   0.020  132     65.7    555.0
     2.50     4.36   0.021  133     38.4    529.1
     2.80     3.30   0.020  134   -114.7    523.6
     1.76     6.61   0.020  136   -148.8    140.8
     4.01     4.27   0.021  137    266.6   -968.5
     4.46    10.88   0.020  138     51.9   1077.3
     3.25     3.67   0.021  139    328.6    371.1
     1.18     3.98   0.020  140    -74.4    172.5
     2.61     3.51   0.021  141   -201.2    362.2
     2.19     1.60   0.021  143     79.5    245.1
     1.22     0.41   0.020  144      7.7     83.2
     1.04     0.22   0.021  145      7.2     53.4
     1.02     0.13   0.020  146     14.7     54.1
     0.99     0.14   0.021  147      9.4     40.3
     1.00     0.17   0.020  148      7.7     44.7
     0.98     0.21   0.021  150      2.3     28.1
     0.98     0.15   0.020  151     -1.7     23.0
     0.97     0.09   0.021  152     -0.8     21.0
     0.98     0.06   0.020  153     -1.7     20.1
     0.98     0.05   0.021  154      1.1     20.2
     0.98     0.06   0.020  155      6.7     20.6
     0.98     0.11   0.020  157      0.3     14.5
     0.98     0.12   0.021  158      3.3     14.3
     0.98     0.16   0.020  159      5.5     13.3
     0.98     0.18   0.021  160     -0.3      8.6
     0.98     0.14   0.020  161     -9.6      6.5
     0.97     0.13   0.021  162     -9.6      3.1
     0.97     0.16   0.020  163      1.8      4.3
     0.96     0.21   0.021  164     15.9      9.0
     0.98     0.34   0.020  165     14.7      1.1
     0.97     0.45   0.021  166      2.7     -1.9
     1.00     0.55   0.020  167     -3.1     -2.8
     1.01     2.43   0.020  169    -23.1   -104.4
     1.42     5.81   0.021  170    -35.4   -128.8
     2.69     8.76   0.020  171     82.3   -285.3
     1.90    11.84   0.021  172     -8.0   -428.1
     4.26     5.11   0.020  173    -99.9   -409.5
     1.72     2.81   0.020  174    -80.2   -415.4
     1.71     1.83   0.021  175    -64.0   -421.8
     1.75     1.19   0.020  176    -51.6   -426.8
     1.44     0.94   0.021  177    -35.8   -350.1
     1.11     2.21   0.020  178     10.5   -265.1
     0.93     3.12   0.021  179     33.9   -194.9
     0.88     3.74   0.020  180     30.4   -145.2
     1.11     4.14   0.021  181     36.1   -106.3
     1.12     4.40   0.020  182     37.1    -40.4
     0.95     4.83   0.021  183     44.3     22.5
     1.14     4.68   0.020  184     50.2     60.0
     1.71     4.47   0.021  185     -1.2    128.0
     1.94     4.88   0.020  186    -37.8    191.2
     2.27     5.15   0.021  187    -94.1    311.4
     2.29     5.39   0.020  188   -118.6    390.7
     2.25     5.60   0.021  189    -92.8    475.5
     2.39     5.33   0.020  190    -60.9    582.5
     2.31     4.72   0.021  191     21.2    582.7
     2.65     3.75   0.020  192    130.3    567.6
     3.05     3.38   0.021  193    113.9    503.6
     2.79     0.97   0.020  194     -0.9    334.7
     0.60     3.92   0.021  195     50.1     83.5
     3.16     4.18   0.020  196    137.3   -755.8
     6.40     9.13   0.021  197     39.8   1494.1
     3.36     3.70   0.020  198    415.3    436.2
     1.63     3.96   0.020  199   -121.2    257.4
     1.29     2.84   0.021  200   -164.5    163.4
     2.20     2.24   0.020  201     -0.6    343.9
     1.33     0.69   0.021  202     71.5    135.8
     1.17     0.86   0.020  203      4.4     85.6
     1.32     0.30   0.021  204     12.8    107.1
     1.16     0.22   0.020  205     24.1     84.5
     1.09     0.23   0.021  206     19.1     74.9
     1.03     0.25   0.020  207      2.2     67.7
     1.02     0.21   0.021  208      3.7     56.8
     0.97     0.14   0.020  209    -10.3     39.3
     0.98     0.12   0.021  210    -15.8     41.3
     1.00     0.11   0.020  211     -3.4     41.8
     0.98     0.10   0.021  212     -4.2     32.8
     0.96     0.16   0.020  213     -1.9     25.6
     0.99     0.13   0.021  214      2.4     30.6
     0.99     0.07   0.020  215     -1.0     30.4
     1.00     0.04   0.021  216     -0.2     27.1
     0.99     0.03   0.020  217     -4.6     20.4
     0.97     0.04   0.021  218     -3.7     15.2
     0.96     0.05   0.020  219      4.1     17.7
     0.98     0.16   0.021  220     10.2     20.3
     0.97     0.16   0.020  221     -4.1      6.9
     0.95     0.21   0.020  223     -1.5      3.6
     0.94     0.35   0.020  224      7.1     -3.4
     0.97     0.44   0.021  225      2.6      3.4
     0.97     0.52   0.020  226      2.9      0.3
     1.01     0.43   0.021  227    -22.8    -10.0
     1.03     0.91   0.020  228    -26.0    -96.0
     2.80     5.58   0.020  230    -19.7   -115.5
     2.26    10.87   0.021  231     13.3   -504.5
     3.55     9.00   0.020  232   -100.5   -262.9
     1.93     4.36   0.021  233    -62.1   -446.6
     1.87     2.21   0.020  234   -142.8   -424.6
     1.58     1.06   0.021  235    -91.7   -380.5
     1.09     1.34   0.021  237     21.4   -270.9
     1.09     1.94   0.020  238     -0.7   -241.2
     1.05     2.29   0.021  239    -23.0   -184.6
     1.05     3.04   0.020  240      5.7   -146.1
     1.24     3.59   0.021  241     37.5    -88.4
     1.32     4.22   0.020  242     42.6    -11.8
     1.03     4.86   0.020  244     14.2     73.3
     1.64     4.75   0.021  245     -8.4    154.0
     1.92     5.20   0.020  246    -49.8    247.0
     1.94     5.51   0.021  247    -38.7    304.4
     2.30     5.55   0.020  248    -35.4    439.2
     2.37     5.64   0.020  249    -11.7    558.3
     2.50     4.38   0.020  251    160.0    567.2
     2.94     3.70   0.021  252    276.8    504.4
     3.08     2.51   0.020  253     91.5    363.8
     2.64     2.10   0.021  254    -38.7    347.6
     1.58     3.81   0.020  255     77.0    398.1
     2.89     7.15   0.021    0    -64.5   -668.4
     2.51     4.61   0.021    2    154.9    419.4
     1.49     2.83   0.020    3   -163.5    237.9
     2.79     2.19   0.021    4    109.4    455.4
     1.62     1.32   0.020    5    125.2    208.9
     1.28     0.59   0.021    6     34.6    150.0
     1.28     0.12   0.020    7     27.5    154.1
     1.05     0.21   0.020    9     24.1     96.1
     1.04     0.31   0.021   10     18.8     90.5
     1.03     0.37   0.020   11     21.4     88.7
     0.98     0.44   0.021   12      5.2     62.8
     0.97     0.29   0.020   13     -4.8     63.3
     0.98     0.22   0.021   14     -0.7     54.9
     0.98     0.08   0.021   16      4.7     48.6
     0.98     0.06   0.020   17     -0.4     42.4
     0.99     0.04   0.020   18     -1.1     40.6
     0.98     0.04   0.021   19      0.3     36.9
     0.98     0.10   0.020   20     -0.9     31.2
     0.98     0.15   0.021   21     -0.4     25.3
     1.00     0.08   0.021   23      8.0     27.1
     1.00     0.05   0.020   24      9.8     24.1
     0.98     0.07   0.021   25     -3.1     18.7
     0.95     0.10   0.020   26     11.0     12.6
     0.98     0.15   0.021   27     -1.5      9.0
     0.94     0.15   0.020   28     -9.8     -5.4
     0.96     0.45   0.020   30    -24.4    -26.2
     0.97     1.04   0.021   31    -40.0    -62.8
     1.36     2.67   0.020   32     55.7   -130.4
     2.60     4.83   0.021   33    -31.0   -297.2
     2.53    10.43   0.020   34    -64.0   -492.3
     3.23     9.27   0.021   35    -91.1   -432.5
     1.28     2.20   0.021   37   -114.2   -298.3
     1.19     1.34   0.020   38     -2.8   -299.9
     1.45     1.34   0.021   39    106.6   -315.1
     1.46     2.04   0.020   40    185.6   -278.0
     1.39     3.01   0.021   41    225.5   -214.2
     1.46     3.76   0.020   42    253.9   -162.7
     1.76     5.02   0.021   44    381.0    -14.6
     1.74     5.33   0.020   45    363.3     69.8
     1.73     5.74   0.021   46    317.1    146.3
     1.79     5.87   0.020   47    261.9    213.0
     1.73     5.81   0.021   48    233.5    254.2
     2.01     5.57   0.020   49    163.2    328.3
     1.97     5.45   0.020   51    -68.2    379.2
     1.85     4.80   0.021   52   -134.9    400.2
     2.61     4.22   0.020   53   -195.2    620.6
     2.36     4.15   0.021   54   -283.2    493.5
     2.59     2.46   0.020   55   -314.5    335.9
     2.64     1.72   0.021   56   -398.2    270.5
     1.42     3.63   0.021   58   -261.5     -9.3
     3.15    10.26   0.020   59   -576.3    146.1
     4.71     3.55   0.021   60    -47.7    918.1
     1.75     2.25   0.020   61     34.2    318.9
     0.90     2.45   0.021   62    -82.9    -96.5
     2.54     2.44   0.020   63   -109.7    306.3
     1.43     0.35   0.020   65      8.8    147.9
     1.28     0.10   0.021   66     29.5    136.1
     1.06     0.09   0.020   67     20.9     99.7
     1.03     0.05   0.020   68     15.6     81.6
     1.02     0.07   0.021   69     12.1     77.6
     1.00     0.14   0.020   70     14.3     62.3
     0.98     0.13   0.020   72     13.1     46.9
     0.97     0.14   0.021   73     13.8     43.0
     0.99     0.17   0.020   74     10.6     39.4
     0.98     0.17   0.021   75      8.3     32.8
     0.99     0.16   0.020   76      3.9     30.4
     0.97     0.15   0.021   77      4.4     25.5
     0.97     0.20   0.020   78     10.0     33.7
     1.01     0.25   0.021   79      2.0     31.3
     0.98     0.29   0.020   80      0.1      8.9
     0.98     0.18   0.021   81      2.2     17.7
     0.97     0.15   0.020   82      3.0     20.2
     1.00     0.21   0.021   83     -2.8     12.7
     0.99     0.23   0.020   84      2.3      6.0
     0.99     0.23   0.021   85     -1.3      0.5
     0.99     0.19   0.020   86      0.5      8.6
     0.99     0.19   0.021   87      5.6     16.5
     0.98     0.22   0.020   88      9.4     24.9
     0.93     0.39   0.021   89     42.3    -14.7
     0.97     0.63   0.020   90     29.2    -22.4
     0.97     1.24   0.021   91     54.6    -46.5
     1.27     2.37   0.020   92    133.3     -6.6
     2.44     5.02   0.020   93    304.3    -43.2
     2.75    10.43   0.021   94    489.4   -135.6
     4.36    10.14   0.020   95    293.2    -61.3
     2.75     4.81   0.021   96    619.7    -16.7
     1.78     2.52   0.020   97    444.0    -63.2
     1.60     2.21   0.021   98    367.1   -178.6
     1.41     1.70   0.020   99    339.5   -122.7
     1.28     2.49   0.021  100    322.6    -21.9
     1.21     3.00   0.020  101    292.3     29.0
     1.16     3.70   0.021  102    238.0     65.2
     1.33     4.14   0.020  103    187.2    109.2
     1.62     4.71   0.021  104     90.2    127.7
     1.58     5.35   0.020  105     -5.7    154.0
     1.56     5.40   0.021  106    -94.7    181.1
     1.69     5.34   0.020  107   -173.5    126.8
     1.65     5.19   0.021  108   -210.5     39.6
     2.26     4.82   0.020  109   -343.3     -0.1
     3.03     5.23   0.021  110   -576.0    -61.3
     2.36     5.47   0.020  111   -552.5   -104.6
     2.22     4.56   0.021  112   -563.3    -68.8
     2.46     4.09   0.020  113   -572.5    -29.7
     2.81     2.99   0.021  114   -519.1      0.0
     2.84     1.23   0.020  115   -371.5   -109.0
     2.38     2.44   0.021  116   -389.9   -188.9
     1.64     3.35   0.020  117   -342.4   -230.0
     4.85     6.79   0.020  118   1154.8    311.3
     3.98     6.54   0.021  119   -902.4   -113.0
     2.25     4.58   0.020  120   -367.5     57.1
     1.45     3.43   0.021  121   -145.3   -186.0
     3.07     2.74   0.020  122   -422.2   -224.0
     2.12     0.61   0.021  123   -275.6    141.9
     1.48     0.15   0.020  124   -181.9    -51.0
     1.14     0.45   0.021  125   -108.6    -33.8
     1.07     0.22   0.020  126    -90.4    -28.6
     1.02     0.21   0.021  127    -84.4    -17.7
     1.01     0.21   0.020  128    -76.5    -17.6
     0.99     0.30   0.021  129    -67.7    -10.2
     0.99     0.26   0.020  130    -50.3    -22.8
     0.97     0.21   0.021  131    -45.5    -15.8
     0.98     0.17   0.020  132    -40.4    -22.5
     0.98     0.15   0.021  133    -41.3    -14.8
     0.98     0.11   0.020  134    -31.1    -16.4
     0.97     0.10   0.021  135    -31.5    -12.4
     0.97     0.08   0.020  136    -31.3     -9.4
     0.96     0.13   0.020  138    -20.6     -5.3
     0.99     0.16   0.021  139    -25.7     -3.9
     0.96     0.19   0.020  140    -21.9     -9.4
     0.97     0.19   0.021  141    -10.3    -10.0
     0.97     0.15   0.020  142     -6.0    -11.1
     1.00     0.11   0.020  143     -7.3    -10.6
     0.95     0.21   0.020  145     -9.5     11.5
     0.99     0.36   0.021  146    -16.1      4.0
     0.99     0.44   0.020  147     -6.4     -0.3
     0.98     0.51   0.021  148     44.0     -7.8
     0.97     0.87   0.020  149     79.7      0.8
     1.25     2.31   0.021  150     95.1    -32.0
     2.33     8.71   0.021  152    451.5    131.7
     4.34    12.47   0.020  153    270.0    156.5
     2.43     4.67   0.021  154    403.5    240.0
     1.50     2.38   0.020  155    351.8    123.1
     1.66     1.67   0.021  156    403.4     88.0
     1.54     0.39   0.020  157    371.0    112.0
     1.23     1.63   0.020  159    242.1    178.0
     1.16     2.53   0.021  160    196.1    175.0
     1.17     3.17   0.020  161    146.9    164.8
     1.30     3.83   0.021  162     83.0    152.8
     1.29     4.26   0.020  163     19.7    109.7
     1.21     4.80   0.021  164    -27.4     61.3
     1.53     5.01   0.021  166   -119.1    -55.8
     1.51     5.19   0.020  167   -149.8   -104.0
     1.87     5.09   0.020  168   -207.6   -150.8
     2.31     5.23   0.021  169   -275.3   -262.1
     2.54     5.66   0.020  170   -347.1   -409.2
     2.11     5.72   0.021  171   -351.2   -381.4
     2.35     3.79   0.021  173   -422.5   -318.4
     2.70     2.54   0.020  174   -455.6   -213.7
     2.81     1.84   0.021  175   -392.7   -222.5
     2.43     1.32   0.020  176   -264.1   -256.6
     0.92     4.02   0.021  177   -187.2   -140.1
     5.10    11.03   0.020  178    842.9    841.7
     2.47     5.68   0.020  180   -342.3   -127.3
     1.93     3.78   0.021  181    -10.1   -375.4
     2.67     3.07   0.020  182   -317.8   -260.9
     2.33     0.56   0.021  183   -228.0    -96.2
     1.35     0.21   0.020  184   -108.4    -65.5
     1.14     0.31   0.021  185    -70.6    -60.8
     0.99     0.17   0.021  187    -41.5    -39.7
     1.02     0.25   0.020  188    -39.8    -45.2
     0.94     0.32   0.021  189    -15.6    -32.2
     0.95     0.23   0.020  190    -13.0    -38.9
     0.98     0.22   0.021  191    -22.0    -32.9
     1.01     0.24   0.020  192    -22.9    -38.5
     0.95     0.13   0.021  194    -16.5    -17.3
     0.98     0.11   0.020  195    -14.0    -26.0
     0.98     0.08   0.021  196    -19.4    -13.4
     1.01     0.04   0.020  197    -15.5    -26.0
     0.98     0.07   0.021  198    -15.8    -14.0
     0.97     0.09   0.020  199    -14.1     -9.4
     0.97     0.14   0.020  201     -3.0    -14.3
     0.98     0.10   0.021  202      0.5    -13.3
     0.97     0.08   0.020  203      1.1     -9.9
     0.97     0.11   0.021  204     -7.1     -3.5
     0.97     0.14   0.020  205    -11.0     -0.8
     0.97     0.27   0.021  206     -8.3     -0.9
     0.98     0.48   0.021  208     11.8     -9.5
     1.00     0.47   0.020  209     21.1     -3.5
     1.01     0.83   0.021  210     81.3     22.8
     1.21     2.48   0.020  211    113.2     49.2
     2.81     6.01   0.021  212    200.1    226.7
     2.20    12.11   0.020  213    409.7    213.4
     2.16     3.45   0.020  215    363.4    312.9
     1.52     2.43   0.021  216    357.1    144.0
     1.69     1.50   0.020  217    391.2    170.0
     1.59     0.35   0.020  218    339.9    215.4
     1.46     0.96   0.021  219    287.1    232.0
     1.43     1.48   0.020  220    247.8    244.3
     1.20     3.32   0.020  222    158.5    188.2
     1.21     3.92   0.021  223    111.9    160.8
     1.31     4.46   0.020  224     37.9    127.8
     1.41     5.02   0.021  225    -32.9     89.6
     1.37     5.22   0.020  226    -53.5     16.5
     1.47     5.33   0.021  227    -61.8    -85.1
     2.24     5.86   0.021  229   -162.9   -244.6
     2.34     6.14   0.020  230   -241.4   -308.6
     2.62     6.13   0.021  231   -356.0   -427.3
     2.79     5.78   0.020  232   -445.7   -546.1
     2.59     4.42   0.021  233   -498.7   -381.7
     2.78     3.56   0.020  234   -582.6   -181.7
     2.93     1.94   0.020  236   -323.6   -323.1
     1.22     3.15   0.021  237   -211.7    -99.3
     1.44     4.73   0.020  238    214.6    210.4
     3.28     7.19   0.021  239   -247.8   -799.2
     3.09     3.82   0.020  240   -447.6   -221.2
     1.83     3.53   0.021  241   -203.6   -112.5
     1.71     3.14   0.020  243   -157.2    -62.4
     1.85     1.98   0.021  244   -126.3   -164.6
     1.22     0.18   0.020  245    -53.1    -84.9
     1.07     0.38   0.021  246    -26.9    -65.4
     0.99     0.32   0.020  247    -14.6    -50.7
     1.04     0.28   0.021  248    -10.8    -59.4
     1.01     0.34   0.021  250    -11.0    -48.8
     1.00     0.37   0.020  251    -10.0    -43.2
     0.97     0.38   0.021  252     -0.7    -31.7
     0.96     0.31   0.020  253      6.2    -30.6
     0.95     0.26   0.021  254      2.3    -25.3
     0.99     0.17   0.020  255     -4.2    -28.0
     0.97     0.16   0.021    0     -6.3    -19.5
     0.99     0.21   0.020    1    -10.7    -21.2
     1.00     0.30   0.021    2    -10.4    -19.9
     0.96     0.35   0.020    3     -4.7    -13.2
     0.95     0.36   0.021    4      5.2    -13.9
     0.94     0.27   0.020    5     11.7    -13.5
     0.96     0.21   0.021    6      1.4    -11.2
     0.95     0.27   0.020    7      2.7     -9.0
     0.96     0.32   0.021    8     15.5    -13.6
     0.99     0.37   0.020    9      3.6    -13.5
     0.97     0.39   0.021   10     -1.2     -9.3
     1.01     0.33   0.020   11    -15.8     -5.7
     0.96     0.24   0.020   12    -13.4      6.6
     0.96     0.46   0.021   13      8.1      7.9
     0.97     0.77   0.020   14     12.5      8.6
     0.99     0.84   0.021   15     25.2     -3.1
     0.96     1.35   0.020   16     60.3      3.4
     1.09     2.46   0.021   17    132.0     48.7
     1.85     6.02   0.020   18    110.9    106.3
     2.61    11.66   0.021   19    396.9    126.7
     2.27    12.75   0.020   20    375.2    441.8
     4.20     8.66   0.021   21    492.5    394.4
     2.37     2.19   0.020   22    442.0    373.9
     1.65     1.55   0.021   23    362.1    215.0
     1.42     1.16   0.020   24    316.4    171.9
     1.24     1.80   0.021   25    269.9    168.5
     1.19     2.28   0.020   26    237.5    170.6
     1.30     3.40   0.021   27    200.0    144.6
     1.16     4.41   0.020   28    119.5     96.8
     0.96     4.73   0.021   29     26.9     81.1
     1.19     4.96   0.020   30    -52.0     71.0
     1.41     5.44   0.021   31   -106.9     10.8
     1.20     5.53   0.020   32   -119.1    -57.8
     1.39     5.33   0.021   33   -110.9   -139.5
     2.01     5.41   0.020   34   -144.0   -239.4
     2.19     5.51   0.021   35   -208.9   -275.3
     2.63     5.50   0.020   36   -350.4   -402.3
     3.10     5.29   0.020   37   -493.4   -563.2
     2.67     4.94   0.021   38   -508.9   -449.6
     2.73     4.07   0.020   39   -566.2   -237.6
     3.18     4.14   0.021   40   -537.5   -244.8
     2.14     2.31   0.020   41    119.9    -66.7
     3.95     5.35   0.021   42    515.1    823.2
     4.33     9.95   0.020   43   -866.0   -624.5
     3.51     5.04   0.021   44   -482.2   -193.8
     2.82     4.07   0.020   45      1.6   -551.9
     1.35     2.67   0.021   46   -150.4      1.3
     2.14     2.18   0.020   47   -148.8   -166.5
     1.36     0.48   0.021   48    -90.2    -91.5
     1.10     0.20   0.020   49    -46.5    -77.2
     1.01     0.12   0.021   50    -27.4    -72.5
     1.05     0.12   0.020   51    -45.0    -71.7
     1.01     0.15   0.021   52    -17.4    -55.9
     0.98     0.12   0.020   53    -22.5    -43.8
     0.98     0.10   0.021   54    -12.3    -42.1
     0.98     0.04   0.020   55    -13.0    -40.8
     0.98     0.05   0.021   56    -14.5    -32.5
     0.97     0.03   0.020   57    -12.8    -32.2
     0.98     0.06   0.021   58    -13.2    -29.5
     0.98     0.08   0.020   59     -9.0    -25.6
     0.97     0.09   0.021   60     -9.7    -23.1
     0.98     0.10   0.020   61    -12.0    -21.3
     0.98     0.13   0.020   62    -11.6    -17.9
     0.99     0.18   0.021   63    -10.2    -19.4
     0.99     0.23   0.020   64    -10.2    -17.7
     0.96     0.27   0.021   65     -7.1    -12.3
     0.97     0.12   0.021   67      7.5    -11.9
     0.98     0.17   0.020   68      1.4    -12.1
     0.97     0.14   0.021   69    -10.4    -10.5
     0.98     0.14   0.020   70    -10.7     -5.6
     0.96     0.24   0.021   71     -6.4      5.5
     0.94     0.38   0.020   72     35.6      3.5
     1.03     0.78   0.020   74     -7.8    -13.8
     1.08     1.06   0.021   75     21.5     -7.5
     1.02     2.48   0.020   76     96.9     32.9
     1.44     3.63   0.021   77    121.0     59.4
     1.88     7.32   0.020   78    183.2      1.9
     0.98     9.33   0.021   79     93.8    121.5
     2.28     0.88   0.021   81    203.0    143.7
     1.20     0.61   0.020   82    161.8    187.9
     0.85     0.64   0.021   83    126.2    135.3
     0.90     0.87   0.020   84    120.4    134.2
     0.84     1.25   0.021   85    111.7    114.5
     0.90     1.68   0.020   86    106.3     96.1
     0.97     2.70   0.021   88     51.3     46.4
     0.91     3.23   0.020   89     24.6     11.7
     0.84     3.45   0.021   90     14.0    -29.4
     0.97     3.61   0.020   91    -26.1    -51.1
     1.19     3.94   0.021   92    -78.0    -79.5
     1.23     3.96   0.020   93   -111.3   -103.7
     1.43     3.83   0.020   95   -199.7   -122.7
     1.33     3.47   0.021   96   -154.9   -208.8
     1.92     2.74   0.020   97   -190.3   -357.3
     1.85     2.63   0.021   98   -210.5   -387.3
     1.50     2.54   0.020   99   -218.8   -312.9
     1.70     2.26   0.021  100   -314.6   -298.4
     1.64     1.90   0.021  102   -252.3   -214.1
     1.43     0.24   0.020  103   -138.5   -202.4
     0.73     3.29   0.021  104    -12.2   -116.0
     1.14     2.35   0.020  105    232.8    153.5
     1.32     5.96   0.021  106   -293.8   -137.2
     5.88     4.77   0.020  107   -671.9   -572.7
     0.96     0.56   0.020  109    -49.7    -34.2
     1.03     0.30   0.021  110    -42.8    -85.3
     1.04     0.32   0.020  111    -75.9    -60.0
     1.00     0.07   0.020  112    -53.5    -54.6
     1.00     0.18   0.021  113    -49.6    -57.4
     0.98     0.20   0.020  114    -23.4    -44.8
     0.97     0.12   0.020  116    -19.7    -37.6
     0.99     0.15   0.021  117    -33.6    -31.8
     0.98     0.11   0.020  118    -24.0    -31.6
     0.98     0.10   0.021  119    -19.4    -28.4
     0.98     0.09   0.020  120    -17.3    -25.3
     0.98     0.07   0.021  121    -20.2    -23.8
     0.97     0.04   0.021  123    -14.4    -15.7
     0.98     0.05   0.020  124    -12.3    -16.0
     0.98     0.03   0.021  125    -13.8    -16.0
     0.98     0.03   0.020  126    -11.9    -13.7
     0.98     0.04   0.021  127    -10.7    -13.7
     0.98     0.04   0.020  128     -9.3    -10.3
     0.97     0.07   0.020  130     -9.2     -8.7
     0.98     0.10   0.021  131     -5.8     -8.0
     0.98     0.12   0.020  132     -5.5    -10.4
     0.98     0.12   0.021  133     -0.6     -7.7
     0.96     0.12   0.020  134     -6.4     -2.3
     0.97     0.16   0.021  135    -12.7     -0.3
     0.96     0.14   0.020  137     16.1     -8.2
     0.97     0.07   0.021  138      6.3     -6.4
     0.96     0.08   0.020  139     -0.8     -0.7
     0.99     0.09   0.021  140     -2.8     -4.0
     0.98     0.08   0.020  141     -5.5     -1.9
     0.97     0.06   0.021  142     -5.4     -2.7
     0.97     0.09   0.021  144     -2.6     -1.3
     0.98     0.06   0.020  145     -8.2      1.2
     0.97     0.02   0.021  146     -4.4      0.6
     0.97     0.04   0.020  147     -2.3     -5.7
     0.97     0.04   0.021  148      1.0     -1.2
     0.97     0.05   0.020  149      0.3     -1.8
     0.94     0.04   0.020  151     -0.7      5.8
     0.97     0.04   0.021  152     -1.3     -2.7
     0.94     0.05   0.020  153      0.3      6.0
     0.97     0.06   0.021  154     -0.7     -2.5
     0.97     0.06   0.020  155      0.7     -1.2
     0.98     0.07   0.021  156      0.5     -7.5
     0.97     0.04   0.021  158     -4.3     -2.6
     0.99     0.04   0.020  159     -0.6     -3.3
     0.98     0.04   0.021  160      0.3     -2.5
     0.98     0.04   0.020  161     -0.5     -3.0
     0.97     0.04   0.020  162      0.5     -0.9
     0.97     0.04   0.021  163     -0.3     -1.4
     0.97     0.04   0.021  165      0.6     -2.1
     0.97     0.04   0.020  166      0.7     -0.5
