     0.98     0.04   0.021   63     -0.7      0.8
     0.98     0.04   0.020   64     -0.1     -0.1
     0.97     0.04   0.021   65      0.1     -0.1
     0.98     0.05   0.020   66     -0.2     -0.0
     0.97     0.05   0.021   67      0.2      2.2
     0.99     0.05   0.020   68     -1.0     -1.5
     0.98     0.05   0.021   69     -1.7     -1.7
     0.99     0.04   0.020   70     -1.7     -1.5
     0.98     0.04   0.021   71     -0.6      0.0
     0.99     0.04   0.020   72      0.0      0.4
     0.98     0.04   0.021   73      1.6     -0.0
     0.94     0.04   0.020   74      2.9      6.6
     0.99     0.04   0.021   75     -0.0     -1.0
     1.00     0.04   0.020   76     -0.9     -2.2
     0.99     0.04   0.021   77     -0.8     -1.0
     0.98     0.04   0.020   78     -0.2      0.4
     0.98     0.04   0.021   79     -0.0      0.4
     0.98     0.04   0.020   80     -0.9     -0.0
     0.97     0.04   0.021   81     -0.1      1.3
     0.99     0.04   0.020   82     -0.6      1.2
     0.99     0.04   0.020   83     -2.7     -4.1
     0.97     0.04   0.021   84      0.5      0.7
     0.98     0.04   0.020   85      0.2      0.6
     0.98     0.04   0.021   86      0.7     -0.3
     0.97     0.04   0.020   87      1.8      0.2
     0.98     0.04   0.021   88      0.0      0.7
     0.98     0.05   0.020   89      1.3      0.2
     0.98     0.04   0.021   90      0.7      1.1
     0.98     0.04   0.020   91      0.6      1.0
     0.98     0.04   0.021   92      1.0      0.1
     0.98     0.05   0.020   93      0.9      0.1
     0.97     0.04   0.021   94     -0.4      0.6
     0.98     0.04   0.020   95     -1.4      0.2
     0.98     0.04   0.021   96      0.9      0.1
     0.98     0.04   0.020   97     -0.2     -0.3
     0.98     0.04   0.021   98      0.4      1.1
     0.97     0.04   0.020   99     -1.0      0.2
     0.98     0.04   0.021  100     -0.6      0.6
     0.99     0.04   0.020  101     -1.5      0.2
     0.98     0.04   0.021  102     -0.4     -1.6
     0.99     0.04   0.020  103      0.4      1.2
     0.99     0.04   0.021  104     -1.6      0.3
     0.98     0.05   0.020  105     -0.3      0.7
     0.98     0.04   0.021  106      0.8      1.1
     0.98     0.04   0.020  107     -1.1      0.2
     0.98     0.04   0.020  108      0.3     -0.3
     0.97     0.04   0.021  109     -1.0      5.6
     0.99     0.04   0.020  110     -2.0     -3.7
     0.98     0.04   0.021  111      1.0      1.0
     0.98     0.04   0.020  112      0.0      0.6
     0.98     0.04   0.021  113      1.2      0.0
     0.98     0.04   0.020  114      0.6      1.0
     0.95     0.04   0.021  115     -2.6      7.7
     1.00     0.04   0.020  116     -2.0     -5.0
     0.99     0.04   0.021  117      1.2     -0.1
     1.00     0.04   0.020  118     -1.6     -4.4
     0.99     0.04   0.021  119     -0.2      0.9
     0.98     0.04   0.020  120      0.1      0.9
     0.98     0.04   0.021  121     -0.8      0.4
     0.98     0.04   0.020  122      0.3      0.8
     0.98     0.04   0.021  123      0.2      0.8
     0.98     0.04   0.020  124      1.4      0.2
     0.98     0.04   0.021  125     -0.3      1.6
     0.98     0.04   0.020  126      0.8      1.0
     0.98     0.04   0.021  127     -0.1      0.5
     0.99     0.04   0.020  128     -0.3      0.5
     0.98     0.04   0.021  129     -0.5      1.4
     0.98     0.04   0.020  130     -1.4      0.9
     0.98     0.05   0.021  131      0.9      0.7
     0.98     0.04   0.020  132      0.4     -0.6
     0.98     0.04   0.020  133      2.1      0.3
     0.98     0.05   0.021  134     -2.6      0.4
     0.99     0.04   0.020  135     -1.1     -0.1
     0.97     0.04   0.021  136      1.6     -0.1
     0.98     0.04   0.020  137      0.0      0.5
     0.98     0.04   0.021  138     -0.1      0.4
     0.98     0.04   0.020  139      0.0      0.4
     0.98     0.04   0.021  140      0.9      0.8
     0.98     0.04   0.020  141     -2.3      0.4
     0.98     0.05   0.021  142      0.5     -2.7
     0.99     0.04   0.020  143     -0.8     -0.7
     0.99     0.04   0.021  144      1.7     -1.5
     0.98     0.04   0.020  145     -0.2      1.0
     0.98     0.04   0.021  146      0.3     -0.0
     0.98     0.04   0.020  147     -0.2      0.9
     0.96     0.04   0.021  148     -0.3      0.5
     0.96     0.04   0.020  149      3.9     10.0
     0.97     0.04   0.021  150      0.3     -1.0
     1.00     0.04   0.020  151      0.9     -4.5
     0.96     0.04   0.021  152      2.3      0.5
     0.98     0.04   0.020  153     -0.8      0.5
     0.98     0.04   0.021  154     -0.3      1.8
     0.98     0.04   0.020  155      0.0      0.8
     0.98     0.04   0.021  156     -1.7     -0.1
     0.98     0.05   0.020  157     -1.6     -0.1
     0.98     0.04   0.020  158     -0.6      0.4
     0.98     0.04   0.021  159      0.9     -0.1
     0.98     0.04   0.020  160     -1.1     -0.9
     0.98     0.05   0.021  161      0.9      0.1
     0.97     0.04   0.020  162      2.1      0.5
     0.98     0.04   0.021  163      1.0     -0.8
     0.97     0.04   0.020  164     -1.1      1.6
     0.97     0.04   0.021  165      0.7      0.1
     0.98     0.04   0.020  166     -0.3      1.9
     0.98     0.04   0.021  167     -0.5     -0.5
     0.97     0.04   0.020  168     -0.5      0.5
     0.98     0.04   0.021  169     -0.9      0.5
     0.97     0.04   0.020  170     -1.4      0.1
     0.98     0.04   0.021  171     -0.9      1.4
     0.97     0.04   0.020  172      0.1     -0.5
     0.98     0.05   0.021  173     -0.5      0.5
     0.97     0.05   0.020  174      0.7      3.1
     0.98     0.06   0.021  175      0.7     -2.4
     0.97     0.07   0.020  176     -0.3      2.9
     0.98     0.07   0.021  177      2.4      1.8
     0.98     0.10   0.020  178      1.4      3.7
     1.00     0.22   0.021  179      3.2      5.0
     0.99     0.26   0.020  180     -5.3      1.3
     0.98     0.24   0.021  181     -4.2      3.1
     0.99     0.21   0.020  182     -4.4     -2.9
     0.98     0.17   0.020  183      5.8     -4.1
     0.95     0.11   0.021  184      2.1     -4.4
     0.97     0.10   0.020  185      3.2      0.3
     0.99     0.08   0.021  186      1.4      1.1
     0.99     0.09   0.020  187      0.8      2.1
     0.98     0.12   0.021  188     -2.6     -1.6
     0.99     0.10   0.020  189      6.2      9.6
     0.98     0.10   0.021  190     -0.5     -2.7
     0.99     0.08   0.020  191     -2.5     -0.8
     1.03     0.12   0.021  192     -4.6      3.8
     1.03     0.25   0.020  193      6.2      7.3
     0.94     0.48   0.021  194     25.6     -4.8
     0.90     0.55   0.020  195     51.7    -10.4
     1.04     1.29   0.021  196     20.8     53.6
     1.34     2.43   0.020  197     93.3     64.0
     1.68     3.16   0.021  198     72.5    -45.0
     1.88     2.32   0.020  199    214.1     -3.7
     1.70     2.11   0.021  200    292.1     78.5
     1.76     1.43   0.020  201    341.0    101.8
     1.77     0.48   0.021  202    363.4    113.1
     1.61     0.72   0.020  203    322.0    157.1
     1.45     1.44   0.021  204    276.7    163.7
     1.22     1.72   0.020  205    223.2    144.3
     1.07     1.83   0.021  206    174.0    146.5
     1.15     1.57   0.020  207    115.3    105.5
     1.73     2.90   0.021  209    -60.8   -145.3
     1.70     3.14   0.020  210   -123.6   -165.6
     1.50     3.54   0.021  211   -185.3   -137.4
     1.06     3.31   0.020  212   -185.0   -103.9
     0.79     2.30   0.021  213   -161.2    -97.1
     1.37     2.00   0.020  214   -285.4   -132.4
     1.36     1.53   0.020  216   -318.8   -140.7
     1.27     0.77   0.021  217   -299.4   -105.6
     1.27     1.08   0.020  218   -303.9    -76.2
     1.31     1.40   0.021  219   -321.4    -93.6
     0.90     1.86   0.020  220     32.8    -90.6
     1.31     2.50   0.021  221    305.1    105.2
     2.34     2.74   0.021  223   -210.6    214.9
     1.19     2.88   0.020  224     39.8   -130.8
     2.14     2.29   0.021  225     30.6   -254.5
     1.61     2.11   0.020  226    -81.6    106.3
     1.32     0.55   0.021  227    -24.1     14.9
     1.23     0.22   0.020  228     -8.9     11.8
     1.08     0.16   0.020  230      0.0     13.8
     1.03     0.23   0.021  231      0.0      8.7
     1.03     0.32   0.020  232     -2.4      9.2
     1.01     0.44   0.020  233      0.4      9.6
     0.98     0.47   0.021  234      5.4      6.9
     0.96     0.48   0.020  235      3.7      4.8
     0.92     0.33   0.020  237     10.2     -1.9
     0.88     0.16   0.021  238     18.0     -4.6
     0.91     0.10   0.020  239     14.3     -2.1
     0.94     0.17   0.021  240      7.8      2.7
     0.94     0.29   0.020  241     10.7      2.2
     0.97     0.43   0.021  242      9.6      2.3
     1.01     0.36   0.021  244     -1.9      1.3
     1.02     0.25   0.020  245     -8.0      3.5
     1.00     0.18   0.021  246     -5.7      4.0
     0.99     0.18   0.020  247     -1.0      0.7
     0.98     0.16   0.021  248      6.6     -4.1
     0.97     0.15   0.020  249      3.7      1.8
     0.98     0.30   0.020  251     -4.5     11.0
     0.95     0.55   0.021  252     15.7     16.5
     0.97     1.24   0.020  253     56.2     16.9
     1.02     2.01   0.021  254    103.1     35.8
     1.28     4.52   0.020  255    159.6     50.7
     2.49     8.76   0.021    0    301.1    174.1
     2.30     4.64   0.020    2    458.0    261.9
     2.16     3.75   0.021    3    461.2    231.1
     2.06     1.93   0.020    4    394.3    342.0
     1.92     0.59   0.021    5    374.6    311.5
     1.64     1.66   0.020    6    337.8    235.2
     1.34     3.03   0.021    7    252.8    210.5
     0.93     4.18   0.021    9    135.4    103.5
     1.02     4.54   0.020   10     90.2     62.6
     1.13     4.98   0.021   11     24.4     22.9
     1.15     5.32   0.020   12    -40.4     -7.0
     1.32     5.35   0.021   13   -111.6    -35.4
     1.54     5.31   0.020   14   -163.7   -111.7
     2.14     4.84   0.020   16   -243.0   -268.3
     3.18     5.41   0.021   17   -448.4   -486.2
     2.95     5.77   0.020   18   -542.4   -495.3
     2.58     4.89   0.021   19   -565.4   -281.8
     2.87     2.84   0.020   20   -558.0    -76.3
     3.26     1.61   0.021   21   -536.7    -90.6
     2.41     3.20   0.021   23   -404.2   -344.0
     3.38     3.72   0.020   24   -226.7   -108.1
     5.32     9.72   0.021   25   1079.7    485.3
     6.09     5.86   0.020   26   -929.6   -825.5
     4.58     4.53   0.020   27   -777.1    242.8
     2.55     3.54   0.021   28     27.5   -513.2
     1.20     0.28   0.021   30    -59.6   -164.4
     1.36     0.41   0.020   31   -139.5    -30.4
     0.96     0.49   0.021   32    -58.9    -37.6
     1.03     0.56   0.020   33    -59.8    -48.3
     1.07     0.70   0.021   34    -63.2    -32.8
     1.03     0.79   0.020   35    -52.9    -36.8
     0.94     0.63   0.020   37    -11.3    -41.6
     0.90     0.51   0.021   38     -6.1    -29.3
     0.94     0.21   0.020   39     -6.1    -34.4
     0.92     0.11   0.021   40     -9.4    -28.0
     0.94     0.32   0.020   41    -20.3    -34.5
     1.04     0.33   0.021   42    -31.2    -29.1
     1.00     0.22   0.021   44    -22.4    -13.4
     0.97     0.16   0.020   45    -17.9    -16.9
     0.99     0.15   0.021   46    -22.6    -14.7
     0.98     0.10   0.020   47    -13.7    -15.5
     0.98     0.09   0.021   48    -14.1    -11.3
     0.97     0.13   0.020   49     -6.9     -9.0
     0.97     0.30   0.020   51     -5.7      3.2
     0.97     0.46   0.020   52      6.8      3.6
     1.00     0.60   0.021   53     48.5     12.6
     1.16     1.74   0.020   54     79.6     61.7
     1.39     4.68   0.021   55    171.2    123.4
     2.51     8.86   0.020   56    219.6    199.5
     5.28     8.22   0.020   58    509.3    -18.2
     2.31     3.68   0.021   59    314.5    469.3
     2.25     2.71   0.020   60    363.1    419.5
     1.95     2.42   0.021   61    372.0    329.3
     2.02     1.85   0.020   62    418.3    290.4
     1.72     2.23   0.021   63    397.7    171.3
     1.15     4.02   0.021   65    200.3    192.9
     1.03     4.67   0.020   66    149.5    151.7
     1.03     4.86   0.021   67    124.9     83.1
     1.21     5.31   0.020   68     42.3     48.1
     1.33     5.69   0.021   69    -51.3     36.6
     1.46     5.92   0.020   70   -131.1     -7.3
     2.51     5.43   0.020   72   -271.1   -246.4
     3.12     5.37   0.021   73   -391.4   -472.2
     3.49     5.85   0.020   74   -564.9   -646.4
     2.93     5.70   0.021   75   -587.4   -375.6
     3.37     3.30   0.020   76   -634.4   -191.0
     3.50     2.66   0.020   77   -435.8   -293.8
     0.81     4.14   0.020   79   -176.4    -91.2
     3.72     4.15   0.021   80    742.9    575.3
     4.84     8.15   0.020   81   -621.8   -954.0
     4.37     4.35   0.021   82   -795.2    197.7
     1.39     3.16   0.020   83     14.1   -263.3
     2.37     2.11   0.021   84   -107.3   -323.1
     1.19     0.49   0.021   86    -86.9    -94.1
     1.25     0.26   0.020   87    -83.9    -64.6
     1.13     0.27   0.021   88    -68.2    -52.9
     1.05     0.40   0.020   89    -47.6    -44.5
     1.01     0.41   0.021   90    -42.5    -43.0
     1.02     0.44   0.020   91    -41.1    -38.9
     0.97     0.50   0.020   93    -26.9    -25.6
     0.94     0.46   0.021   94    -11.3    -23.7
     0.93     0.20   0.020   95     -0.5    -30.5
     0.97     0.12   0.021   96    -16.5    -23.8
     0.97     0.12   0.020   97    -20.1    -18.9
     0.96     0.16   0.021   98    -12.9    -15.8
     0.99     0.22   0.021  100    -23.3    -10.7
     0.98     0.23   0.020  101    -14.6    -14.8
     0.96     0.22   0.020  102     -4.5    -15.4
     0.94     0.15   0.021  103      5.1    -14.0
     0.96     0.32   0.020  104      3.2    -16.8
     0.98     0.33   0.021  105    -20.0     -6.2
     0.97     0.38   0.021  107    -12.1     10.3
     0.96     0.48   0.020  108     25.9      4.5
     1.00     0.74   0.021  109     67.1     21.2
     1.26     2.08   0.020  110    138.5    105.6
     1.63     4.99   0.021  111    106.4    108.9
     2.35     7.31   0.020  112    146.2    242.8
     2.60     4.97   0.020  114    335.7    421.4
     2.11     3.20   0.021  115    342.2    339.7
     1.85     1.91   0.020  116    377.8    255.9
     1.59     1.92   0.021  117    299.5    272.2
     1.44     1.75   0.020  118    278.5    236.5
     1.24     2.18   0.021  119    247.6    189.3
     1.06     3.56   0.021  121    141.4    176.5
     1.07     3.89   0.020  122    111.5    117.8
     1.02     4.50   0.021  123     73.7     57.9
     1.15     4.86   0.020  124     -0.5     40.0
     1.50     5.18   0.021  125    -86.7      3.3
     1.54     5.61   0.020  126   -127.4    -70.5
     1.90     5.48   0.021  128   -211.1   -208.6
     2.39     5.45   0.020  129   -227.0   -423.9
     2.78     5.46   0.021  130   -293.1   -614.3
     3.42     4.54   0.020  131   -510.3   -709.8
     3.28     3.96   0.021  132   -570.2   -463.9
     3.52     3.34   0.020  133   -585.1   -231.6
     2.38     7.79   0.020  135    121.1     80.4
     1.49     8.46   0.021  136    306.2     71.5
     5.33    10.41   0.020  137   -658.2  -1040.0
     4.55     4.29   0.021  138   -765.6     38.5
     2.16     3.36   0.020  139   -282.0   -197.1
     2.79     2.56   0.021  140     56.3   -524.3
     1.59     0.29   0.021  142   -160.0   -138.5
     1.17     0.36   0.020  143    -68.9    -99.3
     1.02     0.23   0.021  144    -59.5    -66.7
     1.00     0.23   0.020  145    -46.9    -62.2
     0.99     0.24   0.021  146    -36.7    -54.1
     1.00     0.22   0.020  147    -36.0    -54.8
     1.00     0.17   0.020  149    -24.2    -45.6
     0.97     0.13   0.021  150    -22.8    -32.3
     0.96     0.12   0.020  151    -25.6    -24.1
     0.95     0.15   0.020  152    -22.7    -20.0
     0.99     0.24   0.021  153    -21.6    -29.3
     0.97     0.27   0.020  154    -19.1    -25.9
     0.97     0.32   0.020  156    -16.8    -17.0
     0.99     0.34   0.021  157    -16.8    -22.0
     0.97     0.31   0.020  158     -4.1    -15.8
     0.95     0.30   0.021  159    -16.3     -6.3
     0.94     0.42   0.020  160     -3.3     -1.1
     0.97     0.42   0.021  161      4.3     -4.3
     1.03     0.96   0.021  163     73.8     24.9
     1.14     2.98   0.020  164    132.7     86.7
     1.83     6.69   0.021  165    231.4    141.4
     2.63    10.38   0.020  166    309.7    313.9
     5.61    10.85   0.021  167    320.3     59.9
     2.34     4.12   0.020  168    343.1    395.1
     1.67     1.91   0.020  170    325.0    269.0
     1.67     1.61   0.021  171    298.8    303.3
     1.92     0.93   0.020  172    333.4    331.7
     1.63     2.41   0.021  173    276.4    280.9
     1.31     3.72   0.020  174    183.6    246.1
     1.03     4.46   0.021  175    112.2    191.0
     1.04     4.93   0.020  177     29.5    113.6
     1.33     5.23   0.021  178    -38.1     76.1
     1.53     5.63   0.020  179    -72.1    -36.5
     1.37     5.78   0.021  180   -125.4   -127.6
     2.08     5.55   0.020  181   -170.5   -291.5
     2.81     5.33   0.021  182   -228.5   -511.4
     3.11     5.76   0.021  184   -568.7   -555.9
     3.00     4.30   0.020  185   -631.5   -252.7
     3.37     3.35   0.021  186   -573.8   -235.6
     3.21     2.09   0.020  187   -268.4   -355.7
     2.62     1.63   0.021  188   -234.2   -449.5
     1.45     4.70   0.020  189   -196.4   -284.8
     5.03     7.97   0.020  191   -853.9   -435.1
     2.79     3.86   0.021  192   -358.8   -104.9
     1.94     2.95   0.020  193    212.5   -362.9
     1.51     1.89   0.021  194   -135.7   -136.9
     1.20     0.74   0.020  195    -41.9   -147.8
     1.27     0.80   0.021  196    -91.8    -17.0
     1.14     0.41   0.021  198    -52.1    -44.9
     1.09     0.54   0.020  199    -35.8    -44.4
     1.01     0.57   0.021  200    -24.4    -30.4
     1.01     0.58   0.020  201    -25.5    -28.8
     0.98     0.46   0.020  202     -1.0    -35.4
     0.97     0.22   0.021  203      0.6    -33.3
     0.97     0.08   0.021  205     -9.2    -23.4
     0.97     0.08   0.020  206     -9.9    -19.7
     0.98     0.10   0.021  207    -11.3    -18.1
     0.98     0.10   0.020  208    -13.8    -14.1
     0.97     0.10   0.021  209    -12.2    -13.8
     0.97     0.10   0.020  210     -7.8    -14.1
     0.96     0.13   0.020  212      1.6     -6.7
     0.95     0.20   0.021  213     -0.3      3.6
     0.95     0.37   0.020  214      5.9      4.8
     0.99     0.43   0.021  215      0.4     -5.6
     0.97     0.44   0.020  216     26.5     10.0
     1.09     0.88   0.021  217     90.9     90.6
     2.24     6.29   0.021  219     50.1    174.4
     2.75     8.94   0.020  220    351.6    312.9
     5.98    12.78   0.021  221    440.7    192.1
     2.73     5.00   0.020  222    430.4    493.5
     2.44     2.66   0.021  223    476.2    357.3
     2.08     1.52   0.020  224    425.5    309.9
     1.34     2.08   0.020  226    218.3    263.3
     1.23     2.71   0.020  227    202.9    220.7
     1.24     3.41   0.021  228    171.6    187.5
     1.17     4.15   0.020  229    119.4    130.2
     1.15     4.41   0.021  230     53.9     81.9
     1.26     4.78   0.020  231      4.6     40.9
     1.39     5.17   0.020  233    -72.6    -71.6
     1.66     5.06   0.021  234   -133.4   -114.0
     1.94     5.24   0.020  235   -207.8   -198.9
     1.75     5.54   0.021  236   -178.4   -281.0
     2.36     5.39   0.020  237   -251.5   -451.4
     3.67     5.87   0.021  238   -460.9   -801.5
     3.33     3.42   0.021  240   -581.3   -208.3
     3.46     3.26   0.020  241   -548.8   -242.8
     3.32     3.17   0.021  242   -265.7   -402.7
     2.55     3.63   0.020  243   -224.1   -159.4
     4.81     8.99   0.021  244   -396.2  -1095.7
     5.10     4.84   0.020  245   -748.4   -407.8
     2.08     1.91   0.020  247      6.0   -472.6
     1.88     0.73   0.021  248   -170.1   -148.4
     1.40     0.15   0.020  249    -87.4   -142.2
     1.22     0.26   0.021  250    -69.8   -125.3
     0.98     0.42   0.020  251    -33.5    -84.9
     1.01     0.36   0.020  252    -34.9    -90.9
     0.98     0.33   0.020  254    -28.6    -66.4
     0.97     0.36   0.021  255    -18.7    -54.9
     0.97     0.39   0.020    0    -12.2    -57.1
     0.97     0.40   0.021    1     -8.5    -56.6
     0.98     0.33   0.020    2    -10.2    -48.8
     1.01     0.33   0.021    3    -14.9    -52.0
     0.98     0.29   0.021    5    -10.8    -35.9
     0.98     0.31   0.020    6    -15.9    -31.5
     0.97     0.29   0.021    7     -6.5    -30.4
     0.99     0.23   0.020    8     -9.8    -30.1
     0.98     0.21   0.021    9      0.6    -23.1
     0.96     0.20   0.020   10     -0.9     -9.4
     0.97     0.38   0.020   12     -0.4    -13.1
     0.98     0.48   0.021   13     14.5     -4.2
     1.01     0.67   0.020   14     61.5     20.4
     1.14     2.01   0.021   15     98.8     92.2
     1.59     5.19   0.020   16    166.0    169.6
     3.16    10.83   0.021   17    114.2    172.6
     3.45     5.83   0.021   19    458.1    331.5
     2.31     3.54   0.020   20    334.2    449.3
     2.26     2.46   0.020   21    403.6    391.0
     2.03     1.78   0.021   22    390.7    340.1
     1.98     1.49   0.020   23    366.7    345.9
     1.92     1.98   0.021   24    321.6    352.8
     1.37     4.69   0.021   26    144.0    250.7
     1.17     5.20   0.020   27     72.6    177.7
     1.31     5.58   0.021   28    -10.3    118.4
     1.41     5.73   0.020   29    -78.3     61.0
     1.34     5.63   0.021   30   -105.6      3.1
     1.95     5.45   0.020   31   -151.7   -154.4
     2.96     5.81   0.020   33   -275.3   -522.1
     3.20     6.25   0.021   34   -433.4   -671.5
     3.17     5.48   0.020   35   -530.4   -584.9
     3.25     3.57   0.021   36   -674.2   -305.4
     3.41     3.03   0.020   37   -534.9   -367.5
     3.18     2.14   0.021   38   -327.3   -470.9
     1.12     2.70   0.020   39   -189.4    114.9
     4.71     4.29   0.021   40    928.8    765.0
     5.37    10.13   0.020   41   -438.6  -1175.8
     3.58     4.64   0.021   42   -615.4     92.7
     2.40     4.42   0.020   43   -103.3   -320.0
     1.78     1.52   0.021   44    -87.0   -210.3
     1.46     0.57   0.020   45    -99.3    -98.1
     1.14     0.16   0.021   47    -42.4    -28.4
     1.00     0.29   0.020   48    -16.7    -44.5
     1.08     0.19   0.021   49    -37.8    -26.2
     1.05     0.23   0.020   50    -23.1    -36.2
     1.04     0.26   0.021   51    -38.5    -25.5
     1.02     0.39   0.020   52    -24.4    -27.5
     0.98     0.25   0.020   54      0.6    -30.6
     0.95     0.13   0.021   55     -0.7    -23.5
     0.96     0.09   0.020   56     -4.2    -15.1
     0.98     0.11   0.021   57    -15.3    -13.1
     0.99     0.12   0.020   58    -19.7    -11.2
     0.97     0.18   0.021   59    -12.9    -10.2
     0.96     0.22   0.021   61      0.2    -11.7
     0.95     0.23   0.020   62      6.2     -8.6
     0.98     0.24   0.021   63      1.4    -10.4
     0.98     0.18   0.020   64    -16.3     -1.0
     1.00     0.36   0.021   65    -12.7     10.0
     0.97     0.44   0.020   66     -2.5     -1.7
     1.01     0.69   0.021   67     68.2     22.5
     1.22     1.11   0.020   68    117.8     78.9
     1.76     3.58   0.021   69    103.5     20.3
     2.62     7.82   0.020   70    143.6    238.0
     2.84    12.74   0.020   71    225.2    153.7
     3.25     5.39   0.021   72    520.7    389.8
     2.38     3.66   0.020   73    476.2    323.9
     2.07     1.85   0.020   75    403.3    340.4
     1.75     1.72   0.021   76    328.9    300.3
     1.47     2.52   0.020   77    273.9    247.9
     1.37     2.98   0.021   78    223.4    228.3
     1.34     3.88   0.020   79    171.1    182.0
     1.25     4.70   0.021   80    114.1    110.7
     1.33     5.12   0.020   81     47.7     49.3
     1.43     5.55   0.021   82    -34.6     21.0
     1.52     5.68   0.020   83   -104.4    -17.7
     1.58     5.62   0.021   84   -156.0    -87.1
     1.82     5.44   0.020   85   -198.6   -163.4
     2.26     5.46   0.021   86   -227.5   -322.5
     3.38     5.84   0.020   87   -393.5   -572.9
     3.42     6.25   0.021   88   -540.7   -653.6
     2.84     5.40   0.020   89   -552.9   -407.3
     3.35     3.43   0.021   90   -649.9   -214.1
     3.81     2.64   0.020   91   -497.7   -311.2
     3.36     2.95   0.021   92   -199.4   -443.7
     2.59     4.16   0.020   93   -363.0   -463.1
     1.49     5.00   0.021   94     38.8     47.5
     2.93     9.37   0.020   95   -316.8   -616.3
     5.14     4.71   0.020   96  -1018.4      0.3
     4.63     3.16   0.021   97   -274.8   -667.8
     1.38     1.02   0.020   98   -114.6    -68.4
     1.29     0.62   0.021   99    -11.8   -183.7
     1.17     0.53   0.020  100    -66.8    -78.6
     1.11     0.53   0.021  101    -47.3    -21.3
     1.18     0.49   0.020  102    -78.8    -32.5
     1.07     0.32   0.021  103    -42.1    -43.5
     1.04     0.43   0.020  104    -33.3    -44.6
     0.99     0.48   0.021  105    -15.6    -35.9
     0.96     0.42   0.020  106     -2.5    -30.3
     0.95     0.35   0.021  107      0.4    -31.3
     0.96     0.19   0.020  108     -5.6    -29.0
     0.97     0.09   0.021  109    -10.6    -21.2
     0.97     0.13   0.020  110    -14.4    -18.0
     1.00     0.18   0.021  111    -16.8    -25.2
     0.98     0.16   0.020  112    -16.5    -15.5
     0.98     0.16   0.021  113    -13.1    -16.8
     0.97     0.17   0.020  114     -3.0    -16.9
     0.96     0.13   0.021  115      4.9    -15.6
     0.94     0.21   0.020  116      6.0     -5.4
     0.97     0.28   0.021  117    -15.9     -3.7
     0.94     0.30   0.020  118     -6.3      5.0
     0.97     0.39   0.021  119     -8.9     -4.3
     0.97     0.48   0.020  120      5.9     -1.8
     0.98     0.82   0.020  121     49.8      8.9
     1.06     1.43   0.021  122    106.5     62.9
     2.94     9.26   0.021  124    199.8    305.3
     2.60    13.49   0.020  125    459.9    285.2
     4.95     5.10   0.021  126    565.0     33.7
     2.68     3.22   0.020  127    480.4    408.9
     2.34     1.79   0.021  128    459.3    364.7
     2.08     1.10   0.020  129    400.4    348.4
     1.87     1.82   0.021  130    309.1    367.1
     1.70     2.79   0.020  131    254.8    348.8
     1.51     3.34   0.021  132    219.9    289.1
     1.31     4.40   0.020  133    167.6    215.4
     1.11     4.97   0.021  134    104.5    121.2
     1.27     5.30   0.020  135     49.5     43.6
     1.46     5.66   0.021  136     -5.2    -29.3
     1.50     5.72   0.020  137    -70.5    -90.8
     1.99     5.62   0.021  138   -117.4   -251.7
     2.83     5.43   0.020  139   -201.6   -428.3
     3.63     6.03   0.021  140   -453.4   -576.4
     3.20     6.52   0.020  141   -549.3   -590.3
     2.86     6.07   0.021  142   -612.9   -300.8
     3.52     3.92   0.020  143   -753.6   -121.2
     3.46     4.35   0.021  144   -405.9   -276.8
     3.02     1.96   0.020  145   -199.1   -489.8
     1.11     4.97   0.020  146    -79.5    -82.2
     4.41     4.39   0.021  147    906.9    664.5
     4.74     9.62   0.020  148   -662.8   -775.6
     3.92     4.60   0.021  149   -727.8    261.8
     2.87     4.44   0.020  150     17.1   -531.2
     1.64     2.08   0.021  151    -93.9   -172.0
     1.48     0.95   0.020  152    -40.1   -171.5
     1.38     0.46   0.021  153    -99.2    -78.0
     1.04     0.21   0.020  154    -28.9    -39.7
     1.11     0.19   0.021  155    -58.6    -51.5
     1.00     0.40   0.020  156    -30.1    -25.4
     1.00     0.47   0.021  157    -33.4    -39.0
     1.00     0.53   0.020  158    -22.3    -33.6
     1.01     0.54   0.021  159    -18.7    -30.9
     0.97     0.45   0.020  160     -1.3    -29.2
     0.96     0.35   0.021  161     -0.0    -28.6
     0.96     0.21   0.020  162     -2.9    -23.4
     0.95     0.15   0.021  163     -7.5    -17.1
     0.98     0.18   0.020  164    -11.7    -17.7
     0.98     0.19   0.021  165    -14.3    -15.7
     0.98     0.20   0.020  166    -16.3    -13.4
     1.00     0.28   0.021  167    -13.9    -14.6
     0.96     0.28   0.020  168     -2.3    -10.5
     0.96     0.22   0.021  169     -0.3    -15.7
     0.95     0.24   0.020  170      3.9     -8.1
     0.96     0.25   0.020  171     -4.0     -8.8
     0.93     0.32   0.021  172      5.3     11.5
     0.97     0.39   0.020  173     10.1      6.3
     0.96     0.57   0.021  174     58.8     17.4
     1.05     1.44   0.020  175     95.1     60.2
     1.22     2.42   0.021  176    111.8     71.1
     2.69     5.69   0.020  177    -54.1    142.7
     2.34    10.96   0.021  178    360.2    199.7
     5.19     9.81   0.020  179    414.6    120.8
     2.29     3.43   0.021  180    342.2    410.1
     2.14     2.99   0.020  181    382.6    347.8
     2.14     2.23   0.021  182    402.8    354.4
     1.98     1.97   0.020  183    349.8    357.1
     1.63     2.30   0.021  184    283.8    299.4
     1.31     3.12   0.020  185    232.2    230.1
     1.17     3.47   0.021  186    197.0    184.8
     1.19     4.13   0.020  187    153.5    142.3
     1.15     4.76   0.021  188     81.1     95.6
     1.36     5.19   0.020  189     -9.4     66.2
     1.68     5.59   0.021  190    -81.5    -12.2
     1.72     5.77   0.020  191   -131.8   -119.4
     1.69     5.98   0.021  192   -166.8   -184.3
     2.49     5.85   0.020  193   -244.4   -354.0
     3.16     6.43   0.021  194   -346.8   -570.5
     3.32     6.50   0.020  195   -499.9   -655.5
     3.12     5.97   0.020  196   -580.1   -513.5
     3.20     4.11   0.021  197   -639.1   -187.8
     3.62     3.56   0.020  198   -481.7   -202.1
     3.39     1.50   0.021  199   -145.7   -341.8
     1.55     5.30   0.020  200   -142.5    -68.6
     4.58     5.62   0.021  201    863.9    780.1
     5.41     7.68   0.020  202   -709.8  -1152.7
     3.52     4.85   0.021  203   -642.2     11.5
     1.51     3.49   0.020  204   -112.6   -199.0
     2.82     1.77   0.021  205   -132.3   -458.1
     1.76     0.86   0.020  206   -219.7    -91.0
     1.84     0.32   0.021  207   -169.1   -108.8
     1.12     0.31   0.020  208    -78.3    -94.0
     1.02     0.34   0.021  209    -58.0    -83.5
     1.04     0.30   0.021  211    -63.0    -66.4
     0.99     0.47   0.020  212    -47.3    -58.7
     0.97     0.57   0.021  213    -28.2    -53.9
     0.98     0.49   0.020  214    -24.8    -46.5
     0.98     0.44   0.021  215    -18.3    -46.9
     0.99     0.34   0.020  216    -16.4    -46.0
     0.95     0.23   0.021  217    -17.2    -29.6
     0.95     0.18   0.020  218    -19.3    -25.3
     0.98     0.21   0.021  219    -25.4    -28.5
     0.98     0.21   0.020  220    -26.6    -23.7
     0.97     0.26   0.020  221    -20.9    -20.6
     0.98     0.29   0.021  222    -16.2    -19.9
     0.95     0.23   0.020  223      6.1    -20.8
     0.98     0.32   0.020  225    -12.5    -12.1
     0.94     0.37   0.021  226     -3.3      7.5
     0.95     0.56   0.020  227     -0.1     -2.9
     0.97     0.74   0.021  228     15.3      2.9
     1.03     1.14   0.020  229     10.9      6.2
     1.16     1.82   0.021  230     91.5     70.5
     1.39     4.39   0.020  231    125.6    129.4
     3.16     9.73   0.021  232    161.0    326.3
     1.85    13.60   0.020  233    309.0    202.0
     5.74     3.44   0.021  234    603.1    258.7
     2.66     1.46   0.020  235    435.5    474.9
     2.31     1.40   0.021  236    406.2    420.1
     1.99     1.83   0.020  237    363.6    351.9
     1.40     2.47   0.020  239    209.4    289.8
     1.41     2.85   0.021  240    205.2    266.8
     1.48     3.96   0.020  241    166.5    211.8
     1.22     4.86   0.021  242     97.9    135.6
     1.32     5.25   0.020  243      8.9     93.4
     1.75     5.88   0.021  244   -102.6    -37.4
     1.82     5.71   0.020  246   -123.6   -224.1
     2.75     5.37   0.021  247   -169.6   -440.6
     3.24     6.06   0.020  248   -301.7   -605.2
     3.35     6.28   0.021  249   -509.7   -664.8
     2.93     5.97   0.020  250   -601.4   -379.1
     3.53     4.01   0.021  251   -718.8   -195.1
     2.25     2.72   0.021  253      1.8    -70.5
     1.42     3.78   0.020  254    121.1   -242.2
     5.53     7.85   0.021  255   -566.8  -1139.5
     4.48     5.56   0.020    0   -700.8   -216.1
     2.85     4.39   0.021    1   -430.3   -188.3
     2.57     2.04   0.020    2     28.2   -486.1
     1.54     0.57   0.020    4    -95.2   -132.2
     1.14     0.71   0.021    5    -78.2    -88.1
     1.01     0.73   0.020    6    -31.0    -67.7
     1.06     0.58   0.021    7    -36.6    -70.5
     1.00     0.47   0.020    8    -43.1    -47.6
     1.03     0.43   0.021    9    -41.6    -50.8
     0.98     0.52   0.021   11    -22.5    -38.2
     0.97     0.43   0.020   12    -10.6    -33.8
     0.95     0.34   0.021   13     -2.7    -34.8
     0.95     0.16   0.020   14     -1.6    -29.4
     0.97     0.05   0.020   15    -13.0    -27.1
     0.98     0.07   0.021   16    -20.1    -22.8
     0.98     0.18   0.021   18    -23.6    -17.6
     1.01     0.34   0.020   19    -24.6    -16.0
     0.98     0.42   0.021   20    -11.8    -16.1
     0.94     0.28   0.020   21      6.9    -14.2
     0.92     0.22   0.021   22     23.5     -8.1
     1.00     0.24   0.020   23    -11.1     -8.2
     0.95     0.32   0.020   25      8.6     -0.3
     0.98     0.58   0.021   26     29.4      9.5
     1.02     1.07   0.020   27     96.4     42.7
     1.45     1.98   0.021   28    126.8     47.4
     2.61     4.97   0.020   29    223.1    277.6
     2.79    10.91   0.021   30    358.5    384.9
     2.73     3.49   0.021   32    457.9    421.7
     2.06     2.63   0.020   33    418.2    305.8
     2.07     1.39   0.021   34    411.5    329.9
     1.98     0.97   0.020   35    334.0    382.1
     1.81     1.58   0.021   36    290.7    353.1
     1.58     2.85   0.020   37    242.6    295.1
     1.31     4.33   0.020   39    111.2    202.7
     1.14     4.82   0.020   40     59.8    127.3
     1.22     4.92   0.021   41     -3.4     77.6
     1.43     5.09   0.020   42    -67.1     30.8
     1.83     5.16   0.021   43   -118.9    -74.7
     1.82     5.50   0.020   44   -129.9   -170.7
     2.94     6.16   0.020   46   -303.0   -491.8
     3.39     6.11   0.021   47   -505.8   -637.6
     3.19     5.63   0.020   48   -621.0   -518.1
     3.11     3.69   0.021   49   -663.5   -184.3
     3.38     2.96   0.020   50   -531.9   -265.5
     3.44     1.92   0.021   51   -307.0   -461.4
     2.32     4.48   0.021   53    538.2    249.9
     5.74     7.65   0.020   54   -643.2  -1051.4
     3.91     4.35   0.021   55   -601.2     96.0
     2.25     3.90   0.020   56   -267.5    -23.2
     2.16     2.73   0.021   57    175.0   -480.7
     1.31     0.46   0.020   58    -25.8   -146.3
     1.15     0.16   0.020   60    -49.8    -55.5
     1.05     0.38   0.021   61    -31.8    -44.9
     1.02     0.36   0.020   62    -32.0    -37.0
     1.03     0.35   0.021   63    -32.4    -32.0
     0.99     0.37   0.020   64    -24.4    -29.9
     0.96     0.40   0.020   65    -14.6    -25.7
     0.95     0.35   0.020   67     -0.7    -25.9
     0.95     0.18   0.021   68     -1.9    -20.1
     0.96     0.06   0.020   69     -9.8    -15.7
     0.96     0.09   0.021   70    -14.4    -13.4
     0.97     0.13   0.020   71    -22.5     -8.9
     0.98     0.20   0.021   72    -24.4     -2.0
     0.96     0.33   0.021   74      1.7    -16.6
     0.94     0.23   0.020   75      9.2    -14.2
     0.97     0.19   0.021   76      7.4    -23.0
     0.98     0.19   0.020   77     -7.6    -10.2
     1.01     0.20   0.021   78    -19.9     -0.2
     0.96     0.31   0.020   79      2.0      8.2
     0.98     1.75   0.020   81     64.7     33.6
     1.14     2.59   0.021   82    103.3     49.2
     1.62     5.48   0.020   83     40.3     90.8
     2.57    10.76   0.021   84    311.5    231.3
     2.67    10.55   0.020   85    463.1    244.3
     3.29     3.39   0.021   86    550.7    257.7
     2.09     1.23   0.021   88    422.7    317.5
     1.91     1.64   0.020   89    350.4    340.6
     1.71     2.18   0.020   90    283.3    332.6
     1.48     3.12   0.021   91    251.0    266.5
     1.30     3.59   0.020   92    213.0    203.9
     1.21     4.23   0.021   93    114.2    146.6
     1.46     4.99   0.021   95     -8.2     50.0
     1.54     5.17   0.020   96    -75.1     26.2
     1.97     5.17   0.021   97   -174.7    -35.5
     1.90     5.58   0.020   98   -182.6   -127.5
     2.20     5.47   0.021   99   -222.5   -261.4
     2.93     5.54   0.020  100   -360.4   -458.2
     2.79     5.55   0.020  102   -543.4   -390.6
     3.24     3.52   0.021  103   -650.0   -169.2
     3.67     3.15   0.020  104   -527.0   -356.6
     3.25     1.54   0.021  105   -359.6   -385.7
     1.36     3.35   0.020  106   -309.0    146.6
     3.24     4.35   0.021  107    766.2    315.6
     4.18     4.36   0.021  109   -730.1    181.4
     2.58     3.77   0.020  110   -300.0   -168.7
     2.15     2.64   0.021  111    109.5   -449.7
     1.64     1.78   0.020  112   -227.0     22.1
     1.34     0.34   0.021  113    -80.9    -80.5
     1.35     0.33   0.020  114   -101.7    -54.0
     1.02     0.33   0.021  116    -43.8    -24.5
     1.03     0.41   0.020  117    -40.7    -25.8
     1.06     0.52   0.021  118    -45.4    -25.2
     1.01     0.60   0.020  119    -33.1    -18.9
     1.00     0.62   0.021  120    -26.4    -21.1
     0.96     0.56   0.020  121    -10.5    -20.3
     0.95     0.19   0.020  123     -7.5    -19.6
     0.97     0.11   0.021  124    -13.0    -16.4
     0.97     0.12   0.020  125    -20.6    -12.0
     0.96     0.11   0.021  126    -12.8    -10.0
     0.98     0.08   0.020  127    -11.4     -7.8
     0.95     0.16   0.021  128    -17.9      1.8
     0.93     0.16   0.021  130     10.7     -7.2
     0.95     0.19   0.020  131      0.7    -11.8
     0.97     0.36   0.021  132     -0.8     -7.5
     0.93     0.38   0.020  133     26.6      4.3
     1.03     0.55   0.021  134    -21.3      9.0
     0.99     0.67   0.020  135     48.1     12.5
     1.36     3.03   0.020  137    113.4     75.0
     2.39     6.10   0.021  138    233.7    295.6
     2.26    10.64   0.020  139    305.4    223.1
     5.32    10.28   0.020  140    332.7    -12.7
     3.11     6.35   0.021  141    569.5    325.7
     2.46     3.36   0.020  142    532.0    268.2
     2.11     1.40   0.020  144    390.7    372.6
     1.79     2.41   0.021  145    277.4    363.2
     1.56     3.02   0.020  146    238.0    314.6
     1.36     4.03   0.021  147    211.3    239.9
     1.21     4.79   0.020  148    166.6    171.8
     1.16     5.26   0.021  149    100.2    118.6
     1.41     5.72   0.021  151    -41.3     25.9
     1.75     5.96   0.020  152   -107.4    -57.5
     1.96     6.30   0.021  153   -204.9   -126.5
     2.04     6.18   0.020  154   -239.0   -231.3
     2.57     6.10   0.021  155   -285.8   -435.7
     3.21     5.86   0.020  156   -479.9   -573.3
     2.98     3.67   0.020  158   -636.7   -246.6
     3.55     3.45   0.021  159   -694.4   -201.6
     3.55     1.49   0.020  160   -296.8   -322.9
     2.78     3.51   0.021  161   -307.6   -360.5
     1.69     3.46   0.020  162   -215.1     -5.5
     4.80    11.00   0.021  163   -730.5   -986.5
     3.05     5.60   0.020  165   -269.8   -373.2
     1.92     3.90   0.021  166   -198.7   -298.1
     1.53     0.90   0.020  167    -95.3   -152.5
     1.39     0.73   0.021  168   -141.8    -42.5
     1.14     0.31   0.020  169    -72.9    -28.0
     1.02     0.18   0.021  170    -48.8    -38.0
     1.02     0.33   0.021  172    -56.9    -12.4
     0.99     0.57   0.020  173    -40.6    -27.3
     0.99     0.53   0.021  174    -29.5    -26.4
     0.98     0.48   0.020  175    -28.0    -22.7
     0.96     0.45   0.021  176    -17.8    -20.1
     0.95     0.33   0.020  177    -12.6    -20.1
     0.97     0.22   0.020  179    -20.3    -12.9
     0.95     0.23   0.021  180    -14.1    -11.2
     0.97     0.27   0.020  181    -21.8     -7.6
     0.97     0.31   0.021  182    -19.8     -6.1
     0.99     0.34   0.020  183    -21.6     -9.2
     0.98     0.36   0.021  184    -13.3    -11.9
     0.94     0.18   0.021  186      5.7     -8.4
     0.96     0.19   0.020  187    -11.1     -2.3
     0.96     0.27   0.021  188    -10.8     14.2
     0.94     0.44   0.020  189      0.4      9.5
     0.98     0.61   0.020  190     27.7      0.7
     1.01     1.21   0.021  191     49.0     30.2
     2.06     9.27   0.021  193    226.9    273.6
     3.09    11.82   0.020  194    483.8    389.7
     5.63     7.58   0.021  195    390.6    132.3
     2.74     3.18   0.020  196    463.2    422.4
     2.09     2.19   0.021  197    419.1    305.7
     1.84     1.69   0.020  198    362.1    301.6
     1.59     1.90   0.020  200    309.6    245.6
     1.33     3.15   0.021  201    236.3    211.5
     1.24     4.20   0.020  202    167.5    199.2
     1.24     4.86   0.021  203     96.6    151.0
     1.23     5.20   0.020  204     24.0    120.0
     1.34     5.51   0.021  205    -25.9     60.8
     1.84     5.65   0.021  207   -126.4   -127.1
     2.23     5.74   0.020  208   -167.2   -221.8
     2.95     5.83   0.021  209   -307.0   -408.7
     3.45     6.39   0.020  210   -512.5   -608.3
     3.21     6.15   0.021  211   -615.7   -516.5
     3.28     3.51   0.020  212   -683.2   -167.0
     3.50     2.12   0.020  214   -353.2   -421.5
     3.52     7.56   0.020  215   -469.7   -495.2
     0.76     8.61   0.021  216     81.7     18.5
     3.16     4.49   0.020  217   -522.9   -427.5
     2.79     4.46   0.021  218   -509.0     77.4
     1.69     3.61   0.020  219     -2.4   -303.6
     1.53     0.56   0.020  221   -109.5   -115.8
     1.19     0.65   0.021  222   -112.9    -38.9
     1.12     0.49   0.020  223    -51.8    -48.2
     1.06     0.43   0.021  224    -51.0    -35.0
     1.01     0.35   0.020  225    -37.5    -27.8
     1.02     0.34   0.021  226    -41.1    -28.5
     1.00     0.45   0.021  228    -34.3    -19.1
     0.97     0.50   0.020  229    -23.6    -18.4
     0.95     0.40   0.021  230     -8.4    -14.7
     0.95     0.27   0.020  231     -7.0    -16.5
     0.95     0.22   0.021  232    -13.1    -16.6
     0.93     0.20   0.020  233    -14.9     -8.2
     1.00     0.19   0.020  235    -25.8    -12.0
     0.97     0.29   0.021  236    -10.9    -12.0
     0.95     0.27   0.020  237     -4.8     -9.8
     0.94     0.24   0.021  238      3.8     -6.7
     0.94     0.19   0.020  239      0.4     -6.4
     0.96     0.31   0.020  240     -7.3     -0.2
     0.98     0.38   0.020  242      1.8     -1.2
     0.96     0.43   0.021  243     18.7     10.7
     1.01     0.84   0.020  244     68.1     21.7
     1.00     2.25   0.021  245    145.5     34.1
     1.54     4.71   0.020  246    131.9     94.1
     2.46    10.92   0.021  247    188.3    274.0
     3.76     6.90   0.021  249    591.5    254.8
     2.37     2.56   0.020  250    453.5    375.9
     2.19     1.51   0.021  251    490.8    259.1
     1.95     1.66   0.020  252    428.9    256.6
     1.84     1.80   0.021  253    352.1    311.0
     1.54     2.73   0.020  254    279.4    271.2
     1.24     4.54   0.020    0    179.0    191.1
     1.26     5.01   0.021    1    114.5    147.3
     1.25     5.17   0.020    2     52.6     89.7
     1.38     5.30   0.021    3      1.0     58.3
     1.79     5.32   0.020    4    -85.2     41.3
     1.91     5.86   0.021    5   -199.7    -30.6
     2.62     5.58   0.021    7   -302.5   -333.5
     3.20     6.30   0.020    8   -418.3   -583.1
     3.20     5.54   0.020    9   -572.3   -585.8
     3.10     3.31   0.021   10   -632.6   -335.4
     3.46     3.55   0.020   11   -731.4   -183.5
     3.27     1.56   0.021   12   -378.7   -391.3
     5.97     4.13   0.021   14   1196.1    939.3
     5.72    10.49   0.020   15   -962.8   -908.8
     3.71     6.07   0.021   16   -721.3    249.9
     3.36     4.72   0.020   17   -142.2   -512.4
     1.08     1.53   0.021   18   -116.7    -57.9
     1.37     0.84   0.020   19    -91.9   -123.3
     1.02     0.33   0.020   21    -35.4    -25.1
     1.16     0.24   0.021   22    -55.8    -19.5
     1.09     0.13   0.020   23    -43.5    -22.2
     1.07     0.20   0.021   24    -42.3    -18.3
     1.01     0.28   0.020   25    -35.2    -17.4
     0.97     0.28   0.021   26    -22.5    -14.0
     0.98     0.32   0.021   28    -19.7    -10.2
     0.95     0.25   0.020   29     -5.2    -12.3
     0.94     0.14   0.021   30     -5.3    -11.1
     0.95     0.10   0.020   31     -8.6     -8.6
     0.96     0.10   0.021   32    -18.5     -2.6
     0.97     0.20   0.020   33    -18.1     -0.6
     0.95     0.29   0.021   35     -6.1      2.7
     0.95     0.25   0.020   36      2.5    -10.8
     0.93     0.22   0.021   37     12.5     -8.9
     0.96     0.33   0.020   38     -3.2     -5.1
     0.97     0.36   0.021   39     -4.9      3.3
     0.91     0.54   0.020   40     21.1     10.3
     1.01     0.77   0.020   42     33.6      0.5
     1.05     1.93   0.021   43    105.1     34.2
     1.37     5.62   0.020   44    232.2    147.8
     3.76     8.80   0.021   45    170.0    265.1
     2.91    14.39   0.020   46    529.6    434.8
     2.94     5.88   0.021   47    542.3    411.6
     1.76     1.55   0.021   49    419.3    162.0
     1.65     1.25   0.020   50    359.1    215.3
     1.56     1.37   0.021   51    302.4    259.3
     1.46     2.63   0.020   52    253.4    258.0
     1.39     3.87   0.021   53    202.2    241.0
     1.53     4.54   0.020   54    150.0    211.8
     1.48     4.92   0.021   55     64.4    162.8
     1.60     5.62   0.020   56    -24.0    139.4
     1.83     6.01   0.021   57    -78.9     54.8
     1.57     6.24   0.020   58    -99.1    -81.7
     1.63     5.83   0.020   59   -111.1   -130.2
     2.78     5.58   0.021   60   -187.6   -308.3
     3.31     6.24   0.020   61   -333.7   -550.5
     2.95     5.22   0.020   63   -586.1   -399.8
     3.45     3.35   0.021   64   -734.1   -165.0
     3.87     3.23   0.020   65   -615.4   -341.0
     3.30     1.35   0.021   66   -423.5   -422.8
     5.82    11.25   0.021   68   1015.3    784.1
     5.21     5.09   0.020   69   -818.3   -547.0
     3.57     5.53   0.021   70   -528.0    263.9
     3.46     3.26   0.020   71    -86.4   -519.1
     2.37     0.99   0.021   72   -226.6     75.4
     1.23     0.45   0.020   73    -32.1    -85.9
     1.24     0.29   0.021   74    -66.8     15.7
     1.23     0.21   0.020   75    -56.4     -8.9
     1.07     0.32   0.021   76    -39.3     -5.4
     1.04     0.19   0.020   77    -19.1     -5.5
     1.06     0.24   0.021   78    -42.8     -4.3
     1.05     0.39   0.020   79    -35.3      0.5
     1.00     0.45   0.021   80    -28.7     -3.1
     0.99     0.54   0.020   81    -19.7     -3.4
     0.95     0.45   0.021   82     -1.7     -5.1
     0.94     0.32   0.020   83      1.9     -6.3
     0.96     0.23   0.020   84     -7.6     -2.1
     0.97     0.16   0.021   85    -18.4      1.0
     0.97     0.25   0.020   86    -15.6      2.0
     0.90     0.36   0.021   87      8.1      5.9
     0.96     0.28   0.020   88      7.7     -8.5
     0.96     0.25   0.021   89      7.0    -12.1
     0.93     0.31   0.020   90     16.0    -11.8
     1.04     0.56   0.021   91    -22.0     -9.2
     1.02     0.26   0.020   92    -17.8      5.9
     0.95     0.20   0.021   93      5.0     19.9
     0.97     0.31   0.020   94      7.4     12.2
     0.99     0.51   0.021   95     51.4      8.2
     1.12     1.56   0.020   96    150.1     71.5
     1.37     4.56   0.021   97    166.0     66.8
     3.83    10.72   0.020   98    158.8     45.6
     1.98    12.67   0.021   99    423.1    175.4
     5.88    10.51   0.020  100    605.9    144.1
     2.80     2.45   0.021  101    529.3    423.1
     2.01     1.90   0.020  102    421.6    288.3
     1.72     1.94   0.021  103    377.1    227.2
     1.64     1.83   0.020  104    340.9    245.8
     1.40     2.10   0.021  105    292.6    205.5
     1.34     3.07   0.020  106    281.4    175.4
     1.26     4.07   0.021  107    235.2    150.6
     1.17     4.82   0.020  108    147.0    137.0
     1.18     5.06   0.020  109     70.9     91.7
     1.38     5.37   0.021  110     19.2     30.7
     1.58     5.97   0.020  111    -69.4    -31.5
     1.53     6.18   0.021  112   -138.2    -77.5
     1.39     5.68   0.020  113   -159.2   -106.4
     2.01     5.55   0.021  114   -213.9   -200.5
     2.83     5.88   0.020  115   -321.9   -386.3
     3.54     6.56   0.021  116   -720.3   -539.9
     3.11     5.65   0.020  117   -632.7   -199.8
     4.07     4.55   0.021  118   -732.9    -95.9
     3.93     3.86   0.020  119   -316.3   -371.4
     3.06     1.62   0.021  120   -384.1   -466.6
     2.38     4.56   0.020  121   -294.9    -37.2
     3.07     9.58   0.021  122    328.8    -63.8
     5.73    10.16   0.020  123  -1076.6    -47.0
     3.02     4.52   0.021  124   -454.2     32.6
     1.70     3.78   0.020  125     16.6   -313.6
     2.03     1.41   0.021  126   -254.4    -60.0
     1.25     0.85   0.020  127    -79.5    -52.5
     1.30     0.52   0.021  128   -112.3     14.3
     1.20     0.37   0.020  129    -53.8    -15.1
     1.17     0.33   0.021  130    -74.0    -19.3
     1.07     0.38   0.020  131    -51.8      3.5
     1.04     0.34   0.021  132    -47.8     -5.2
     1.00     0.36   0.020  133    -36.3     -5.1
     0.97     0.39   0.020  134    -26.4     -6.5
     0.97     0.37   0.021  135    -18.9     -9.2
     0.96     0.25   0.020  136    -15.8    -12.7
     0.96     0.16   0.021  137    -16.1     -8.0
     0.96     0.14   0.020  138    -19.7     -5.5
     0.96     0.13   0.021  139    -18.0     -4.6
     0.96     0.13   0.020  140    -18.1     -3.4
     0.98     0.20   0.021  141    -23.2     -1.0
     0.97     0.25   0.020  142    -15.7     -0.3
     0.96     0.24   0.021  143     -7.1     -7.6
     0.95     0.16   0.020  144      1.9     -6.7
     0.96     0.22   0.021  145     -6.3      3.7
     0.96     0.28   0.020  146     -7.6      2.2
     0.98     0.39   0.021  147     -8.3     10.3
     0.98     0.44   0.020  148     -3.1      5.5
     0.99     0.71   0.021  149     36.4      3.2
     1.11     2.84   0.020  150    154.1     55.9
     3.21     6.65   0.021  151     53.5    199.1
     2.07    12.14   0.020  152    348.5    218.3
     5.70    13.23   0.021  153    493.8     72.4
     2.85     5.10   0.020  154    507.0    468.3
     2.20     2.47   0.021  155    465.3    308.5
     1.99     1.71   0.020  156    443.7    252.2
     1.78     1.88   0.021  157    351.0    288.2
     1.53     2.21   0.020  158    294.3    259.5
     1.38     3.01   0.020  159    272.3    218.6
     1.24     3.90   0.021  160    233.9    163.7
     1.11     4.64   0.020  161    172.5    113.9
     0.98     4.88   0.021  162    106.4     66.2
     1.13     4.91   0.020  163     63.9     30.6
     1.49     4.92   0.021  164    -20.0    -24.4
     1.56     5.45   0.020  165    -76.7    -81.1
     1.61     5.47   0.021  166   -135.5   -123.1
     2.25     5.52   0.020  167   -202.2   -242.8
     2.98     6.09   0.021  168   -317.6   -455.3
     3.25     6.76   0.020  169   -528.0   -536.7
     3.18     5.88   0.021  170   -637.6   -504.0
     3.09     3.82   0.020  171   -660.1   -208.7
     3.87     4.10   0.021  172   -733.2    -76.5
     3.69     2.60   0.020  173   -287.3   -406.1
     1.48     7.65   0.021  174   -105.1     -9.6
     5.45     8.72   0.020  175   1049.7    918.2
     4.84     5.16   0.021  176   -781.3   -875.0
     3.98     5.47   0.020  177   -630.1    264.5
     4.15     1.91   0.021  178   -221.9   -721.5
     1.95     0.83   0.020  179   -213.3    132.1
     1.43     0.22   0.021  180   -129.7    -69.2
     1.18     0.21   0.020  181    -71.4    -48.1
     1.13     0.32   0.021  182    -60.5    -26.4
     1.14     0.33   0.020  183    -65.3    -48.0
     1.04     0.39   0.020  184    -52.5    -24.8
     1.02     0.44   0.021  185    -43.1    -31.4
     1.01     0.60   0.020  186    -37.2    -23.4
     0.94     0.64   0.021  187     -2.0    -27.5
     0.94     0.39   0.020  188     -5.3    -27.5
     0.92     0.14   0.021  189     -9.0    -22.5
     0.90     0.09   0.020  190     -3.4    -15.5
     1.02     0.17   0.020  192    -35.6    -14.9
     1.01     0.13   0.021  193    -29.6    -17.5
     0.97     0.25   0.020  194    -15.3     -9.2
     0.93     0.21   0.021  195      3.2     -8.6
     0.95     0.14   0.020  196     -3.1    -10.7
     0.95     0.13   0.021  197      4.6     -8.8
     0.93     0.30   0.020  198     10.3     -4.8
     0.96     0.48   0.021  199     -1.6      3.2
     0.97     0.56   0.020  200     -7.7     10.4
     0.98     0.60   0.021  201      3.0     -3.4
     1.00     0.75   0.020  202     20.8      9.8
     0.95     1.79   0.021  203    115.5     58.3
     1.24     4.23   0.020  204    131.8     24.6
     3.67    10.08   0.021  205     85.4    301.2
     2.19    12.75   0.020  206    408.2    244.7
     6.16    11.67   0.021  207    480.6    222.6
     3.28     3.03   0.020  208    581.2    499.7
     2.28     1.50   0.020  209    455.8    349.8
     1.95     0.72   0.021  210    441.8    230.7
     1.78     0.96   0.020  211    376.3    252.1
     1.41     2.80   0.020  213    229.6    272.0
     1.31     4.01   0.021  214    179.3    246.7
     1.27     4.82   0.020  215    124.3    206.7
     1.24     5.10   0.021  216     53.3    144.9
     1.42     5.50   0.020  217     -8.8     71.7
     1.52     5.80   0.021  218    -44.4    -25.2
     2.45     6.07   0.021  220   -180.0   -290.0
     3.00     6.07   0.020  221   -230.8   -517.5
     3.54     6.23   0.021  222   -524.3   -630.3
     3.57     6.16   0.020  223   -715.8   -565.4
     3.40     4.44   0.021  224   -687.8   -239.3
     3.99     3.55   0.020  225   -691.9   -157.2
     2.27     2.97   0.020  227   -452.3   -301.1
     3.51     3.87   0.021  228    692.0    515.5
     6.30    10.41   0.020  229   -939.6  -1136.6
     3.53     6.11   0.021  230   -620.3    144.7
     2.68     4.35   0.020  231   -280.2   -215.3
     1.82     1.30   0.021  232   -147.8   -249.8
     1.23     0.36   0.020  234    -78.7    -46.5
     1.08     0.13   0.021  235    -62.5    -29.3
     1.12     0.14   0.020  236    -58.4    -38.5
     1.07     0.31   0.021  237    -52.2    -29.8
     1.05     0.40   0.020  238    -50.6    -24.9
     1.03     0.58   0.021  239    -42.8    -24.2
     0.97     0.67   0.021  241    -17.6    -21.2
     0.94     0.54   0.020  242     -1.8    -19.6
     0.93     0.28   0.021  243      0.1    -18.1
     0.95     0.16   0.020  244     -9.6    -19.0
     0.95     0.12   0.021  245    -12.0    -11.8
     0.96     0.15   0.020  246    -23.7     -6.0
     0.97     0.33   0.020  248    -17.6     -8.7
     0.95     0.18   0.021  249      4.5    -11.8
     0.96     0.18   0.020  250      7.8    -14.6
     0.95     0.38   0.021  251     12.8    -13.9
     0.98     0.45   0.020  252    -12.4     -1.7
     0.98     0.37   0.021  253    -15.0      1.7
     1.06     0.68   0.021  255     -9.2     -3.6
     1.01     0.72   0.020    0     66.8     24.2
     1.32     1.96   0.021    1    119.7     72.6
     2.21     5.45   0.020    2    125.0    120.3
     2.68     8.22   0.020    3    293.1    185.7
     3.78    13.70   0.021    4    204.0     49.7
     2.00     2.42   0.021    6    406.8    281.0
     1.96     1.58   0.020    7    403.3    290.6
     1.88     0.84   0.021    8    370.8    303.8
     1.59     0.86   0.020    9    282.8    291.8
     1.42     2.20   0.021   10    218.0    285.6
     1.31     3.34   0.020   11    178.4    259.2
     1.18     4.43   0.020   13     99.8    139.7
     1.18     5.02   0.021   14     48.3     73.6
     1.32     5.51   0.020   15     -1.7     44.0
     1.51     5.69   0.021   16    -61.9    -17.6
     1.72     6.10   0.020   17   -136.9   -102.2
     1.90     6.17   0.021   18   -155.4   -213.3
     2.93     5.75   0.021   20   -255.6   -574.8
     4.26     6.32   0.020   21   -615.9   -846.1
     3.55     5.12   0.021   22   -662.1   -560.0
     4.09     4.47   0.020   23   -855.1    -63.1
     4.68     3.52   0.021   24   -437.5   -149.2
     3.39     5.74   0.020   25   -328.6   -144.0
     4.10    10.52   0.020   27   -284.2   -979.9
     4.61     4.66   0.020   28   -636.6    -39.0
     2.53     3.78   0.021   29   -343.2   -135.1
     3.02     2.17   0.020   30     17.4   -544.3
     1.86     0.38   0.021   31   -159.0    -40.6
     1.33     0.48   0.020   32    -62.2    -79.2
     1.05     0.45   0.020   34    -20.6    -56.4
     1.01     0.42   0.021   35    -20.8    -50.8
     1.01     0.43   0.020   36    -24.1    -45.7
     1.00     0.48   0.021   37    -14.7    -44.6
     0.98     0.54   0.020   38    -15.5    -36.2
     0.94     0.58   0.021   39     -1.0    -27.4
     0.94     0.19   0.021   41      9.5    -29.6
     0.94     0.12   0.020   42      1.3    -22.7
     0.98     0.16   0.021   43    -11.2    -27.2
     0.97     0.14   0.020   44    -16.7    -17.1
     0.97     0.16   0.021   45    -15.3    -17.4
     0.95     0.19   0.020   46     -2.5    -15.0
     0.94     0.31   0.020   48     12.6    -14.9
     1.01     0.52   0.021   49      1.2    -22.9
     1.00     0.31   0.020   50    -17.3     -5.2
     0.94     0.35   0.021   51      6.3     11.2
     0.95     0.39   0.020   52      6.3      7.9
     0.99     0.67   0.020   53     20.1      2.2
     1.30     4.82   0.020   55    128.8     96.7
     3.15    10.65   0.021   56    289.9    305.4
     2.68    13.48   0.020   57    456.3    423.3
     5.55     9.70   0.021   58    469.0    274.7
     2.90     3.08   0.020   59    472.1    513.7
     2.08     1.85   0.021   60    419.5    325.7
     1.78     1.11   0.021   62    349.6    289.3
     1.56     2.30   0.020   63    277.8    286.1
     1.36     3.46   0.021   64    217.0    255.7
     1.29     4.32   0.020   65    147.3    228.0
     1.30     4.68   0.021   66     81.1    165.9
     1.43     5.27   0.020   67     17.6     67.8
     1.74     5.63   0.020   69    -74.1    -90.1
     2.10     5.87   0.021   70   -121.2   -158.1
     2.56     5.90   0.020   71   -153.6   -277.1
     2.87     6.13   0.021   72   -269.5   -421.2
     2.82     6.47   0.020   73   -428.9   -486.5
     2.82     5.48   0.021   74   -586.4   -418.8
     3.61     4.48   0.021   76   -493.7   -393.7
     3.31     1.68   0.020   77   -154.8   -445.9
     2.39     3.50   0.020   78   -376.7   -387.9
     1.69     4.57   0.021   79   -241.3   -275.2
     1.77     9.73   0.020   80   -249.3   -372.1
     4.34     6.31   0.021   81   -747.0     44.7
     2.46     2.93   0.021   83    -22.1   -500.6
     1.88     1.64   0.020   84   -168.3     81.3
     2.39     0.86   0.021   85   -214.0     91.7
     1.16     0.33   0.020   86    -76.8    -25.6
     1.02     0.41   0.021   87    -38.7     -6.7
     0.99     0.32   0.020   88    -27.5     -2.4
     0.98     0.35   0.020   90    -32.3      2.2
     0.98     0.37   0.021   91    -25.3     -2.9
     0.98     0.39   0.020   92    -19.5     -0.7
     0.96     0.40   0.021   93    -13.6      2.6
     0.94     0.27   0.020   94      1.9     -9.0
     0.96     0.21   0.021   95     -8.7     -6.3
     0.98     0.16   0.021   97    -16.6     -0.4
     0.98     0.20   0.020   98    -17.4     -2.1
     0.98     0.20   0.021   99    -11.7     -2.9
     0.97     0.20   0.020  100    -11.7      1.8
     0.99     0.25   0.021  101    -13.6      1.6
     0.95     0.24   0.020  102     -1.3      3.8
     0.95     0.29   0.021  104     13.2      3.1
     0.97     0.30   0.020  105      4.7     -0.3
     0.98     0.38   0.021  106     25.0      5.3
     1.04     0.82   0.020  107     78.7     60.1
     1.15     2.78   0.021  108    200.5     84.6
     2.80     6.78   0.020  109    272.2    266.8
     5.22    14.00   0.020  111    235.5    174.5
     3.40     4.76   0.021  112    555.3    481.9
     2.26     2.59   0.020  113    437.9    355.1
     1.94     2.17   0.021  114    443.8    217.9
     1.69     2.28   0.020  115    370.5    221.2
     1.50     2.13   0.021  116    302.4    235.3
     1.38     3.60   0.021  118    264.6    182.8
     1.13     4.13   0.020  119    180.6    150.3
     1.10     4.82   0.021  120    107.5    123.1
     1.36     5.15   0.020  121     46.6     51.3
     1.54     5.73   0.021  122    -14.4    -24.9
     1.52     5.97   0.020  123    -69.2    -89.9
     2.06     6.02   0.020  125   -225.4   -249.6
     2.86     6.23   0.021  126   -329.0   -462.0
     3.60     6.52   0.020  127   -550.6   -629.9
     3.55     5.78   0.020  128   -708.0   -570.2
     3.18     4.59   0.021  129   -673.6   -212.3
     3.81     3.87   0.020  130   -725.7    -37.9
     2.89     5.27   0.020  132   -319.8   -445.5
     1.63     7.90   0.021  133   -162.9   -356.2
     3.37     9.85   0.020  134   -257.5   -822.1
     5.00     4.87   0.021  135   -871.7    112.8
     2.70     4.07   0.020  136      6.9   -532.2
     1.92     1.76   0.021  137   -246.8     -4.3
     1.13     0.35   0.021  139    -62.2    -39.3
     1.11     0.09   0.020  140    -47.7    -33.5
     1.11     0.33   0.021  141    -53.2    -33.7
     1.06     0.46   0.020  142    -41.8    -31.5
     1.04     0.50   0.021  143    -37.4    -30.1
     1.04     0.53   0.020  144    -35.9    -28.9
     0.94     0.60   0.020  146      1.2    -24.3
     0.95     0.34   0.021  147     -8.9    -24.9
     0.94     0.22   0.020  148     -4.9    -18.3
     0.93     0.09   0.021  149     -3.5    -13.1
     0.95     0.16   0.020  150    -15.7    -12.4
     0.98     0.15   0.021  151    -17.2    -15.1
     0.98     0.10   0.020  153    -12.4     -7.0
     0.97     0.13   0.021  154    -12.4     -8.5
     0.97     0.14   0.020  155     -9.2     -9.3
     0.96     0.18   0.021  156      1.1     -8.8
     0.96     0.25   0.020  157    -11.9      4.7
     0.94     0.28   0.021  158      7.7      8.8
     0.99     0.43   0.021  160     -3.4      0.2
     0.97     0.97   0.020  161     52.0     28.3
     1.15     3.69   0.021  162    172.3     74.7
     1.44     5.40   0.020  163     96.0     -3.0
     3.38    10.81   0.021  164    251.4    427.8
     1.87    14.11   0.020  165    369.7    216.8
     3.10     2.03   0.020  167    533.0    508.9
     2.14     1.48   0.021  168    419.4    346.7
     1.81     1.66   0.020  169    409.3    216.2
     1.52     2.21   0.021  170    290.7    257.6
     1.35     2.84   0.020  171    242.5    229.6
     1.19     3.92   0.021  172    195.2    179.3
     1.35     4.94   0.021  174     87.0     77.7
     1.38     5.57   0.020  175     36.2      6.2
     1.59     5.97   0.021  176    -36.6    -66.5
     1.55     6.11   0.020  177    -91.0   -143.0
     1.46     6.12   0.020  178   -112.2   -176.0
     2.43     5.39   0.021  179   -191.8   -339.4
     3.60     6.11   0.021  181   -558.3   -686.3
     3.34     5.97   0.020  182   -670.3   -497.9
     3.30     4.16   0.021  183   -659.4   -202.9
     3.62     2.68   0.020  184   -614.5    -96.5
     3.48     1.93   0.021  185   -272.8   -400.3
     3.56     4.61   0.020  186   -508.3   -505.2
     3.85     6.21   0.020  188   -735.3   -427.8
     2.17     4.32   0.021  189   -356.3   -140.7
     3.23     2.08   0.020  190   -108.6   -572.1
     2.07     1.04   0.021  191   -244.4    -18.2
     1.50     0.11   0.020  192   -149.6   -115.3
     1.11     0.42   0.021  193    -51.7   -121.9
     0.98     0.26   0.021  195    -44.4    -69.4
     1.00     0.22   0.020  196    -48.3    -70.5
     0.98     0.24   0.021  197    -42.0    -59.8
     0.98     0.24   0.020  198    -41.1    -55.5
     0.99     0.26   0.021  199    -31.0    -53.9
     0.98     0.20   0.020  200    -23.4    -46.8
     0.97     0.11   0.020  202    -20.0    -36.4
     0.97     0.10   0.020  203    -23.2    -28.9
     0.98     0.11   0.021  204    -21.3    -29.9
     0.98     0.12   0.020  205    -24.0    -26.9
     0.98     0.13   0.021  206    -19.9    -24.3
     0.97     0.16   0.020  207    -14.1    -16.4
     0.96     0.25   0.020  209     -4.9     -9.8
     0.95     0.26   0.021  210     -3.9    -11.4
     1.01     0.29   0.020  211     -1.3    -14.1
     1.00     0.38   0.021  212     -6.1    -16.5
     0.98     0.44   0.020  213     20.8     14.4
     1.13     1.21   0.021  214    105.6     76.2
     3.07     5.82   0.021  216     95.3    183.5
     2.77    12.49   0.020  217    311.3    494.0
     5.70    12.64   0.021  218    228.5    135.6
     2.97     3.82   0.020  219    446.0    522.0
     2.13     2.50   0.021  220    395.1    349.9
     1.97     2.08   0.020  221    415.0    273.8
     1.44     1.71   0.020  223    228.9    281.6
     1.28     3.06   0.021  224    172.5    253.1
     1.08     3.98   0.020  225    129.1    201.3
     1.10     4.21   0.021  226     78.2    153.4
     1.40     4.84   0.020  227     32.2    104.8
     1.36     5.60   0.020  228    -37.2     42.5
     1.62     5.94   0.020  230   -133.9    -70.2
     1.70     5.99   0.021  231   -157.0   -162.3
     1.98     5.75   0.020  232   -173.2   -265.0
     2.87     5.78   0.021  233   -220.6   -518.8
     3.62     6.34   0.020  234   -402.8   -760.4
     3.74     5.96   0.021  235   -578.6   -753.8
     3.56     3.53   0.021  237   -578.6   -149.4
     2.58     1.37   0.020  238    -62.1   -155.1
     2.18     5.29   0.021  239    452.1    326.9
     5.66     5.40   0.020  240   -610.5  -1224.4
     4.67     7.01   0.021  241   -840.6   -214.1
     3.51     4.47   0.020  242   -113.4   -699.8
     1.13     1.19   0.021  243   -159.5    -21.1
     1.61     0.67   0.020  244   -102.2   -213.1
     1.18     0.11   0.021  245    -44.2   -149.0
     1.08     0.27   0.020  246    -49.8   -101.7
     1.05     0.33   0.021  247    -42.0    -85.0
     1.04     0.39   0.020  248    -39.6    -76.0
     1.01     0.39   0.021  249    -37.5    -63.0
     1.03     0.42   0.020  250    -35.1    -65.4
     1.00     0.53   0.021  251    -26.1    -56.2
     0.98     0.54   0.020  252    -16.8    -51.6
     0.97     0.49   0.020  253    -11.0    -40.7
     0.94     0.30   0.021  254      0.8    -35.9
     0.94     0.19   0.020  255     -2.6    -34.2
     0.97     0.09   0.021    0    -16.5    -32.5
     0.99     0.13   0.020    1    -25.9    -31.1
     0.98     0.20   0.021    2    -16.4    -28.0
     0.97     0.20   0.020    3     -8.1    -21.4
     0.95     0.16   0.021    4     -2.6    -18.6
     0.96     0.15   0.020    5     -0.9    -18.8
     0.96     0.22   0.021    6     -3.2    -15.1
     0.96     0.30   0.020    7     -2.3     -8.9
     0.96     0.30   0.021    8    -13.5     -5.0
     0.96     0.50   0.020    9     -8.2      3.9
     0.98     0.52   0.021   10     -4.4     -8.0
     1.00     0.70   0.020   11     14.0     -7.0
     0.99     1.93   0.021   12     46.4     50.7
     1.25     3.37   0.020   13     95.0     59.5
     2.27     7.25   0.021   14    139.0    220.8
     2.75    13.18   0.020   15    201.5    515.2
     3.63     8.73   0.021   16    465.2    405.9
     2.19     2.61   0.020   17    311.0    444.3
     1.99     2.46   0.021   18    356.4    355.3
     1.86     1.76   0.020   19    344.7    324.6
     1.57     1.83   0.021   20    263.0    303.8
     1.43     2.21   0.020   21    223.2    278.8
     1.25     3.18   0.020   22    193.7    226.2
     1.13     3.61   0.021   23    156.2    189.1
     1.14     4.17   0.020   24     88.4    176.3
     1.22     4.50   0.021   25     37.7    135.8
     1.38     4.65   0.020   26    -11.6     64.0
     1.73     4.98   0.021   27    -57.2    -51.5
     1.99     5.32   0.020   28   -117.0   -172.2
     1.76     6.03   0.021   29   -145.5   -229.4
     2.19     5.70   0.020   30   -185.3   -343.9
     3.40     5.97   0.021   31   -291.8   -667.6
     4.05     6.35   0.020   32   -481.1   -902.4
     3.24     6.39   0.021   33   -500.4   -532.0
     3.52     3.74   0.020   34   -611.7   -245.3
     3.80     3.11   0.021   35   -456.6   -260.1
     3.30     2.02   0.020   36   -232.8   -366.9
     3.12     6.90   0.021   37   -369.8   -454.5
     2.78     9.73   0.020   38   -267.6   -551.1
     3.95     4.08   0.021   39   -672.8   -439.4
     2.29     3.84   0.020   40   -356.4   -249.8
     2.69     2.02   0.021   41     -0.0   -493.9
     2.08     0.86   0.020   42   -218.4   -161.4
     1.57     0.22   0.021   43   -124.4    -92.2
     1.08     0.26   0.020   44    -47.3    -96.8
     1.11     0.42   0.021   45    -52.5    -92.2
     1.07     0.42   0.020   46    -42.7    -85.8
     1.04     0.35   0.020   47    -36.5    -66.9
     1.02     0.37   0.021   48    -36.2    -65.7
     1.03     0.52   0.020   49    -37.0    -59.3
     0.95     0.53   0.021   50     -8.4    -44.8
     0.94     0.37   0.020   51     -4.2    -39.3
     0.96     0.27   0.021   52    -11.3    -40.7
     0.95     0.16   0.020   53    -11.0    -31.9
     0.96     0.12   0.021   54     -9.8    -30.5
     0.93     0.14   0.020   55    -21.2    -21.3
     0.98     0.16   0.021   56    -21.2    -26.9
     0.98     0.18   0.020   57    -15.9    -24.9
     0.97     0.19   0.021   58     -2.0    -27.8
     1.00     0.16   0.020   59     -2.3    -23.8
     0.98     0.19   0.021   60     -5.7    -17.0
     0.97     0.22   0.020   61    -14.5    -11.7
     0.93     0.23   0.021   62      7.3     10.7
     0.98     0.44   0.020   63    -10.8     -4.6
     0.97     0.55   0.021   64      4.8     -2.1
     0.99     0.94   0.020   65     39.3     21.0
     1.16     1.47   0.021   66    106.3     81.4
     1.87     3.95   0.020   67    201.6    150.4
     3.12    10.53   0.021   68    181.1    388.0
     2.20    13.43   0.020   69    315.8    397.4
     3.60     4.57   0.021   70    352.2    205.1
     2.44     3.15   0.020   71    342.7    467.9
     1.97     2.17   0.020   72    366.0    330.9
     1.80     1.13   0.021   73    352.3    289.8
     1.54     1.09   0.020   74    266.9    287.4
     1.36     2.02   0.021   75    193.1    285.2
     1.17     2.49   0.020   76    131.1    254.5
     1.09     2.95   0.021   77    105.5    218.5
     1.21     3.31   0.020   78     86.7    180.6
     1.47     4.45   0.021   79     25.8    101.6
     1.63     5.49   0.020   80    -36.7     26.7
     1.60     5.74   0.021   81    -85.0    -53.2
     1.86     6.02   0.020   82   -131.1   -170.2
     2.00     5.98   0.021   83   -121.7   -297.5
     3.33     6.27   0.020   84   -146.3   -715.7
     3.55     6.82   0.021   85   -395.0   -803.7
     3.47     6.49   0.020   86   -573.2   -588.6
     3.59     4.47   0.021   87   -614.4   -213.8
     3.83     3.36   0.020   88   -385.2   -293.8
     3.48     0.70   0.021   89   -202.6   -374.6
     2.08     3.62   0.020   90     14.0     70.6
     5.48     6.92   0.021   91   -520.7  -1229.3
     3.69     4.31   0.020   92   -502.1   -434.4
     1.85     3.97   0.021   93   -233.3   -260.8
     3.25     2.24   0.020   94   -147.8   -589.6
     2.20     1.20   0.021   95   -244.2   -213.3
     1.24     0.46   0.020   96    -63.9   -168.5
     1.12     0.71   0.020   97    -46.5   -130.7
     1.11     0.71   0.021   98    -38.0   -111.8
     1.02     0.55   0.020   99    -28.6    -90.4
     1.04     0.49   0.021  100    -31.6    -85.0
     1.02     0.52   0.020  101    -27.7    -79.6
     1.00     0.59   0.021  102    -20.3    -72.0
     0.98     0.54   0.020  103     -7.5    -58.2
     0.95     0.39   0.021  104     -5.2    -45.4
     0.95     0.30   0.020  105     -1.2    -40.7
     0.94     0.10   0.021  106      5.4    -40.9
     0.94     0.15   0.020  107     -5.9    -36.4
     0.97     0.12   0.021  108    -22.4    -38.4
     0.98     0.05   0.020  109    -24.0    -34.2
     0.97     0.07   0.021  110    -13.6    -27.7
     0.95     0.14   0.020  111     -3.7    -20.4
     0.98     0.24   0.021  112     -0.3    -24.6
     0.99     0.30   0.020  113     -4.2    -20.8
     0.96     0.39   0.021  114      0.6     -7.9
     0.96     0.46   0.020  115    -16.8     -3.5
     1.02     0.37   0.020  117     -9.0    -21.2
     1.07     0.70   0.021  118     61.9     64.9
     1.17     1.33   0.020  119    182.5     61.7
     3.00     4.12   0.021  120     90.4    230.1
     2.88    10.85   0.020  121    153.9    416.6
     3.78    16.27   0.020  122    112.5    184.9
     3.64     6.23   0.021  123    404.9    597.4
     2.29     3.40   0.020  124    329.0    443.5
     2.04     1.70   0.021  125    361.3    376.1
     1.41     0.81   0.020  126    253.9    245.2
     1.33     1.09   0.021  127    204.8    270.6
     1.37     2.51   0.020  128    226.9    238.4
     1.19     2.97   0.021  129    158.4    206.4
     1.32     4.50   0.021  131     18.9    142.9
     1.40     5.16   0.020  132    -41.4     91.5
     1.60     5.62   0.021  133   -100.7     28.5
     1.97     5.80   0.020  134   -126.6    -86.2
     2.04     6.35   0.021  135   -134.0   -240.3
     1.81     6.62   0.020  136   -140.7   -298.6
     2.38     6.01   0.021  137   -156.1   -431.8
     3.62     6.57   0.020  138   -223.8   -794.0
     3.46     6.85   0.021  139   -342.4   -816.9
     3.08     5.55   0.020  140   -472.0   -477.2
     3.38     3.67   0.021  141   -537.3   -242.0
     3.64     2.89   0.020  142   -290.0   -340.5
     3.38     2.92   0.021  143    -15.4   -385.8
     4.27    10.14   0.021  145    478.0    975.1
     4.40     5.35   0.020  146   -509.3   -858.3
     3.71     4.24   0.020  147   -607.4   -274.1
     3.73     1.97   0.021  148     43.3   -688.7
     1.69     0.72   0.020  149   -201.8    -84.3
     1.43     0.36   0.021  150    -82.7   -143.6
     1.02     0.28   0.021  152    -29.8    -80.3
     1.06     0.21   0.020  153    -33.3    -86.0
     1.04     0.16   0.021  154    -32.7    -79.2
     1.01     0.21   0.020  155    -28.7    -64.8
     0.98     0.29   0.021  156    -24.8    -52.1
     0.97     0.33   0.020  157    -19.9    -43.6
     0.97     0.24   0.020  159    -10.3    -42.9
     0.97     0.17   0.021  160     -9.4    -38.5
     0.97     0.15   0.020  161    -16.8    -29.9
     0.97     0.16   0.021  162    -24.7    -25.7
     0.98     0.21   0.020  163    -17.5    -23.7
     0.98     0.26   0.021  164    -12.6    -22.2
     0.96     0.19   0.021  166     -1.1    -15.6
     0.95     0.19   0.020  167     -2.1    -15.1
     0.93     0.22   0.021  168      4.4      1.9
     0.97     0.37   0.020  169     -3.3     -5.3
     1.00     0.45   0.021  170    -11.2    -11.3
     1.01     0.64   0.020  171     20.8      8.9
     1.77     4.29   0.021  173    135.4      4.1
     3.59    10.15   0.020  174     42.5    381.4
     2.17    13.71   0.021  175    348.3    362.0
     5.41     4.30   0.020  176    657.2    140.0
     2.51     2.54   0.021  177    320.2    531.1
     2.03     1.51   0.020  178    269.8    430.7
     1.35     2.12   0.020  180    177.3    291.8
     1.38     1.87   0.021  181    140.7    320.4
     1.33     2.16   0.020  182    139.4    281.9
     1.24     3.45   0.021  183    118.5    201.7
     1.25     4.33   0.020  184     82.2    139.5
     1.24     4.78   0.021  185     43.9      3.9
     1.66     5.33   0.021  187    -42.8   -128.8
     1.53     5.58   0.020  188    -61.2   -188.8
     2.01     5.49   0.021  189    -55.6   -315.2
     3.04     5.61   0.020  190    -96.7   -586.5
     3.48     6.39   0.021  191   -306.0   -762.7
     3.16     6.44   0.020  192   -487.1   -637.6
     3.55     3.29   0.020  194   -639.8   -248.0
     3.40     2.40   0.021  195   -280.8   -352.5
     2.69     2.24   0.020  196   -259.2   -431.0
     1.72     4.81   0.020  197    272.9    341.0
     4.26     9.48   0.021  198   -419.5   -927.2
     3.79     3.94   0.020  199   -590.5   -246.9
     2.86     3.02   0.020  201      5.7   -518.7
     1.74     1.52   0.021  202   -231.5    -27.2
     1.28     0.30   0.020  203    -70.1   -124.2
     1.24     0.19   0.021  204    -68.3    -97.2
     1.13     0.37   0.020  205    -57.7    -71.6
     1.05     0.34   0.021  206    -41.8    -63.3
     1.00     0.40   0.021  208    -29.2    -52.4
     1.00     0.41   0.020  209    -30.7    -45.3
     0.99     0.43   0.021  210    -26.0    -38.0
     0.97     0.38   0.020  211     -6.1    -31.7
     0.96     0.15   0.021  212     -1.1    -35.6
     0.98     0.07   0.020  213    -20.4    -29.4
     0.98     0.15   0.020  215    -21.3    -18.9
     1.00     0.16   0.021  216    -15.8    -21.8
     1.00     0.20   0.020  217    -18.9    -22.7
     0.95     0.18   0.021  218    -13.8     -9.8
     0.94     0.10   0.020  219      7.5     -8.1
     0.97     0.28   0.021  220     -1.6     -7.3
     0.98     0.37   0.020  222    -11.2     -3.1
     1.01     0.43   0.021  223     -5.5    -10.0
     1.00     0.56   0.020  224     25.3      2.9
     1.10     0.74   0.021  225     91.2     94.1
     1.53     2.62   0.020  226    152.9    115.8
     3.40     6.42   0.021  227    147.7    224.3
     6.00     9.56   0.021  229    431.0    210.3
     2.72     4.48   0.020  230    436.2    493.2
     2.10     2.44   0.021  231    368.3    375.2
     1.81     1.20   0.020  232    355.1    296.1
     1.54     1.33   0.021  233    263.1    292.1
     1.36     1.84   0.020  234    187.0    293.9
     1.18     3.17   0.020  236    121.7    228.2
     1.08     3.91   0.021  237     88.9    177.4
     1.14     3.95   0.020  238     77.7    114.0
     1.44     4.36   0.021  239     24.5     31.7
     1.75     4.76   0.020  240    -48.4    -16.5
     1.78     5.43   0.021  241    -97.5   -103.8
     2.00     5.71   0.021  243   -145.7   -279.3
     2.77     6.16   0.020  244   -165.8   -525.9
     3.46     6.55   0.021  245   -330.4   -743.9
     3.68     6.41   0.020  246   -520.9   -782.7
     3.40     4.14   0.020  247   -527.1   -436.8
     3.80     3.64   0.021  248   -611.1   -168.3
     2.92     3.82   0.021  250   -309.8   -378.6
     1.19     6.39   0.020  251    132.1    271.1
     4.32     6.03   0.021  252   -240.8  -1047.3
     2.54     5.16   0.020  253   -248.2   -445.3
     2.84     3.68   0.021  254   -125.5   -545.8
     1.78     1.63   0.020  255   -203.9   -173.3
     1.14     0.29   0.020    1    -73.6   -122.1
     1.16     0.20   0.021    2    -51.5   -112.8
     1.08     0.23   0.020    3    -41.5    -95.0
     1.06     0.27   0.021    4    -47.1    -83.8
     1.05     0.39   0.020    5    -37.5    -80.9
     1.01     0.48   0.021    6    -28.8    -73.0
     0.97     0.45   0.021    8    -18.5    -53.4
     0.96     0.41   0.020    9     -7.4    -46.8
     0.94     0.24   0.021   10     -5.5    -40.6
     0.95     0.13   0.020   11    -10.6    -36.8
     0.95     0.14   0.021   12    -14.6    -30.9
     0.97     0.17   0.020   13    -20.1    -31.2
     0.97     0.23   0.020   15     -5.6    -23.7
     0.98     0.19   0.020   16     -4.7    -28.9
     0.99     0.24   0.021   17     -1.3    -22.1
     0.97     0.30   0.020   18     -3.1    -16.6
     0.97     0.29   0.021   19    -17.2    -11.7
     0.99     0.44   0.020   20    -13.3     -1.4
     1.00     0.55   0.020   22      9.2     -3.8
     1.02     1.19   0.021   23     98.3     70.0
     1.53     4.43   0.020   24    158.0    157.6
     3.41    10.64   0.021   25    265.4    405.8
     2.32    14.39   0.020   26    379.6    413.1
     6.16     9.44   0.021   27    603.8    402.6
     2.18     2.39   0.021   29    380.7    408.4
     1.96     1.66   0.020   30    370.5    336.7
     1.68     1.36   0.021   31    250.2    335.2
     1.46     2.53   0.020   32    174.8    310.7
     1.31     3.69   0.021   33    103.3    263.9
     1.22     4.83   0.020   34     53.1    210.5
     1.56     5.78   0.020   36    -13.1     96.3
     1.76     5.98   0.021   37    -26.4    -23.6
     1.86     6.43   0.020   38    -38.4   -141.5
     1.74     6.63   0.021   39    -82.5   -209.7
     2.16     6.29   0.020   40   -124.4   -301.4
     3.30     6.19   0.020   41   -219.8   -589.9
     3.11     5.90   0.020   43   -557.9   -530.1
     3.45     3.73   0.021   44   -715.7   -290.2
     3.76     2.62   0.020   45   -588.3   -334.6
     3.27     1.31   0.021   46   -243.1   -450.4
     2.63     3.39   0.020   47   -284.1   -566.3
     3.37     3.08   0.021   48    -36.0   -177.2
     5.93     3.63   0.021   50   -904.2   -151.9
     2.70     4.33   0.020   51   -483.3    187.6
     2.52     3.79   0.021   52    272.9   -511.2
     1.20     1.41   0.020   53   -181.8     61.0
     1.25     0.56   0.021   54    -12.4   -141.7
     1.50     0.50   0.020   55    -73.2      4.2
     1.13     0.23   0.020   57    -47.5    -18.1
     1.04     0.38   0.021   58    -29.4    -22.2
     1.00     0.37   0.020   59    -25.7    -14.8
     0.99     0.35   0.021   60    -17.6    -13.7
     1.00     0.36   0.020   61    -19.8    -11.4
     0.97     0.31   0.021   62     -5.3    -11.9
     0.96     0.09   0.021   64     -3.1     -9.9
     0.98     0.13   0.020   65    -21.1      2.4
     0.98     0.12   0.020   66    -20.0     -0.4
     0.96     0.19   0.021   67     -5.2     -4.5
     0.94     0.18   0.020   68      6.5     -7.6
     0.97     0.18   0.021   69     -0.1    -12.6
     0.96     0.34   0.021   71     -3.3      6.6
     0.97     0.37   0.020   72     -2.7     14.8
     0.97     0.47   0.021   73      1.3      5.6
     0.98     0.58   0.020   74     12.0      3.2
     1.03     0.68   0.021   75     44.8      0.8
     1.19     1.28   0.020   76    126.2     87.9
     3.01    11.37   0.020   78    408.9    379.6
     3.41    12.94   0.021   79    220.1    242.2
     2.93     6.51   0.020   80    478.5    385.7
     1.98     3.51   0.021   81    355.9    345.8
     2.00     2.83   0.020   82    451.8    230.2
     1.89     1.95   0.021   83    425.0    228.5
     1.43     2.21   0.021   85    273.3    239.4
     1.24     3.21   0.020   86    214.2    224.6
     1.14     4.05   0.021   87    163.7    186.7
     1.11     4.71   0.020   88    127.5    127.7
     1.12     5.09   0.021   89     72.6     72.3
     1.28     5.25   0.020   90      1.1     42.0
     1.60     5.98   0.021   92   -111.5   -102.6
     1.53     5.71   0.020   93   -171.8   -106.5
     2.33     5.91   0.021   94   -270.9   -217.4
     3.09     6.27   0.020   95   -348.0   -486.5
     3.35     6.64   0.021   96   -501.6   -632.7
     3.33     5.33   0.020   97   -628.1   -558.9
     3.54     4.37   0.020   99   -298.3   -390.3
     2.12     0.90   0.021  100   -297.5   -184.9
     1.27     5.75   0.020  101    248.6     67.3
     4.28     8.92   0.021  102   -629.9   -872.9
     4.48     4.45   0.020  103   -851.0    181.4
     2.05     4.46   0.021  104   -327.4   -144.1
     2.55     2.44   0.021  106   -303.2   -224.6
     1.38     1.17   0.020  107   -166.8    -34.5
     1.38     0.66   0.021  108   -124.0    -19.6
     1.30     0.33   0.020  109    -88.4    -76.2
     1.24     0.26   0.021  110   -118.9    -37.9
     1.06     0.26   0.020  111    -76.7    -35.1
     1.02     0.45   0.020  113    -56.1    -35.6
     0.99     0.47   0.021  114    -46.7    -29.0
     0.96     0.47   0.020  115    -25.3    -31.6
     0.96     0.28   0.020  116    -21.9    -31.5
     0.97     0.16   0.021  117    -25.7    -25.6
     0.97     0.15   0.020  118    -31.3    -20.2
     0.98     0.15   0.020  120    -25.2    -16.8
     0.98     0.14   0.021  121    -25.7    -15.7
     0.99     0.17   0.020  122    -22.1    -12.8
     0.96     0.15   0.021  123    -12.0     -9.0
     0.98     0.13   0.020  124    -12.0    -12.7
     0.95     0.17   0.021  125     -6.7     -2.9
     0.96     0.37   0.021  127     -7.0      3.2
     0.99     0.38   0.020  128     -5.7     -7.1
     1.01     0.53   0.021  129     10.4      7.0
     1.17     2.15   0.020  130    113.1     84.7
     1.23     5.20   0.021  131    170.7     75.5
     2.86    12.22   0.020  132    260.9    358.3
     2.54     5.59   0.020  134    397.8    480.2
     1.99     3.74   0.021  135    341.7    359.5
     1.83     3.01   0.020  136    380.7    269.4
     1.95     2.41   0.021  137    399.4    296.4
     1.72     1.92   0.020  138    375.7    226.4
     1.58     2.05   0.021  139    357.2    177.8
     1.38     4.42   0.020  141    237.8    160.9
     1.31     5.35   0.021  142    164.9    117.3
     1.46     5.71   0.020  143     70.7    116.1
     1.55     6.34   0.021  144    -19.7     92.8
     1.75     6.68   0.020  145    -88.4     16.0
     1.79     6.97   0.021  146   -143.1    -89.3
     2.41     6.53   0.021  148   -238.3   -331.4
     3.74     6.36   0.020  149   -475.9   -598.3
     3.52     6.34   0.021  150   -654.2   -606.4
     3.04     4.11   0.020  151   -647.3   -280.5
     3.52     3.40   0.021  152   -717.2   -148.8
     3.43     2.71   0.020  153   -405.6   -382.2
     1.86     4.17   0.020  155   -218.8   -423.0
     2.74     8.89   0.021  156   -398.7   -566.2
     4.67     4.79   0.020  157   -764.8     93.5
     3.27     4.11   0.021  158   -492.9     -9.5
     2.52     2.29   0.020  159     26.8   -494.5
     1.71     1.22   0.021  160   -204.6     41.0
     1.36     0.24   0.021  162   -104.9    -58.3
     1.10     0.12   0.020  163    -50.9    -35.9
     1.11     0.18   0.021  164    -65.4    -24.2
     1.04     0.22   0.020  165    -48.4    -22.6
     0.99     0.30   0.020  166    -36.6    -19.4
     0.99     0.32   0.021  167    -35.2    -20.3
     0.96     0.33   0.021  169    -17.1    -25.0
     0.98     0.21   0.020  170    -13.2    -19.5
     0.98     0.15   0.021  171    -19.9     -7.9
     0.97     0.13   0.020  172    -20.5     -3.7
     0.99     0.15   0.021  173    -19.4     -8.6
     0.99     0.16   0.020  174    -19.7     -6.1
     0.97     0.18   0.020  176     -7.3     -6.2
     0.97     0.16   0.021  177     -6.5     -8.3
     0.96     0.13   0.020  178     -1.9     -7.0
     0.98     0.22   0.021  179     -8.1      4.5
     0.96     0.30   0.020  180    -10.5     12.7
     0.96     0.38   0.021  181     -2.0     12.3
     0.99     0.77   0.021  183     67.0      6.1
     1.22     2.22   0.020  184    127.6     64.0
     1.79     6.34   0.021  185    235.9     58.7
     3.10     9.66   0.020  186    359.4    418.0
     2.81    13.16   0.021  187    426.9    243.5
     2.73     4.83   0.020  188    458.8    180.1
     1.96     3.42   0.021  189    347.4    332.0
     1.73     2.55   0.020  190    392.4    178.8
     1.57     2.26   0.020  191    374.7    142.0
     1.58     1.38   0.021  192    361.4    169.2
     1.50     1.74   0.020  193    328.4    168.2
     1.18     2.99   0.021  194    250.9    144.4
     0.98     3.74   0.020  195    172.6    151.7
     1.06     4.01   0.021  196    104.6    174.5
     1.17     4.59   0.020  197     46.6    156.8
     1.31     5.14   0.021  198      4.7     97.8
     1.36     5.63   0.020  199    -35.1     27.2
     1.42     5.72   0.021  200    -95.6   -101.0
     1.21     5.74   0.020  201    -93.9   -155.0
     2.15     5.39   0.021  202   -130.6   -266.9
     2.91     5.19   0.020  203   -262.1   -462.6
     3.14     5.53   0.021  204   -490.0   -558.9
     3.22     5.36   0.020  205   -621.9   -537.5
     3.13     4.31   0.021  206   -599.5   -325.4
     3.55     2.85   0.020  207   -516.6   -189.5
     3.21     1.13   0.021  208   -451.0   -366.6
     1.61     5.71   0.020  209    -64.9   -256.1
     4.10     3.72   0.021  210    642.3    795.7
     5.05     8.59   0.020  211  -1015.7   -465.1
     2.47     3.89   0.021  212   -394.0     14.2
     1.63     2.95   0.020  213     67.2   -306.3
     1.86     1.81   0.021  214   -217.8   -112.9
     1.80     1.01   0.020  215    -85.9   -159.3
     1.36     0.27   0.020  216   -131.6    -95.0
     1.11     0.37   0.021  217    -51.0    -66.3
     1.05     0.31   0.020  218    -43.9    -58.4
     1.01     0.29   0.021  219    -43.0    -41.9
     0.99     0.31   0.020  220    -34.4    -43.7
     1.00     0.33   0.021  221    -27.8    -40.2
     0.99     0.35   0.020  222    -25.9    -32.6
     0.97     0.31   0.021  223    -10.3    -29.9
     0.98     0.28   0.020  224    -16.5    -29.7
     0.97     0.24   0.021  225    -12.3    -22.6
     0.98     0.22   0.020  226    -19.5    -18.6
     0.98     0.26   0.021  227    -19.2    -19.2
     0.98     0.25   0.020  228    -13.8    -20.5
     0.97     0.23   0.021  229    -10.8    -22.4
     0.99     0.19   0.020  230     -9.0    -20.2
     0.98     0.17   0.021  231    -13.9    -11.8
     0.98     0.19   0.020  232     -9.0    -10.0
     0.95     0.29   0.021  233     14.5      4.6
     0.98     0.32   0.020  234      2.9    -12.2
     1.00     0.36   0.021  235     -3.6     -9.3
     1.01     0.45   0.020  236     44.4     28.6
     1.16     1.56   0.021  237    124.4     56.8
     2.27     4.26   0.020  238      5.7    -65.0
     2.93     6.55   0.021  239    275.0    388.1
     2.34    13.77   0.020  240    423.4    280.8
     4.21     8.90   0.020  241    438.9    364.9
     2.15     3.04   0.021  242    353.1    388.5
     1.88     2.65   0.020  243    395.4    244.2
     1.59     2.22   0.021  244    350.1    196.9
     1.56     1.47   0.020  245    314.0    233.2
     1.46     1.91   0.021  246    282.1    212.2
     1.22     3.24   0.020  247    221.6    172.4
     0.92     3.77   0.021  248    147.0    117.0
     0.85     4.30   0.020  249     90.3     93.1
     1.05     4.63   0.021  250     36.6     92.0
     1.14     4.96   0.020  251    -20.1     50.5
     1.17     5.17   0.021  252    -55.8     -6.8
     1.25     5.10   0.020  253    -78.1    -67.6
     1.37     5.16   0.021  254   -119.6   -101.6
     1.61     5.20   0.020  255   -152.5   -146.0
     2.03     5.06   0.021    0   -189.2   -234.1
     2.81     5.48   0.020    1   -310.1   -402.4
     2.89     5.77   0.021    2   -398.4   -534.6
     2.47     4.95   0.020    3   -405.9   -478.0
     2.66     3.43   0.021    4   -482.0   -368.5
     3.14     3.61   0.020    5   -567.9   -306.5
     3.11     0.33   0.021    6   -318.4   -339.6
     2.64     2.27   0.020    7   -271.6   -355.1
     2.14     2.80   0.021    8   -350.3   -379.2
     2.68     6.60   0.020    9      3.4      5.2
     2.83     6.18   0.020   10     93.6     68.3
     1.82     3.75   0.021   11   -249.7   -149.8
     2.18     3.34   0.020   12    299.0   -437.7
     1.53     2.53   0.021   13   -237.2    -29.7
     1.48     1.25   0.020   14    -47.4   -217.6
     1.52     1.04   0.021   15   -183.6   -100.4
     1.16     0.21   0.020   16    -80.3    -70.8
     1.06     0.22   0.021   17    -67.9    -61.0
     1.03     0.19   0.020   18    -58.0    -49.0
     1.01     0.08   0.021   19    -56.8    -44.0
     1.00     0.15   0.020   20    -49.0    -39.5
     0.98     0.20   0.021   21    -36.9    -38.3
     0.98     0.25   0.020   22    -26.3    -35.3
     0.97     0.23   0.021   23    -22.1    -34.2
     0.99     0.20   0.020   24    -22.9    -29.2
     0.98     0.17   0.021   25    -23.9    -24.1
     0.99     0.18   0.020   26    -28.6    -20.6
     0.95     0.27   0.020   28    -19.3    -12.9
     0.98     0.27   0.021   29    -14.8    -15.9
     0.97     0.24   0.020   30     -6.7    -15.9
     0.95     0.23   0.021   31     -5.3    -12.6
     0.96     0.24   0.020   32    -21.6      6.2
     0.97     0.41   0.021   33     -5.2      5.9
     0.98     0.57   0.020   34     -7.9     -2.8
     0.98     0.69   0.020   35      6.0     -3.6
     1.04     0.83   0.021   36     36.0      4.2
     1.09     2.08   0.020   37    123.4     35.4
     1.75     6.19   0.021   38    235.8    171.1
     3.10    13.66   0.020   39    373.0    193.6
     2.12    14.85   0.021   40    341.3    383.8
     3.64     4.75   0.020   41    373.2    578.9
     2.23     4.02   0.021   42    362.0    411.9
     2.01     2.80   0.020   43    458.8    211.1
     1.75     1.14   0.021   44    428.5    132.2
     1.49     0.97   0.020   45    290.6    245.8
     1.32     2.37   0.021   46    195.9    266.7
     1.16     3.82   0.020   47    124.0    253.7
     1.23     4.77   0.020   49     47.9    168.7
     1.45     5.01   0.021   50     11.1    119.6
     1.62     5.52   0.020   51    -19.4     19.2
     1.57     6.04   0.021   52    -55.1    -78.2
     1.37     6.14   0.020   53   -103.4   -106.6
     2.00     5.61   0.021   54   -134.6   -216.5
     2.94     5.57   0.020   55   -206.4   -452.6
     3.07     6.17   0.021   56   -331.9   -598.4
     2.90     6.02   0.020   57   -452.3   -586.3
     2.84     4.45   0.021   58   -598.3   -348.8
     3.39     3.91   0.020   59   -722.2   -235.9
     3.32     3.61   0.020   60   -420.0   -294.1
     2.75     1.18   0.021   61   -181.1   -379.8
     4.96     8.69   0.021   63    748.9   1010.0
     6.41    10.04   0.020   64   -907.8  -1001.9
     3.28     4.36   0.021   65   -585.4    149.5
     2.11     3.64   0.020   66     -1.7   -262.1
     1.33     2.33   0.021   67     97.2   -239.5
     2.13     1.27   0.020   68   -232.3   -108.6
     1.47     0.16   0.020   70   -104.3     -6.9
     1.19     0.41   0.021   71    -46.6    -29.6
     1.09     0.30   0.020   72    -27.6    -26.9
     1.09     0.41   0.021   73    -51.0    -26.5
     1.06     0.57   0.020   74    -41.6    -22.9
     1.02     0.63   0.021   75    -22.8    -26.2
     0.96     0.60   0.021   77     -9.6    -15.4
     0.93     0.35   0.020   78      5.8    -22.6
     0.95     0.25   0.021   79     -4.6    -15.4
     0.93     0.15   0.020   80      0.2     -9.6
     0.96     0.15   0.021   81      0.2     -8.4
     0.95     0.32   0.020   82      1.7    -13.6
     1.00     0.44   0.020   84    -17.7     -7.5
     0.98     0.29   0.020   85     -6.9     -5.1
     0.99     0.33   0.021   86     -9.1     -3.4
     0.98     0.34   0.020   87    -13.2      1.8
     0.93     0.33   0.021   88     15.5      6.9
     0.98     0.47   0.020   89     -8.9      2.7
     0.99     0.46   0.020   91      2.3     -2.3
     0.96     0.69   0.021   92     37.0     33.9
     1.14     1.33   0.020   93    146.0     37.6
     1.54     3.85   0.021   94    144.3     98.1
     3.26     9.50   0.020   95    238.7    352.6
     1.96    14.38   0.021   96    342.6    329.0
     2.62     3.28   0.021   98    428.1    465.6
     1.54     2.12   0.020   99    323.0    219.7
     1.39     1.60   0.021  100    340.6    102.0
     1.33     1.45   0.020  101    315.5    121.8
     1.14     2.09   0.021  102    238.8    143.4
     1.08     2.62   0.020  103    176.4    148.8
     1.09     4.15   0.020  105     53.0    123.7
     1.21     4.74   0.021  106      5.1     80.2
     1.29     5.13   0.020  107    -38.6     26.7
     1.36     5.23   0.021  108    -80.5    -30.4
     1.61     5.56   0.020  109   -157.2    -85.2
     1.47     5.60   0.020  110   -167.2   -142.0
     2.98     4.74   0.020  112   -242.4   -499.5
     2.90     5.71   0.021  113   -254.4   -625.9
     2.56     6.27   0.020  114   -317.3   -570.0
     2.44     5.70   0.021  115   -415.8   -443.9
     2.49     4.81   0.020  116   -461.0   -224.6
     2.97     4.08   0.021  117   -436.1   -114.1
     1.56     1.96   0.021  119    -74.4    210.7
     6.12     3.92   0.020  120   1152.2   1033.9
     5.36    10.83   0.021  121   -752.6  -1146.1
     4.18     5.23   0.020  122   -765.1   -201.8
     2.14     4.48   0.021  123   -217.3   -336.2
     1.12     2.87   0.020  124    -71.6   -207.9
     1.25     0.74   0.020  126   -120.6    -83.4
     1.65     0.75   0.021  127   -176.8   -102.1
     1.18     0.72   0.020  128    -76.9   -102.1
     1.14     0.58   0.021  129    -76.1    -94.8
     1.07     0.42   0.020  130    -69.2    -73.1
     1.03     0.34   0.021  131    -51.8    -70.6
     0.98     0.31   0.021  133    -39.2    -45.2
     0.97     0.25   0.020  134    -29.9    -40.7
     0.96     0.13   0.020  135    -24.3    -34.2
     0.97     0.08   0.021  136    -24.2    -33.6
     0.98     0.08   0.020  137    -25.9    -29.6
     0.96     0.10   0.021  138    -22.7    -21.0
     0.98     0.12   0.021  140    -20.0    -22.0
     0.99     0.11   0.020  141    -19.4    -20.6
     1.00     0.09   0.021  142    -22.7    -18.6
     0.99     0.09   0.020  143    -21.2    -12.9
     0.98     0.10   0.021  144    -17.9    -12.4
     0.98     0.06   0.020  145     -7.0    -16.8
     0.99     0.06   0.020  147    -17.3     -7.6
     0.98     0.07   0.021  148    -12.8     -7.9
     0.97     0.09   0.020  149      1.3     -7.7
     0.97     0.09   0.021  150     -2.3     -4.6
     0.98     0.11   0.020  151    -12.9     -2.4
     0.98     0.10   0.021  152     -9.9     -0.7
     0.99     0.07   0.021  154     -9.2     -2.3
     0.98     0.09   0.020  155     -6.5     -2.9
     0.99     0.10   0.021  156     -6.3     -2.4
     0.98     0.10   0.020  157     -1.7      1.5
     0.97     0.07   0.021  158     -0.4     -0.2
     0.98     0.05   0.020  159     -1.9      0.2
     0.98     0.05   0.021  161     -3.4     -0.2
     0.99     0.05   0.020  162     -5.3     -0.4
     0.97     0.06   0.021  163     -1.9      2.0
     0.97     0.05   0.020  164     -1.2     -0.1
     0.99     0.05   0.021  165     -2.6     -0.8
     0.98     0.05   0.020  166     -3.9     -1.9
     0.97     0.05   0.020  168      1.4     -0.1
     0.98     0.05   0.021  169      0.8      2.5
     0.98     0.05   0.020  170     -1.4      2.0
     0.98     0.05   0.021  171     -2.0      1.3
     0.98     0.06   0.020  172     -0.4      1.3
     0.99     0.06   0.021  173     -1.2      1.0
     0.98     0.07   0.021  175     -0.6      0.1
     0.98     0.06   0.020  176      0.4      2.3
     0.98     0.06   0.021  177     -1.8      2.0
     0.99     0.06   0.020  178     -1.1      1.5
     0.96     0.06   0.021  179      2.5      5.6
     0.98     0.05   0.020  180      3.1      6.5
     0.96     0.05   0.020  182     -2.1      4.8
