     0.99     0.04   0.021  222      0.9      0.6
     0.98     0.04   0.020  223      0.1      0.1
     0.99     0.04   0.021  224      0.4      1.5
     0.99     0.04   0.020  225      0.9     -1.6
     0.99     0.04   0.021  226     -1.8      2.8
     0.99     0.05   0.020  227      0.9      0.6
     0.98     0.04   0.021  228     -0.6      0.9
     0.99     0.04   0.020  229      0.3      1.4
     0.99     0.03   0.021  230      0.8      0.5
     0.98     0.04   0.020  231     -1.5      2.5
     0.99     0.04   0.021  232      2.2     -0.0
     0.97     0.03   0.020  233      1.4      1.7
     0.99     0.03   0.021  234     -1.4      1.5
     0.99     0.04   0.020  235      1.6      0.7
     0.99     0.04   0.021  236      3.2     -0.5
     0.99     0.03   0.020  237     -0.3      1.1
     0.99     0.04   0.021  238      1.2      0.7
     0.99     0.04   0.020  239      0.6     -0.6
     0.99     0.04   0.021  240     -0.3     -1.0
     0.99     0.04   0.020  241      0.6     -0.3
     0.99     0.04   0.021  242     -0.9      0.1
     0.99     0.03   0.020  243     -1.2      1.0
     0.98     0.03   0.021  244     -0.4      0.1
     1.00     0.03   0.020  245     -0.9     -1.2
     0.99     0.04   0.020  246     -1.7      0.7
     1.00     0.04   0.021  247     -1.7      0.7
     0.99     0.04   0.020  248      2.3      0.5
     0.97     0.04   0.021  249      1.5      5.7
     0.98     0.04   0.020  250      1.6      0.8
     0.96     0.03   0.021  251      1.0      0.3
     1.00     0.03   0.020  252     -1.5     -2.8
     0.98     0.03   0.021  253      0.1      1.5
     0.96     0.03   0.020  254      1.7     -0.3
     0.98     0.03   0.021  255     -1.5     -5.2
     0.98     0.03   0.020    0      0.3      2.0
     1.00     0.03   0.021    1     -1.2     -2.1
     0.99     0.03   0.020    2      0.7      1.3
     0.99     0.03   0.021    3      1.2      2.5
     1.00     0.03   0.020    4     -0.5     -3.0
     0.99     0.03   0.021    5      0.4      2.2
     0.98     0.03   0.020    6     -0.4      1.5
     1.00     0.04   0.021    7     -1.1     -2.0
     0.98     0.04   0.020    8     -0.2      1.7
     0.99     0.04   0.021    9      0.5      2.1
     0.98     0.04   0.020   10      0.6      2.0
     0.99     0.04   0.021   11      0.4      1.9
     0.99     0.04   0.020   12      0.4      1.7
     0.99     0.04   0.021   13      0.4      1.6
     0.98     0.04   0.020   14     -0.0      0.2
     0.98     0.04   0.020   15     -0.6      1.1
     0.98     0.04   0.021   16      1.2      2.0
     0.98     0.04   0.020   17     -0.0      0.1
     0.98     0.04   0.021   18     -1.2      1.8
     0.99     0.05   0.020   19      0.2      1.4
     0.99     0.04   0.021   20      0.2     -0.8
     0.99     0.04   0.020   21      0.1      1.5
     0.99     0.04   0.021   22     -0.8      0.9
     0.99     0.04   0.020   23     -1.6      0.4
     0.98     0.04   0.021   24     -0.4      0.9
     0.99     0.04   0.020   25      1.3     -0.3
     0.99     0.04   0.021   26      0.7      0.7
     0.99     0.04   0.020   27      0.1      1.5
     0.99     0.04   0.021   28      0.0      1.4
     0.99     0.04   0.020   29      1.4      1.0
     0.98     0.04   0.021   30      1.9      0.1
     0.99     0.04   0.020   31      0.3      0.5
     0.98     0.04   0.021   32     -0.6      0.0
     0.98     0.04   0.020   33      0.7      1.9
     0.97     0.04   0.021   34     -1.3      1.6
     0.98     0.03   0.020   35      0.8      1.7
     0.99     0.03   0.021   36     -1.0     -1.6
     0.98     0.03   0.020   37     -2.2      1.1
     0.99     0.04   0.021   38      0.7      0.4
     0.99     0.04   0.020   39     -0.2     -2.2
     0.99     0.03   0.020   40      2.0      0.4
     0.96     0.03   0.021   41      1.4      4.2
     0.98     0.04   0.020   42     -1.3      1.6
     0.99     0.04   0.021   43      0.0      1.1
     0.97     0.04   0.020   44      0.1      5.4
     0.97     0.04   0.021   45      1.1      6.8
     1.00     0.04   0.020   46      4.5     -2.6
     0.99     0.03   0.021   47      0.7      0.0
     0.95     0.03   0.020   48      1.9      7.1
     0.98     0.03   0.021   49     -1.5      1.5
     0.99     0.04   0.020   50      0.3      0.2
     0.99     0.04   0.021   51     -0.1     -1.1
     0.99     0.04   0.020   52     -0.4     -2.3
     0.98     0.03   0.021   53     -0.4      0.2
     1.00     0.03   0.020   54     -1.1     -3.3
     0.98     0.03   0.021   55     -0.5     -0.7
     0.98     0.03   0.020   56     -0.1      0.7
     0.99     0.04   0.021   57     -1.4     -3.3
     0.99     0.04   0.020   58     -0.5     -0.2
     0.98     0.04   0.021   59      0.1      1.2
     0.98     0.04   0.020   60      0.1      1.1
     0.98     0.03   0.021   61      0.1      1.1
     0.98     0.03   0.020   62     -0.8      0.5
     0.99     0.04   0.020   64      0.8      0.1
     0.98     0.03   0.020   65      1.6      0.6
     0.98     0.03   0.021   66      1.5      0.6
     0.98     0.03   0.020   67     -0.3     -0.4
     0.98     0.03   0.021   68     -0.9      0.5
     0.98     0.04   0.020   69      0.7      0.2
     0.98     0.03   0.021   70      0.7      0.2
     0.98     0.03   0.020   71      0.6      0.3
     0.98     0.04   0.021   72     -0.9      0.6
     0.98     0.04   0.020   73     -0.7      0.6
     0.98     0.04   0.021   74      0.7      0.3
     0.99     0.04   0.021   76     -1.6      0.3
     0.98     0.04   0.020   77     -0.5      0.8
     0.99     0.04   0.021   78      1.6      1.0
     0.99     0.04   0.020   79      1.2     -0.4
     0.98     0.04   0.021   80      0.5      2.7
     0.99     0.05   0.020   81      1.1      0.9
     0.98     0.05   0.020   83      1.8      3.6
     0.99     0.05   0.021   84     -0.2      0.2
     0.98     0.06   0.020   85     -0.6      1.1
     0.99     0.06   0.021   86      0.2     -0.5
     0.98     0.06   0.020   87     -3.3     -0.2
     1.00     0.08   0.021   88     -2.6      1.9
     0.98     0.11   0.020   90      2.5      0.2
     0.97     0.10   0.021   91     -0.4      4.7
     1.00     0.11   0.020   92     -3.9     -0.5
     0.98     0.10   0.021   93      0.7     -1.3
     0.99     0.11   0.020   94     -0.9      0.8
     0.98     0.13   0.021   95      0.8     -0.3
     0.98     0.18   0.021   97      2.7     -1.8
     0.94     0.18   0.020   98      9.3      3.3
     0.95     0.10   0.021   99      2.8      3.8
     0.99     0.05   0.020  100      4.0     -0.5
     0.95     0.10   0.021  101     11.9     -2.0
     1.01     0.28   0.020  102     15.1     -5.3
     1.29     0.73   0.020  104    -24.4    133.7
     1.12     1.57   0.021  105    100.0     35.1
     2.07     2.33   0.020  106     91.0    -27.7
     1.86     1.76   0.021  107    202.7     30.0
     1.66     1.82   0.020  108    244.0    167.6
     1.83     1.55   0.021  109    325.2    192.6
     1.85     0.86   0.021  111    338.3    227.8
     1.72     1.48   0.020  112    296.5    180.6
     1.53     2.12   0.021  113    235.3    137.8
     1.28     2.55   0.020  114    161.3    119.8
     0.97     2.61   0.020  115     96.8     75.7
     0.82     2.36   0.021  116     44.6     41.9
     1.63     1.83   0.021  118    -91.4   -124.0
     2.32     3.05   0.020  119   -199.9   -260.4
     1.65     3.43   0.021  120   -197.5   -217.6
     1.09     3.48   0.020  121   -224.0   -109.6
     1.02     2.73   0.021  122   -241.0    -93.1
     1.17     1.76   0.020  123   -276.5   -115.4
     1.46     0.50   0.020  125   -353.4   -122.4
     1.28     0.39   0.021  126   -304.6   -120.8
     1.09     1.30   0.020  127   -244.1   -128.7
     1.11     1.98   0.021  128   -193.2   -131.2
     1.29     2.20   0.020  129   -134.1   -137.4
     3.99     3.94   0.021  130    808.9    133.4
     5.20     3.90   0.021  132    178.6    138.4
     2.49     2.84   0.020  133    -73.7    421.9
     1.63     2.77   0.021  134    151.7     91.4
     0.88     1.98   0.020  135    122.8   -144.7
     2.89     1.80   0.021  136    200.1    106.3
     1.41     0.79   0.020  137    162.2     54.3
     1.27     0.30   0.020  139     94.6     66.9
     1.10     0.11   0.020  140     90.1     48.2
     1.02     0.02   0.021  141     82.2     48.2
     0.99     0.01   0.020  142     77.8     39.1
     1.01     0.09   0.021  143     66.5     39.1
     1.00     0.14   0.020  144     60.8     28.0
     0.98     0.18   0.020  146     54.6     22.8
     0.95     0.16   0.021  147     53.8     20.5
     0.99     0.12   0.020  148     44.3     15.2
     0.98     0.16   0.021  149     41.6     16.0
     0.98     0.21   0.020  150     32.8     15.4
     0.98     0.20   0.021  151     28.4     19.6
     0.98     0.26   0.021  153     25.1      7.9
     0.99     0.24   0.020  154     21.7      6.8
     0.99     0.20   0.021  155     19.6      9.2
     0.99     0.21   0.020  156     15.8     13.7
     0.99     0.28   0.021  157      7.4     23.7
     0.95     0.38   0.020  158     32.1     20.3
     1.02     1.03   0.020  160    135.9     14.6
     1.24     3.00   0.021  161    167.8     44.2
     1.79     6.03   0.020  162    165.3    108.4
     3.08     9.41   0.021  163    342.1    264.3
     3.40     5.78   0.020  164    562.3    174.2
     2.36     2.64   0.020  165    429.0    321.2
     1.54     2.53   0.020  167    367.4    142.8
     1.44     2.50   0.021  168    357.9     83.4
     1.48     2.31   0.020  169    365.8     70.2
     1.32     2.31   0.021  170    326.3     56.8
     1.23     2.83   0.020  171    273.7     81.4
     1.17     3.58   0.021  172    203.5    101.9
     1.31     4.49   0.021  174     22.9    161.9
     1.54     4.73   0.020  175    -73.3    176.9
     1.51     5.06   0.021  176   -129.0    134.6
     1.31     4.97   0.020  177   -132.9     32.8
     1.25     4.48   0.021  178   -115.2    -79.3
     1.36     3.36   0.020  179   -100.1   -179.9
     3.27     4.77   0.020  181   -585.1   -424.3
     2.11     4.24   0.021  182   -491.6   -222.5
     2.15     2.65   0.020  183   -518.8   -117.5
     2.39     0.96   0.021  184   -455.5   -115.6
     2.82     5.37   0.020  185   -461.2   -129.8
     4.58     7.64   0.021  186   -501.7   -336.8
     2.59     3.73   0.021  188   -377.8   -201.5
     1.77     3.68   0.020  189    -86.2      0.6
     2.80     2.37   0.020  190   -189.6   -106.5
     2.02     1.05   0.021  191   -198.8      7.1
     1.20     0.27   0.020  192    -79.5      2.2
     1.08     0.32   0.021  193    -49.4      8.0
     1.00     0.27   0.021  195    -22.1    -11.3
     0.99     0.19   0.020  196    -24.8     -4.4
     0.97     0.20   0.021  197    -26.6      2.9
     1.00     0.21   0.020  198    -23.3     -7.9
     0.96     0.22   0.021  199    -12.2     -5.8
     0.97     0.24   0.020  200    -14.7     -3.7
     0.95     0.08   0.020  202     -3.7      6.0
     0.97     0.06   0.021  203    -12.8      2.3
     0.97     0.11   0.020  204    -14.6      1.8
     0.98     0.15   0.021  205    -15.2      2.1
     0.98     0.15   0.020  206    -17.6     -0.9
     0.97     0.19   0.021  207    -11.5      1.5
     0.97     0.23   0.021  209      0.0     -6.8
     0.97     0.14   0.020  210      3.4     -5.8
     0.96     0.11   0.021  211    -18.2     11.6
     0.99     0.32   0.020  212     -8.6     14.9
     0.91     0.42   0.021  213     40.9     13.9
     0.98     0.87   0.020  214     25.6    -10.3
     1.33     3.43   0.021  216    172.8     56.4
     2.77     9.05   0.020  217    348.1    100.4
     2.56    13.01   0.021  218    437.3    320.0
     6.15     9.26   0.020  219    452.1    442.6
     2.39     3.41   0.021  220    427.6    431.0
     2.73     3.24   0.020  221    642.4    151.4
     1.70     2.19   0.020  223    418.2    107.9
     1.46     3.05   0.021  224    305.1    215.4
     1.34     3.98   0.020  225    233.9    245.3
     1.40     4.41   0.021  226    148.5    288.2
     1.39     4.95   0.020  227     71.9    263.8
     1.39     5.30   0.021  228     17.3    197.4
     1.51     5.82   0.021  230    -86.8     50.0
     1.52     5.88   0.020  231   -127.8    -31.0
     1.27     5.46   0.021  232   -142.4    -26.2
     1.88     4.72   0.020  233   -170.6   -134.9
     3.46     5.71   0.021  234   -402.1   -472.5
     3.73     6.21   0.020  235   -566.6   -677.3
     3.29     3.28   0.020  237   -712.1   -100.5
     3.51     1.35   0.021  238   -672.1   -103.0
     3.07     3.19   0.020  239   -515.6   -300.4
     1.40     4.80   0.020  240   -235.0   -136.8
     6.06     5.90   0.020  242   -550.8  -1382.7
     1.65     3.27   0.020  244    -34.4   -247.4
     2.20     2.64   0.021  245   -164.9   -159.0
     1.98     1.14   0.020  246    -42.4   -107.8
     1.24     0.88   0.021  247    -26.1    -44.7
     1.23     0.38   0.020  248    -46.5    -21.7
     1.03     0.09   0.021  249    -10.3    -31.5
     1.05     0.25   0.021  251    -18.6    -30.9
     1.00     0.34   0.020  252     -5.4    -30.3
     0.99     0.31   0.021  253     -1.7    -23.9
     0.99     0.22   0.020  254     13.8    -34.4
     0.96     0.06   0.021  255     10.4    -26.4
     0.99     0.11   0.020    0     -1.5    -20.6
     0.97     0.10   0.020    2     -7.0     -9.0
     0.97     0.10   0.021    3     -8.6     -5.0
     0.97     0.16   0.020    4     -4.2     -6.0
     0.98     0.20   0.021    5      0.1    -10.2
     0.97     0.20   0.020    6     -1.4    -13.9
     0.96     0.16   0.021    7      3.3     -8.0
     0.96     0.35   0.020    9     -3.4      3.0
     0.93     0.48   0.021   10     32.7     16.1
     0.99     0.55   0.020   11    -11.0      1.7
     1.00     0.63   0.021   12      6.5      4.8
     1.00     0.83   0.020   13     38.5      1.1
     1.09     1.57   0.021   14     72.8     33.8
     3.23    12.77   0.021   16    424.7    215.5
     2.12    14.95   0.020   17    310.1    393.9
     3.83     4.31   0.021   18    592.0    405.4
     2.71     2.85   0.020   19    571.3    352.1
     2.37     2.33   0.021   20    544.6    258.9
     1.70     2.28   0.020   21    372.0    211.9
     1.17     2.87   0.020   23    246.1    143.0
     1.09     3.26   0.021   24    210.2    185.1
     1.46     4.21   0.020   25    193.0    201.3
     1.61     5.30   0.021   26    116.5    147.3
     1.39     5.57   0.020   27     -7.1    118.8
     1.34     5.80   0.021   28    -80.1     59.1
     1.42     5.63   0.021   30   -132.6    -54.2
     1.88     5.61   0.020   31   -148.6   -164.5
     2.49     5.90   0.021   32   -223.7   -338.4
     3.06     6.13   0.020   33   -417.0   -476.4
     2.95     5.76   0.020   34   -511.5   -539.3
     2.91     3.83   0.021   35   -613.3   -389.9
     2.86     0.95   0.021   37   -440.4   -393.3
     2.18     1.49   0.020   38   -397.0   -293.5
     2.74     2.94   0.021   39    -33.8     80.4
     4.31     7.26   0.020   40    742.2   -105.1
     5.54     6.65   0.021   41   -867.9   -379.7
     3.19     4.38   0.020   42   -562.6     95.0
     3.10     3.24   0.020   44   -207.5   -296.5
     1.59     2.06   0.021   45   -105.5    -83.2
     1.24     1.01   0.020   46    -68.1    -71.3
     1.27     0.40   0.021   47    -61.1    -52.3
     1.12     0.16   0.020   48    -40.1    -38.4
     1.06     0.10   0.021   49    -35.4    -30.2
     1.01     0.47   0.021   51    -27.3    -30.6
     1.00     0.59   0.020   52     -8.5    -32.7
     0.96     0.40   0.021   53     15.7    -37.4
     0.97     0.18   0.020   54     -2.5    -27.4
     0.96     0.16   0.021   55      4.9    -23.7
     0.98     0.06   0.020   56     -8.5    -21.7
     0.97     0.04   0.020   58     -7.9    -15.1
     0.97     0.12   0.020   59    -14.1     -8.7
     0.95     0.18   0.021   60     -2.3    -13.7
     0.95     0.12   0.020   61      9.8    -15.5
     0.96     0.17   0.021   62      3.1    -12.9
     0.95     0.28   0.020   63      6.2     -7.9
     0.99     0.39   0.020   65    -16.1      3.1
     0.99     0.48   0.021   66     -1.3      4.2
     0.99     0.54   0.020   67     -1.7      2.1
     1.00     0.83   0.021   68     38.7     10.4
     1.17     2.56   0.020   69    136.3     85.6
     1.68     6.61   0.021   70    150.4    100.6
     4.38     8.39   0.021   72    541.3     95.3
     2.70     3.95   0.020   73    438.5    413.1
     2.16     1.99   0.020   75    344.7    414.3
     1.86     2.50   0.021   76    209.0    421.8
     1.45     2.98   0.020   77    244.4    274.0
     1.13     3.49   0.020   79    221.9    128.5
     1.04     4.16   0.021   80    165.3     95.8
     1.04     4.77   0.020   81     91.3     85.3
     1.12     5.06   0.021   82     -6.5     70.8
     1.24     5.51   0.020   83    -75.3     21.1
     1.23     5.63   0.020   84   -103.7    -41.2
     1.61     5.75   0.020   86   -132.3   -237.0
     1.83     5.63   0.021   87   -208.2   -304.7
     3.09     4.76   0.020   88   -422.5   -589.1
     3.18     4.45   0.021   89   -572.8   -578.4
     2.86     3.71   0.020   90   -611.1   -286.5
     2.86     2.76   0.021   91   -505.2   -225.7
     2.27     1.69   0.021   93   -364.2   -245.6
     1.34     4.44   0.020   94   -131.2   -318.0
     2.69     6.00   0.021   95    554.3    410.3
     5.24     6.55   0.020   96   -808.7   -670.5
     2.37     3.73   0.021   97   -416.0     -3.7
     1.32     3.70   0.020   98    155.3   -242.1
     1.43     1.55   0.020  100   -208.6    -28.0
     1.14     0.60   0.021  101    -50.5    -88.5
     1.24     0.39   0.020  102    -91.3    -49.5
     1.17     0.17   0.021  103    -86.6    -38.8
     1.06     0.24   0.020  104    -45.2    -34.9
     1.08     0.25   0.021  105    -48.7    -46.0
     0.97     0.40   0.021  107    -23.8    -20.5
     0.93     0.25   0.020  108     -5.8    -21.9
     0.96     0.14   0.020  109    -13.7    -21.5
     0.97     0.09   0.021  110    -13.9    -21.6
     0.94     0.05   0.020  111     -6.1    -16.9
     0.95     0.18   0.021  112    -14.0    -13.3
     0.97     0.15   0.021  114    -11.5    -13.5
     0.99     0.13   0.020  115    -18.4    -14.5
     0.95     0.12   0.021  116     -3.0     -8.5
     0.96     0.26   0.020  117     -0.9     -9.1
     0.96     0.40   0.021  118      3.3     -9.5
     1.00     0.52   0.020  119     -5.5      2.2
     1.01     0.53   0.020  121    -17.1      1.0
     0.97     0.63   0.021  122     -5.0      8.1
     0.99     0.78   0.020  123     -3.1      9.9
     1.02     1.28   0.021  124     46.6      3.8
     1.17     1.90   0.020  125     57.1     30.0
     1.55     4.49   0.021  126    134.5    111.3
     2.39     8.58   0.021  128    269.7    357.2
     3.21     3.07   0.020  129    493.5    340.8
     2.25     1.80   0.021  130    361.2    404.4
     2.44     1.28   0.020  131    471.2    366.4
     2.18     1.31   0.021  132    380.7    377.7
     1.82     2.24   0.020  133    277.4    357.6
     1.19     4.12   0.021  135    155.3    183.7
     1.14     4.43   0.020  136    114.2    116.0
     1.11     4.98   0.021  137     48.4     63.9
     1.06     5.43   0.020  138     -6.8     11.4
     1.18     5.58   0.021  139    -64.0    -19.2
     1.38     5.63   0.020  140   -101.4    -82.8
     1.82     5.46   0.020  142   -115.5   -288.8
     2.89     5.15   0.021  143   -340.9   -471.9
     3.53     5.39   0.020  144   -545.9   -656.0
     2.83     5.36   0.021  145   -534.8   -466.5
     2.86     3.25   0.020  146   -547.6   -251.0
     2.88     2.47   0.021  147   -477.0   -237.0
     1.51     3.42   0.021  149   -321.9     78.1
     3.21     3.51   0.020  150    512.6    514.5
     5.50     8.66   0.021  151   -558.0  -1183.6
     2.64     3.65   0.020  152   -349.3    -34.5
     1.44     4.01   0.021  153   -224.4    -40.0
     1.15     3.37   0.020  154    -12.8   -189.4
     1.65     0.66   0.020  156   -168.6    -45.8
     1.28     0.52   0.021  157    -73.0    -68.5
     1.18     0.07   0.020  158    -60.6    -68.0
     1.08     0.25   0.020  159    -48.3    -40.3
     1.01     0.33   0.021  160    -36.6    -36.4
     1.00     0.38   0.020  161    -35.8    -34.4
     0.98     0.54   0.020  163    -16.7    -19.3
     0.99     0.51   0.021  164    -23.8    -19.6
     0.92     0.44   0.020  165     -1.6    -16.4
     0.88     0.14   0.021  166     10.5    -13.7
     0.92     0.08   0.020  167     -5.1    -11.1
     0.92     0.20   0.021  168     -5.8    -13.4
     1.05     0.48   0.021  170    -22.6    -24.9
     0.98     0.42   0.020  171    -20.4     -1.5
     1.00     0.45   0.021  172    -17.5     -1.2
     1.02     0.47   0.020  173     -7.5    -12.3
     0.99     0.45   0.021  174      4.2    -15.9
     1.02     0.53   0.020  175     -6.4     -7.1
     1.03     0.41   0.020  177    -22.6      2.5
     0.98     0.65   0.021  178     -1.4     21.4
     0.96     0.75   0.020  179     19.7     11.2
     1.04     1.26   0.021  180     40.4     10.3
     1.13     3.11   0.020  181    128.1     71.9
     2.86     7.30   0.021  182    211.2    132.1
     2.57     3.71   0.020  184    414.8    396.9
     2.77     2.14   0.021  185    548.6    325.3
     2.29     0.93   0.020  186    444.7    351.8
     1.88     1.53   0.021  187    324.4    340.2
     1.61     2.27   0.020  188    282.6    271.8
     1.40     3.04   0.021  189    220.4    230.4
     1.19     4.03   0.021  191     96.3    149.3
     1.13     4.51   0.020  192     37.1     94.8
     1.13     4.76   0.021  193    -12.7     41.1
     1.37     4.89   0.020  194    -86.6      7.8
     1.52     5.30   0.021  195   -138.9    -61.4
     1.32     5.46   0.020  196   -118.3   -114.1
     2.85     4.82   0.020  198   -283.7   -461.1
     2.95     5.63   0.021  199   -384.1   -579.9
     2.47     5.15   0.020  200   -430.8   -456.4
     2.66     4.14   0.021  201   -565.5   -253.9
     2.79     2.91   0.020  202   -526.4   -223.7
     2.75     2.03   0.021  203   -325.8   -387.3
     2.04     2.90   0.021  205   -321.4   -364.4
     2.59     3.45   0.020  206     50.7   -208.7
     4.64     9.95   0.021  207    771.9    552.3
     6.60     5.44   0.020  208  -1204.1   -349.2
     2.37     4.83   0.020  209   -421.5    -10.0
     2.54     3.70   0.021  210    363.2   -512.3
     1.79     2.06   0.021  212    -17.9   -333.3
     1.83     1.54   0.020  213   -155.3    -73.8
     1.27     0.97   0.021  214    -40.2   -105.1
     1.23     0.25   0.020  215    -57.7    -95.0
     1.17     0.09   0.021  216    -48.2    -78.7
     1.04     0.10   0.020  217    -38.2    -68.2
     0.98     0.20   0.020  219    -16.2    -47.3
     0.98     0.21   0.021  220    -12.5    -43.3
     0.97     0.27   0.020  221    -15.0    -38.9
     0.96     0.29   0.021  222     -8.6    -35.9
     0.96     0.30   0.020  223     -5.8    -32.5
     0.96     0.30   0.021  224     -7.8    -28.7
     0.95     0.36   0.021  226     -3.5    -20.5
     0.99     0.31   0.020  227      0.8    -28.6
     0.97     0.29   0.021  228      3.6    -21.7
     0.98     0.28   0.020  229      4.0    -20.3
     0.98     0.34   0.021  230      3.1    -14.8
     0.92     0.35   0.020  231      6.2     10.4
     0.99     0.82   0.020  233     34.6     -0.4
     1.07     1.01   0.020  234     73.2     48.6
     1.62     2.43   0.021  235    107.0     39.9
     2.42     5.65   0.020  236    185.0    353.9
     2.73    11.17   0.021  237    375.5    153.5
     2.80     4.61   0.020  238    359.8    431.1
     2.51     1.89   0.020  240    419.8    445.5
     2.02     1.49   0.021  241    325.2    390.6
     1.83     2.23   0.020  242    297.4    345.7
     1.63     2.88   0.021  243    277.1    271.8
     1.39     3.18   0.020  244    219.9    217.8
     1.31     3.93   0.021  245    158.6    178.4
     1.30     5.09   0.021  247      0.7     89.2
     1.31     5.33   0.020  248    -58.0     40.9
     1.50     5.43   0.021  249    -94.6    -30.6
     1.58     5.48   0.020  250   -108.1   -114.7
     1.58     5.54   0.021  251   -132.3   -151.8
     1.63     5.35   0.020  252   -133.0   -246.9
     3.16     4.44   0.020  254   -417.1   -624.8
     2.91     4.47   0.021  255   -563.4   -486.2
     2.72     3.78   0.020    0   -529.3   -246.8
     3.02     2.16   0.021    1   -437.6   -300.0
     2.74     1.36   0.020    2   -322.0   -358.1
     2.30     3.03   0.020    3   -361.5   -395.0
     3.38     5.78   0.020    5    461.8    720.1
     6.34     7.15   0.021    6   -903.0  -1124.5
     3.58     4.34   0.020    7   -661.4     24.7
     1.58     3.38   0.021    8    199.0   -284.8
     1.12     2.95   0.020    9     58.7   -183.6
     2.32     2.67   0.021   10     57.2   -321.9
     1.11     1.17   0.021   12      7.1    -98.9
     1.31     0.39   0.020   13    -79.6    -63.9
     1.13     0.20   0.021   14    -65.0    -34.0
     1.05     0.19   0.020   15    -44.0    -40.1
     1.01     0.21   0.021   16    -33.9    -31.2
     0.98     0.24   0.020   17    -23.4    -25.5
     0.98     0.17   0.020   19    -17.4    -22.4
     0.98     0.16   0.021   20    -16.3    -19.8
     0.95     0.15   0.020   21    -13.9    -14.6
     0.98     0.18   0.021   22    -20.0    -14.1
     0.97     0.16   0.020   23     -8.2    -14.8
     1.00     0.15   0.021   24    -19.6    -15.7
     0.95     0.19   0.021   26     -4.0     -9.1
     0.98     0.19   0.020   27      9.6    -17.3
     0.99     0.22   0.020   28     -8.0     -4.5
     1.00     0.20   0.021   29    -28.2      2.2
     1.01     0.25   0.020   30    -18.0     10.4
     0.99     0.39   0.021   31     -5.6     -4.0
     1.04     0.77   0.021   33     72.1     34.1
     1.51     2.18   0.020   34     97.3     85.5
     2.22     5.93   0.021   35    220.3    274.3
     2.06    11.42   0.020   36    241.6    292.6
     6.11    11.96   0.021   37    487.7    233.1
     2.45     4.16   0.020   38    426.3    449.3
     2.33     0.83   0.020   40    462.3    376.5
     2.03     0.87   0.021   41    340.1    394.5
     1.79     1.60   0.020   42    263.6    374.9
     1.56     2.91   0.021   43    196.4    336.2
     1.42     4.11   0.020   44    142.3    298.9
     1.30     4.94   0.021   45    110.2    227.4
     1.33     5.78   0.021   47     48.8     66.0
     1.38     5.89   0.020   48      2.4     16.4
     1.66     5.88   0.021   49    -38.2    -38.3
     1.91     5.96   0.020   50   -101.5   -112.1
     2.35     6.00   0.021   51   -144.3   -246.7
     2.84     6.31   0.020   52   -265.6   -443.4
     3.07     4.90   0.021   54   -580.6   -525.7
     3.15     3.48   0.020   55   -688.5   -336.4
     3.21     3.38   0.021   56   -589.0   -304.1
     3.10     1.21   0.020   57   -307.5   -529.3
     2.60     3.76   0.021   58   -396.4   -460.3
     1.27     3.75   0.020   59    -80.6   -257.9
     5.72     4.21   0.020   61   -965.7   -151.1
     2.98     4.70   0.021   62   -441.1    125.3
     2.31     2.83   0.020   63    294.8   -422.6
     3.21     2.28   0.021   64   -298.4   -112.8
     1.15     0.81   0.020   65     -6.6    -57.1
     1.24     1.10   0.021   66    -49.5     15.3
     1.23     0.09   0.021   68    -43.6     23.4
     1.13     0.31   0.020   69    -35.8     10.9
     1.05     0.33   0.021   70    -19.8     -1.8
     1.02     0.49   0.020   71    -24.3      6.8
     0.96     0.52   0.021   72      9.7     -5.8
     0.93     0.31   0.020   73     19.8     -7.6
     0.94     0.10   0.020   75      0.9      0.4
     0.94     0.25   0.021   76      2.6     -3.2
     0.99     0.40   0.020   77     -4.0      5.5
     0.98     0.40   0.020   78     -5.1      0.4
     0.98     0.37   0.021   79    -16.9      4.7
     1.00     0.28   0.020   80    -15.3      2.9
     0.97     0.13   0.020   82     11.8     -4.7
     1.00     0.24   0.021   83      1.8      4.7
     0.97     0.25   0.020   84     -4.7      7.6
     0.96     0.30   0.021   85     14.6      9.7
     0.98     0.41   0.020   86      0.6      7.1
     0.99     0.53   0.021   87     12.8      8.2
     1.13     2.18   0.021   89     86.5     78.2
     1.56     5.12   0.020   90    137.3     93.3
     2.70     7.18   0.021   91    248.3    446.2
     5.55    10.44   0.020   92    300.5    -26.7
     2.22     3.85   0.021   93    437.2    238.7
     2.54     2.71   0.020   94    488.1    252.2
     1.80     1.39   0.020   96    276.1    369.3
     1.73     1.70   0.021   97    274.4    346.8
     1.46     2.96   0.020   98    251.2    274.6
     1.26     3.65   0.021   99    219.1    224.0
     1.14     4.10   0.020  100    207.4    151.1
     1.10     4.57   0.021  101    166.6     87.7
     1.06     4.99   0.020  103     17.6     38.0
     1.65     5.06   0.021  104    -70.3    -22.3
     1.99     5.66   0.020  105   -152.6   -129.7
     1.52     5.55   0.021  106   -140.2   -142.3
     1.24     5.07   0.020  107   -109.9   -181.8
     2.28     4.05   0.021  108   -299.0   -352.2
     3.00     4.74   0.021  110   -594.6   -480.2
     2.87     2.84   0.020  111   -545.8   -208.0
     3.16     1.21   0.021  112   -532.3   -265.3
     2.83     0.64   0.020  113   -311.6   -304.2
     1.73     5.47   0.021  114   -182.4    -87.6
     1.39     6.43   0.020  115    -54.8    -48.0
     4.81     4.40   0.020  117   -802.5    -95.3
     2.31     3.56   0.021  118   -277.1   -207.3
     1.14     3.14   0.020  119    150.3   -208.8
     1.90     2.12   0.021  120   -201.5     17.6
     1.26     0.64   0.020  121    -97.3    -50.0
     1.11     0.33   0.021  122    -87.4    -34.6
     1.00     0.29   0.021  124    -50.5    -19.3
     0.99     0.24   0.020  125    -55.9     -7.1
     0.97     0.34   0.021  126    -48.2    -14.5
     0.98     0.37   0.020  127    -33.3    -14.7
     0.97     0.31   0.020  128    -25.9    -11.5
     0.97     0.25   0.021  129    -27.8    -12.4
     0.97     0.14   0.021  131    -23.8     -7.3
     0.99     0.12   0.020  132    -28.4     -2.0
     0.99     0.20   0.021  133    -33.2     -1.5
     0.98     0.34   0.020  134    -25.0     -2.5
     0.96     0.36   0.021  135     -5.8     -5.3
     0.94     0.25   0.020  136      4.7     -3.7
     1.00     0.28   0.020  138    -11.1     -6.3
     0.97     0.24   0.021  139    -17.2      3.6
     0.96     0.25   0.020  140     -6.7     22.5
     0.97     0.56   0.021  141     -8.3     12.7
     1.01     0.79   0.020  142     31.0     13.7
     1.08     1.85   0.021  143    132.0     62.7
     2.84     6.56   0.021  145    191.1    253.7
     2.63    12.58   0.020  146    400.4    232.7
     3.45     4.26   0.021  147    485.9    243.9
     2.22     2.75   0.020  148    413.3    333.3
     2.65     1.24   0.021  149    548.1    308.8
     1.96     1.73   0.020  150    372.0    332.3
     1.32     3.09   0.020  152    242.9    227.1
     1.06     3.68   0.020  153    188.7    176.0
     0.89     3.88   0.021  154    129.9    134.6
     1.24     4.27   0.020  155     67.3    101.5
     1.61     4.74   0.021  156    -22.2     12.2
     1.46     5.39   0.020  157    -88.8    -21.7
     1.36     5.22   0.020  159   -169.6   -107.8
     1.59     4.74   0.021  160   -168.5   -154.0
     2.78     5.14   0.020  161   -331.4   -357.2
     3.18     5.98   0.021  162   -460.8   -528.7
     2.63     5.62   0.020  163   -441.0   -505.8
     2.50     3.82   0.021  164   -481.5   -317.5
     3.01     0.78   0.021  166   -378.5   -298.4
     2.80     1.58   0.020  167   -200.6   -419.8
     2.47     2.90   0.021  168   -249.6   -103.8
     4.64     5.58   0.020  169    907.7    610.9
     5.81     7.74   0.021  170  -1046.8   -677.5
     2.78     3.89   0.020  171   -579.6    103.5
     1.37     3.50   0.020  173     28.1   -249.8
     1.62     2.85   0.021  174   -228.2   -170.4
     1.54     1.16   0.020  175   -135.6   -129.0
     1.35     0.34   0.021  176   -103.9   -108.5
     1.06     0.26   0.020  177    -55.4    -67.7
     1.07     0.21   0.020  178    -67.5    -61.9
     1.03     0.35   0.020  180    -44.3    -52.5
     1.00     0.34   0.021  181    -40.5    -41.3
     0.97     0.32   0.020  182    -28.1    -35.1
     0.98     0.30   0.021  183    -21.5    -35.0
     0.98     0.21   0.020  184    -24.3    -32.0
     0.99     0.16   0.021  185    -19.6    -24.9
     0.98     0.15   0.021  187    -22.7    -23.4
     0.98     0.18   0.020  188    -20.7    -20.2
     0.98     0.19   0.021  189    -19.1    -17.1
     0.96     0.20   0.020  190    -11.6    -13.7
     0.95     0.13   0.021  191     -5.0     -9.1
     0.97     0.16   0.020  192     -3.6     -7.2
     0.96     0.33   0.020  194     -1.1      5.8
     0.97     0.50   0.021  195    -10.1      0.3
     1.00     0.65   0.020  196      2.7     -6.4
     1.05     1.25   0.021  197     66.1     35.0
     1.36     4.14   0.020  198    188.7    174.1
     2.38     7.16   0.021  199    122.5    145.3
     4.08     4.70   0.021  201    425.2    302.8
     2.38     3.26   0.020  202    393.7    427.9
     2.37     1.47   0.020  203    481.9    341.0
     2.17     0.83   0.021  204    391.1    383.8
     1.84     1.30   0.020  205    303.3    355.9
     1.64     2.44   0.021  206    239.9    326.6
     1.28     4.45   0.021  208    114.4    222.4
     1.21     5.09   0.020  209     72.8    136.8
     1.21     5.33   0.021  210     14.3     67.4
     1.29     5.65   0.020  211    -50.4     20.5
     1.32     5.72   0.021  212    -87.5    -37.1
     1.69     5.79   0.020  213   -114.9   -126.7
     2.19     5.81   0.020  215   -155.3   -348.6
     2.79     5.69   0.021  216   -377.1   -569.6
     2.54     4.95   0.020  217   -492.3   -402.0
     2.83     3.23   0.021  218   -614.0   -232.0
     3.00     3.00   0.020  219   -514.9   -396.3
     2.62     0.87   0.021  220   -260.0   -411.0
     1.59     3.72   0.021  222    -99.2   -300.3
     2.88     6.09   0.020  223    434.5    521.9
     5.62     6.73   0.021  224   -968.0   -462.3
     2.26     4.33   0.020  225   -303.7   -128.1
     1.78     3.95   0.021  226    236.0   -307.7
     2.27     2.76   0.020  227    -75.7   -266.2
     1.17     1.12   0.021  229    -61.8    -67.1
     1.44     0.85   0.020  230    -64.9     -6.5
     1.20     0.35   0.021  231    -51.8    -52.8
     1.14     0.27   0.020  232    -38.8    -41.4
     1.06     0.27   0.021  233    -25.3    -35.6
     1.03     0.32   0.020  234    -23.3    -27.6
     0.96     0.14   0.020  236     11.3    -26.1
     0.99     0.08   0.021  237     -4.4    -21.8
     0.97     0.04   0.020  238     -0.9    -17.9
     0.98     0.07   0.021  239    -10.7    -16.0
     0.97     0.05   0.020  240     -7.9    -14.3
     0.95     0.10   0.021  241      1.0     -8.4
     0.99     0.07   0.021  243    -11.6    -10.1
     0.97     0.06   0.020  244      1.7     -7.0
     0.96     0.16   0.021  245      7.5     -6.1
     0.95     0.34   0.020  246      4.8      0.5
     0.97     0.31   0.021  247    -14.7      2.6
     0.98     0.36   0.020  248     -9.2     10.1
     1.00     0.64   0.020  250      5.5      7.6
     1.06     1.27   0.021  251     76.1     38.0
     1.31     4.12   0.020  252    162.7    130.3
     1.70     5.88   0.020  253    143.3    141.7
     2.95    10.34   0.021  254    411.0    442.2
     4.76     5.16   0.020  255    471.3     83.9
     2.51     0.90   0.020    1    538.0    268.8
     2.04     0.84   0.021    2    375.4    351.2
     1.70     1.42   0.020    3    269.7    334.7
     1.41     2.54   0.021    4    197.8    289.4
     1.17     3.35   0.020    5    136.1    238.8
     1.02     3.80   0.021    6    115.4    162.3
     1.25     4.34   0.021    8     28.1     19.0
     1.23     4.91   0.020    9    -40.0      1.6
     1.33     5.07   0.021   10    -83.5    -45.2
     1.51     5.07   0.020   11   -123.9    -80.3
     1.82     4.99   0.021   12   -136.8   -160.7
     2.57     4.97   0.020   13   -194.8   -374.8
     2.94     5.55   0.020   15   -416.7   -623.0
     2.76     4.49   0.021   16   -556.8   -338.1
     3.20     3.46   0.020   17   -584.4   -192.8
     3.07     2.10   0.021   18   -331.5   -327.3
     2.60     0.72   0.020   19   -281.0   -405.9
     0.99     4.46   0.021   20    -59.7   -189.4
     5.00     8.38   0.020   22   -871.6   -772.9
     3.13     4.38   0.021   23   -559.7    -11.7
     1.76     4.00   0.020   24    135.4   -305.8
     0.80     2.99   0.021   25     27.0   -106.0
     1.69     2.78   0.020   26   -175.8   -196.0
     1.37     1.17   0.021   27   -115.1    -52.5
     1.13     0.12   0.021   29    -43.5    -47.9
     1.05     0.16   0.020   30    -44.0    -43.1
     1.02     0.07   0.021   31    -44.7    -33.2
     1.02     0.09   0.020   32    -40.4    -33.3
     0.99     0.20   0.021   33    -32.8    -26.5
     0.99     0.26   0.020   34    -25.9    -24.0
     0.96     0.20   0.020   36    -13.7    -16.8
     0.97     0.16   0.021   37    -16.2    -17.0
     0.96     0.13   0.020   38    -13.4    -15.1
     0.95     0.15   0.021   39    -21.0     -8.4
     0.98     0.31   0.020   40    -30.3     -8.7
     0.98     0.38   0.021   41    -12.7    -11.7
     0.95     0.19   0.021   43     10.9    -10.1
     0.97     0.30   0.020   44      7.5     -8.2
     1.00     0.29   0.021   45    -10.4     -3.6
     0.96     0.33   0.020   46    -13.0      7.9
     0.95     0.58   0.020   47     -6.4     16.4
     0.99     0.76   0.021   48     -4.2     10.9
     1.09     3.26   0.021   50    113.3     72.0
     1.72     5.19   0.020   51    187.5     96.9
     3.02    11.44   0.021   52    359.7    199.0
     5.73     5.23   0.020   53    202.1    146.7
     2.19     3.06   0.021   54    326.5    386.2
     2.37     1.62   0.020   55    444.5    316.2
     1.46     1.43   0.020   57    269.1    250.4
     1.27     2.20   0.021   58    216.2    222.8
     1.14     3.08   0.020   59    154.5    194.4
     1.10     3.87   0.021   60     99.7    151.6
     1.08     4.52   0.020   61     49.1     87.5
     1.06     4.77   0.021   62      5.7     28.5
     1.25     5.08   0.021   64    -65.5    -68.6
     1.46     5.04   0.020   65   -107.0   -124.4
     1.81     5.13   0.021   66   -166.6   -175.3
     2.28     5.24   0.020   67   -232.3   -288.5
     2.38     5.46   0.021   68   -290.2   -395.8
     2.38     5.36   0.020   69   -357.2   -450.6
     2.58     3.28   0.020   71   -495.5   -264.1
     3.01     2.65   0.020   72   -478.9   -269.4
     2.66     1.80   0.021   73   -205.6   -347.8
     2.22     2.30   0.020   74   -259.0   -376.9
     0.86     3.18   0.021   75    -86.2   -202.2
     1.95     5.31   0.020   76   -124.8    294.8
     4.31     5.26   0.020   78   -841.9    -83.2
     2.10     4.84   0.021   79    -24.5   -343.8
     2.54     3.06   0.020   80    191.5   -451.2
     1.72     2.27   0.021   81   -267.8    -41.9
     1.39     2.02   0.020   82    -88.5   -126.9
     1.37     0.20   0.021   83   -117.4    -81.1
     1.04     0.04   0.021   85    -52.4    -37.0
     1.00     0.18   0.020   86    -41.7    -28.3
     0.98     0.20   0.021   87    -28.8    -36.6
     1.00     0.25   0.020   88    -38.2    -33.7
     0.98     0.31   0.021   89    -14.8    -31.3
     0.96     0.17   0.020   90     -1.7    -34.4
     1.00     0.12   0.020   92    -17.6    -21.5
     0.98     0.10   0.021   93    -18.5    -20.1
     0.98     0.08   0.020   94    -11.2    -18.1
     0.99     0.09   0.021   95    -17.1    -11.3
     0.98     0.16   0.020   96    -18.1    -13.0
     0.98     0.16   0.020   97     -8.6    -14.9
     0.96     0.16   0.020   99      1.1     -5.5
     0.95     0.22   0.021  100     -3.6      2.2
     0.94     0.35   0.020  101      6.1     10.2
     0.98     0.53   0.021  102     -1.9      7.0
     1.03     0.55   0.020  103    -20.5     -8.6
     1.08     0.92   0.021  104     85.0     58.6
     3.25     5.09   0.021  106     38.1    286.6
     1.77    11.69   0.020  107    182.5    165.2
     4.21     8.34   0.021  108    539.9    304.6
     2.15     2.36   0.020  109    353.2    392.2
     2.60     1.47   0.021  110    515.9    367.2
     1.98     0.83   0.020  111    320.0    389.1
     1.39     2.37   0.020  113    185.3    297.9
     1.25     4.12   0.020  115    123.8    196.3
     1.20     4.49   0.021  116     72.4    126.6
     1.16     5.12   0.020  117     22.9     64.2
     1.15     5.47   0.021  118    -32.6     20.5
     1.60     5.47   0.021  120    -82.6   -102.2
     1.71     5.47   0.020  121    -72.4   -208.4
     1.81     5.48   0.020  122    -84.2   -268.6
     2.59     5.12   0.021  123   -205.4   -464.8
     3.28     5.43   0.020  124   -389.4   -663.6
     2.88     5.25   0.021  125   -480.5   -557.0
     3.34     3.18   0.021  127   -513.6   -314.6
     3.11     0.12   0.020  128   -282.2   -308.0
     1.61     4.87   0.021  129   -287.7     39.0
     2.24     5.53   0.020  130    321.0    338.7
     5.06     8.70   0.021  131   -289.6  -1222.5
     3.84     3.86   0.020  132   -571.1   -194.9
     2.43     2.68   0.020  134    298.1   -463.5
     2.08     1.20   0.021  135   -317.6    -73.6
     1.15     0.29   0.020  136    -36.7   -130.1
     1.27     0.17   0.021  137    -52.9    -92.1
     1.20     0.29   0.020  138    -57.7    -61.3
     1.05     0.25   0.021  139    -27.2    -59.8
     1.03     0.23   0.021  141    -30.4    -52.9
     0.99     0.22   0.020  142    -18.1    -48.0
     0.98     0.23   0.021  143    -15.7    -41.3
     0.97     0.15   0.020  144     -1.6    -33.7
     0.95     0.05   0.021  145     -0.2    -30.3
     0.97     0.17   0.020  146     -5.9    -28.8
     0.98     0.18   0.021  148    -15.6    -22.3
     0.95     0.24   0.020  149    -10.0    -17.5
     0.97     0.21   0.021  150    -13.1    -16.1
     0.98     0.09   0.020  151    -19.1    -10.5
     0.96     0.13   0.021  152     -9.5    -11.1
     0.94     0.16   0.020  153      4.2     -2.5
     0.99     0.37   0.020  155     -9.6     -8.6
     0.97     0.32   0.021  156      5.9      3.3
     0.99     0.43   0.020  157    -17.6      0.3
     1.00     0.51   0.021  158     15.5     20.4
     1.10     0.76   0.020  159    106.5     87.8
     1.64     2.61   0.021  160    166.7    153.7
     2.59    10.06   0.021  162    355.2    341.3
     2.91     4.76   0.020  163    464.0    251.5
     2.25     3.37   0.021  164    368.4    338.9
     2.20     2.33   0.020  165    419.0    330.1
     1.92     1.07   0.021  166    290.0    387.9
     1.79     0.94   0.020  167    253.9    368.8
     1.43     3.32   0.020  169    170.8    276.6
     1.22     3.80   0.021  170    136.4    198.4
     1.14     4.52   0.020  171     99.7    121.0
     1.11     4.98   0.020  172     54.1     54.6
     1.09     5.26   0.021  173     -7.7      7.9
     1.12     5.31   0.020  174    -48.9    -25.7
     1.85     5.42   0.020  176   -104.8   -187.9
     1.80     5.65   0.021  177   -124.9   -230.4
     2.10     5.38   0.020  178   -188.7   -344.3
     2.71     4.98   0.021  179   -310.8   -522.5
     2.98     4.56   0.020  180   -479.5   -581.9
     2.63     4.03   0.021  181   -550.5   -273.0
     2.85     0.80   0.021  183   -253.7   -384.2
     2.25     3.50   0.020  184   -215.4   -394.5
     1.57     3.88   0.021  185   -104.2   -303.4
     3.49     7.37   0.020  186    496.9    732.5
     5.34     6.27   0.021  187   -865.4   -767.3
     2.85     4.43   0.020  188   -512.8     21.3
     3.32     2.67   0.020  190     -7.2   -529.3
     1.89     0.85   0.021  191   -228.1    -32.4
     1.31     0.45   0.020  192    -60.6   -114.6
     1.22     0.11   0.021  193    -70.9    -89.8
     1.13     0.16   0.020  194    -48.4    -59.0
     1.04     0.21   0.021  195    -39.5    -49.8
     0.99     0.35   0.020  197    -38.2    -38.6
     0.99     0.44   0.021  198    -21.4    -37.9
     0.94     0.28   0.020  199     -7.2    -22.9
     0.95     0.16   0.021  200     -5.7    -23.1
     0.96     0.14   0.020  201     -6.8    -25.7
     0.95     0.14   0.021  202    -10.2    -18.5
     0.99     0.28   0.021  204    -27.7    -11.7
     1.02     0.34   0.020  205    -15.2    -19.9
     1.00     0.34   0.021  206     -7.6    -19.4
     0.97     0.28   0.020  207      1.1    -15.1
     0.98     0.23   0.021  208      9.1    -13.9
     0.98     0.28   0.020  209    -11.2     -7.0
     1.00     0.32   0.020  211    -11.4      3.8
     1.00     0.52   0.021  212      1.8     16.9
     1.04     0.68   0.020  213     62.9     30.6
     1.09     1.71   0.021  214    119.0     73.6
     1.61     4.42   0.020  215     67.0    115.5
     2.58     9.19   0.021  216    317.9    244.6
     2.64     5.80   0.021  218    394.5    421.2
     2.10     2.97   0.020  219    335.2    394.2
     2.26     1.76   0.021  220    418.6    388.0
     2.01     1.52   0.020  221    336.8    385.4
     1.82     2.13   0.020  222    290.1    354.5
     1.53     3.27   0.021  223    244.5    283.6
     1.20     4.48   0.021  225    129.2    175.0
     1.21     5.01   0.020  226     81.0    110.0
     1.15     5.18   0.021  227     13.3     67.8
     1.30     5.19   0.020  228    -64.2     27.2
     1.65     5.22   0.021  229   -103.1    -56.6
     1.91     5.57   0.020  230   -127.3   -160.8
     2.55     5.65   0.020  232   -247.1   -375.3
     3.10     5.99   0.021  233   -380.8   -588.2
     2.78     4.80   0.020  234   -452.2   -548.0
     2.87     3.78   0.021  235   -605.0   -284.0
     3.11     3.55   0.020  236   -534.9   -286.2
     3.00     0.50   0.021  237   -286.6   -429.4
     1.61     3.09   0.021  239   -154.1   -382.5
     1.94     4.80   0.020  240   -158.9     26.4
     1.95     7.80   0.021  241     62.6   -348.9
     4.08     4.22   0.020  242   -783.1     21.2
     2.12     4.65   0.021  243   -312.7    -83.3
     2.18     2.98   0.020  244    298.1   -426.5
     1.31     1.61   0.020  246    -47.8   -109.2
     1.14     0.47   0.020  247    -60.8    -74.5
     1.11     0.16   0.021  248    -51.9    -43.8
     1.03     0.16   0.020  249    -38.3    -47.1
     0.97     0.18   0.021  250    -20.6    -39.0
     1.01     0.16   0.020  251    -25.7    -38.0
     0.98     0.17   0.020  253     -6.6    -27.3
     1.00     0.13   0.021  254    -12.7    -28.8
     1.00     0.13   0.020  255    -12.3    -24.2
     0.98     0.15   0.021    0    -18.1    -15.9
     1.00     0.23   0.020    1    -12.3    -23.9
     0.98     0.25   0.021    2     -9.3    -17.6
     0.97     0.25   0.021    4     -1.4    -10.6
     0.97     0.19   0.020    5     -3.7    -12.6
     0.97     0.16   0.021    6      3.1     -8.7
     0.96     0.15   0.020    7     -3.8     -3.0
     0.97     0.28   0.021    8     -6.7      9.1
     0.99     0.48   0.020    9    -20.0      1.4
     1.07     0.87   0.020   11    118.9     70.8
     1.29     3.09   0.021   12    161.4    131.5
     2.50     7.35   0.020   13    119.8    217.5
     2.46    11.88   0.021   14    284.6    388.5
     5.18     5.01   0.020   15    444.8    164.3
     2.45     3.14   0.020   16    429.1    413.2
     1.99     1.20   0.020   18    399.5    311.4
     1.66     1.40   0.021   19    280.7    317.4
     1.63     2.47   0.020   20    264.1    309.6
     1.37     3.71   0.021   21    196.1    260.4
     1.20     4.15   0.020   22    126.5    213.3
     1.17     4.86   0.021   23     74.4    135.7
     1.22     5.39   0.021   25    -25.4     18.9
     1.45     5.47   0.020   26    -68.7    -50.8
     1.57     5.50   0.021   27   -100.5   -129.6
     1.70     5.36   0.020   28   -142.4   -177.3
     1.99     5.04   0.021   29   -165.1   -248.7
     3.16     5.58   0.020   30   -298.5   -555.7
     2.35     5.02   0.020   32   -385.9   -449.3
     2.65     3.32   0.021   33   -515.8   -276.7
     3.07     2.62   0.020   34   -476.2   -300.1
     3.12     0.72   0.021   35   -226.3   -436.6
     2.66     4.76   0.020   36   -254.3   -451.8
     1.61     6.04   0.021   37   -218.2   -342.4
     2.35     3.91   0.021   39   -352.4   -182.3
     1.73     4.38   0.020   40    185.9   -324.4
     3.34     3.11   0.020   41   -330.5   -373.4
     1.66     1.08   0.021   42   -155.1    -77.6
     1.35     0.70   0.020   43    -76.1    -74.5
     1.35     0.33   0.021   44    -89.8   -115.2
     1.06     0.38   0.021   46    -40.8    -67.8
     1.02     0.44   0.020   47    -25.3    -55.7
     0.98     0.43   0.021   48    -11.6    -47.3
     0.97     0.34   0.020   49    -10.7    -40.8
     0.99     0.22   0.021   50    -14.5    -41.7
     0.97     0.18   0.020   51    -14.1    -34.6
     0.95     0.04   0.020   53     -5.3    -31.4
     0.95     0.05   0.021   54     -5.1    -23.6
     0.98     0.18   0.020   55    -19.3    -20.9
     0.98     0.13   0.021   56    -17.1    -19.5
     0.98     0.08   0.020   57    -12.8    -17.9
     0.98     0.06   0.021   58     -9.9    -13.7
     0.94     0.14   0.021   60      0.7     -4.9
     0.96     0.34   0.020   61      0.8     -0.5
     0.97     0.42   0.021   62    -10.6      0.4
     0.98     0.43   0.020   63    -14.0     -1.1
     0.99     0.50   0.021   64    -14.8      2.3
     1.00     0.58   0.020   65     14.1     11.1
     1.26     3.29   0.021   67    167.4    113.0
     2.47     8.20   0.020   68     89.8    309.8
     2.69    11.89   0.021   69    298.9    437.1
     5.56     7.43   0.020   70    449.4    364.5
     2.61     2.45   0.021   71    446.4    478.3
     2.68     1.30   0.020   72    482.4    440.5
     1.73     2.25   0.020   74    262.1    356.8
     1.47     3.09   0.021   75    224.7    298.0
     1.22     3.45   0.020   76    188.2    233.3
     1.11     3.95   0.021   77    127.2    196.5
     1.30     4.42   0.020   78     79.8    138.3
     1.36     5.02   0.021   79     31.5     59.8
     1.54     5.54   0.021   81   -102.8    -58.5
     1.61     5.72   0.020   82   -127.0   -128.3
     1.60     5.55   0.021   83   -130.4   -175.6
     1.99     5.26   0.020   84   -178.5   -267.2
     3.57     5.47   0.021   85   -488.1   -697.1
     2.99     5.40   0.020   86   -546.1   -514.6
     3.21     3.85   0.020   88   -421.5   -353.8
     2.97     0.77   0.021   89   -232.7   -445.6
     2.37     3.16   0.020   90   -356.1   -381.6
     2.20     3.08   0.020   91   -197.5   -251.2
     3.41     5.52   0.021   92    604.1    333.8
     5.28     7.56   0.020   93   -994.7   -366.5
     1.91     3.56   0.020   95    182.6   -366.8
     2.46     2.46   0.021   96   -179.5   -282.0
     1.20     2.22   0.020   97   -116.1   -106.7
     1.03     1.43   0.021   98    -64.5    -78.7
     1.19     1.11   0.020   99    -79.3    -37.7
     1.15     0.33   0.021  100    -77.4    -44.8
     1.04     0.33   0.021  102    -18.6    -47.0
     1.00     0.26   0.020  103    -22.4    -30.6
     0.97     0.26   0.021  104     -6.1    -28.6
     0.96     0.15   0.020  105     -8.3    -27.1
     0.96     0.12   0.021  106    -12.5    -21.9
     0.97     0.12   0.020  107     -9.2    -21.0
     0.96     0.13   0.020  109    -12.1    -14.6
     0.97     0.15   0.021  110    -15.6    -11.5
     0.99     0.17   0.020  111    -16.4    -13.2
     0.98     0.20   0.021  112     -9.1    -11.0
     0.97     0.20   0.020  113     -3.6     -9.5
     0.96     0.19   0.021  114      3.1     -9.2
     0.98     0.28   0.020  116    -14.9      4.3
     0.93     0.40   0.021  117     15.8     16.7
     1.00     0.53   0.020  118     -5.7      4.6
     1.00     0.64   0.021  119     31.7     14.1
     1.08     1.56   0.020  120     95.7     40.6
     1.44     4.33   0.021  121    165.1    125.0
     2.66     8.13   0.021  123    440.1    263.4
     3.20     4.03   0.020  124    401.4    410.4
     2.24     2.35   0.021  125    413.3    327.8
     2.12     1.46   0.020  126    402.7    337.1
     1.83     1.32   0.021  127    327.4    328.6
     1.56     1.93   0.020  128    287.0    272.4
     1.23     3.10   0.020  130    187.5    207.3
     1.16     3.86   0.021  131    136.5    163.5
     1.22     4.43   0.020  132     77.6    115.8
     1.34     4.77   0.021  133    -43.6     58.0
     1.52     4.95   0.020  134    -87.1    -17.7
     1.57     5.09   0.021  135   -104.4    -91.7
     1.52     5.24   0.021  137   -142.3   -152.0
     2.28     4.84   0.020  138   -232.1   -334.9
     3.08     5.04   0.021  139   -391.1   -567.4
     2.55     5.27   0.020  140   -407.1   -509.1
     2.54     4.36   0.020  141   -482.7   -278.1
     2.90     3.07   0.021  142   -484.1   -283.4
     2.60     2.09   0.021  144   -359.1   -319.0
     1.81     4.20   0.020  145   -178.5   -357.8
     0.82     6.69   0.021  146     50.6   -182.7
     3.50     6.88   0.020  147   -610.5   -319.9
     2.36     5.58   0.021  148   -303.4   -265.8
     2.00     3.21   0.020  149    140.5   -335.9
     1.51     1.27   0.020  151   -120.2   -134.0
     1.36     0.53   0.021  152   -110.6    -90.8
     1.19     0.15   0.020  153    -65.4    -71.0
     1.11     0.20   0.021  154    -55.3    -60.6
     1.03     0.25   0.020  155    -42.4    -49.7
     1.00     0.28   0.021  156    -47.9    -39.5
     0.95     0.35   0.021  158    -15.8    -36.0
     0.94     0.25   0.020  159    -13.2    -28.2
     0.93     0.08   0.021  160      7.0    -26.2
     0.94     0.27   0.020  161     -5.3    -27.5
     0.98     0.36   0.021  162    -15.1    -25.0
     0.98     0.36   0.020  163    -25.1    -21.1
     1.01     0.19   0.020  165    -23.9    -22.0
     0.98     0.16   0.020  166     -8.5    -18.4
     0.97     0.13   0.021  167     -1.7    -15.6
     0.96     0.11   0.020  168      0.3    -13.4
     0.95     0.26   0.021  169      4.6     -7.4
     0.98     0.33   0.020  170    -12.1     -4.3
     0.96     0.63   0.020  172     -5.3     -7.6
     0.98     0.69   0.021  173      4.6      8.9
     1.06     1.40   0.020  174     62.6     34.8
     1.29     3.13   0.021  175     83.6     63.6
     2.43     9.17   0.020  176    175.0    325.8
     2.58    14.09   0.021  177    465.7    243.4
     2.60     1.82   0.021  179    367.5    522.8
     2.23     1.74   0.020  180    451.0    347.7
     2.06     1.11   0.021  181    432.6    293.7
     1.64     2.23   0.020  182    298.8    281.7
     1.35     2.83   0.021  183    175.0    279.7
     1.31     3.73   0.020  184    112.8    262.3
     1.18     5.16   0.020  186     46.4    122.1
     1.16     5.52   0.021  187     13.6     44.7
     1.09     5.60   0.020  188      0.3    -41.2
     1.33     5.52   0.021  189      9.3    -94.8
     1.74     5.42   0.020  190    -40.1   -140.3
     2.03     5.54   0.020  191   -126.6   -148.3
     2.59     6.01   0.020  193   -337.2   -452.0
     2.65     5.60   0.021  194   -460.9   -492.5
     2.80     4.06   0.020  195   -581.6   -361.7
     3.12     2.81   0.021  196   -627.5   -260.5
     3.04     1.76   0.020  197   -417.6   -402.9
     2.69     2.48   0.021  198   -358.5   -423.1
     1.76     7.40   0.021  200     56.4   -221.4
     3.72     5.33   0.020  201   -578.4   -323.2
     2.25     4.45   0.021  202   -296.8    -45.2
     1.44     3.19   0.020  203    160.7   -268.4
     2.99     2.60   0.021  204   -220.9   -202.7
     1.49     1.21   0.020  205    -90.8    -79.0
     1.26     0.18   0.020  207    -37.5    -61.3
     1.08     0.11   0.021  208    -16.0    -48.8
     1.04     0.09   0.020  209    -16.9    -45.9
     1.02     0.03   0.021  210    -19.8    -31.5
     1.00     0.13   0.020  211    -16.2    -30.9
     0.98     0.19   0.021  212    -12.0    -25.2
     0.97     0.15   0.021  214      0.9    -20.6
     0.98     0.13   0.020  215     -4.1    -19.2
     0.97     0.14   0.020  216     -6.9    -17.7
     0.95     0.11   0.021  217     -1.5    -11.0
     0.95     0.17   0.020  218     -6.9     -9.4
     0.96     0.20   0.021  219     -7.4    -11.4
     0.98     0.16   0.021  221      1.7    -11.2
     0.99     0.12   0.020  222      4.1    -11.9
     0.97     0.16   0.021  223      9.7     -7.0
     0.95     0.35   0.020  224     10.0     -2.7
     0.93     0.54   0.021  225     -8.8     17.0
     0.96     0.56   0.020  226    -11.6      3.2
     1.18     1.01   0.020  228    128.1     47.2
     2.23     3.53   0.021  229    171.3    146.7
     2.92     9.96   0.020  230    470.0    317.1
     6.14    13.27   0.021  231    237.5    299.8
     2.42     5.75   0.020  232    349.8    490.2
     2.44     2.54   0.021  233    504.4    348.0
     1.74     1.51   0.021  235    352.5    270.7
     1.46     2.73   0.020  236    249.3    278.8
     1.26     3.26   0.021  237    167.9    260.5
     1.12     4.10   0.020  238    107.8    215.0
     1.26     4.54   0.021  239     72.6    150.7
     1.30     4.96   0.020  240     45.4     63.3
     1.39     5.19   0.021  242    -64.7    -34.7
     1.45     5.13   0.020  243    -70.3    -88.3
     2.20     4.87   0.021  244   -157.7   -131.6
     2.62     5.47   0.020  245   -246.7   -248.8
     2.31     5.96   0.021  246   -270.5   -347.6
     2.16     5.36   0.020  247   -299.7   -417.4
     2.26     3.40   0.020  249   -443.2   -270.4
     2.89     2.51   0.021  250   -569.9   -332.0
     2.83     0.89   0.020  251   -404.5   -396.6
     2.39     2.34   0.021  252   -321.5   -324.1
     0.22     3.21   0.020  253     -6.9     46.8
     3.42     5.48   0.021  254    430.8    751.7
     3.84     5.04   0.021    0   -605.3    -20.2
     2.05     3.18   0.020    1    131.1   -399.4
     2.60     2.66   0.021    2   -104.6   -324.8
     1.52     1.29   0.020    3   -115.9   -112.2
     1.53     1.16   0.021    4   -113.6    -42.4
     1.27     0.56   0.020    5    -42.7    -80.8
     1.07     0.11   0.020    7    -40.6    -45.9
     1.03     0.21   0.021    8    -30.5    -39.7
     1.01     0.37   0.020    9    -25.0    -42.6
     0.98     0.39   0.020   10    -17.3    -36.4
     0.96     0.30   0.021   11     -5.1    -27.3
     0.94     0.07   0.020   12     10.6    -31.5
     0.97     0.08   0.020   14     -6.1    -26.8
     0.97     0.14   0.021   15    -10.8    -22.0
     0.98     0.07   0.020   16    -24.2    -16.7
     0.99     0.05   0.021   17     -5.1    -20.2
     0.97     0.07   0.020   18    -12.8    -11.6
     0.95     0.09   0.021   19      7.5     -9.1
     0.92     0.37   0.021   21     15.3     -6.0
     1.01     0.58   0.020   22    -16.7     -2.7
     0.96     0.50   0.021   23     -4.0      2.7
     0.98     0.57   0.020   24    -13.7     -3.4
     1.01     0.69   0.021   25     -7.0      2.6
     0.98     0.92   0.020   26     28.1     13.9
     1.24     2.49   0.020   28    151.9     72.4
     2.05     4.20   0.021   29    221.1    199.6
     1.87    10.18   0.020   30    220.4    234.7
     5.82    10.78   0.021   31    221.3     65.4
     2.11     2.94   0.020   32    318.5    368.6
     2.34     2.81   0.021   33    392.7    379.0
     2.08     1.73   0.020   35    437.0    305.0
     2.07     1.71   0.021   36    411.3    331.8
     1.76     2.82   0.020   37    325.8    303.9
     1.55     3.88   0.021   38    238.9    281.5
     1.48     4.74   0.020   39    160.2    251.7
     1.47     5.10   0.021   40     70.7    209.9
     1.72     6.00   0.021   42    -44.7     59.9
     1.85     6.20   0.020   43    -26.5    -83.9
     2.07     6.31   0.021   44    -61.9   -167.5
     2.65     6.50   0.020   45   -157.8   -281.6
     2.64     6.80   0.021   46   -277.2   -387.5
     3.06     6.13   0.020   47   -459.6   -536.7
     3.27     3.88   0.020   49   -674.3   -297.6
     3.61     2.74   0.021   50   -557.5   -450.7
     3.38     0.34   0.020   51   -274.4   -553.5
     2.73     3.62   0.021   52   -483.3   -431.6
     2.14     3.91   0.020   53   -167.4     76.6
     5.06    10.72   0.021   54    784.4    456.5
     2.46     5.20   0.021   56   -393.5     41.0
     2.27     3.58   0.020   57    165.3   -386.7
     1.72     2.29   0.021   58   -235.1    -53.6
     1.63     1.20   0.020   59   -110.3    -49.4
     1.40     0.27   0.020   60    -97.0     -9.9
     1.22     0.04   0.021   61    -74.2     -5.3
     1.02     0.16   0.021   63    -30.1     -4.8
     1.01     0.31   0.020   64    -43.4     -3.6
     0.98     0.39   0.021   65    -16.3     -8.0
     0.93     0.30   0.020   66     -5.0     -5.9
     0.95     0.24   0.021   67    -11.0     -6.6
     0.98     0.18   0.020   68    -18.9     -2.7
     0.98     0.19   0.020   70    -21.3     -0.4
     0.97     0.20   0.021   71    -16.7     -0.9
     0.95     0.21   0.020   72    -12.3     -0.5
     0.96     0.20   0.021   73     -4.4     -1.5
     0.98     0.17   0.020   74     -0.3     -4.3
     1.01     0.16   0.021   75      0.0    -11.2
     0.97     0.29   0.021   77    -15.5     15.0
     0.91     0.33   0.020   78     15.9     22.6
     1.00     0.54   0.021   79    -15.7     14.5
     1.00     0.63   0.020   80      3.4      8.9
     1.01     0.88   0.021   81     73.1      4.5
     1.18     2.34   0.020   82    101.4     12.8
     2.85     9.52   0.020   84    451.0    207.7
     4.83    13.70   0.020   85    187.5    407.5
     2.46     2.60   0.021   86    333.5    480.0
     2.40     2.70   0.020   87    550.0    237.2
     2.55     2.07   0.021   88    597.6    190.5
     1.84     1.63   0.020   89    441.3    147.0
     1.23     3.59   0.020   91    211.1    184.9
     1.16     4.17   0.021   92    105.1    202.5
     1.28     4.50   0.020   93     27.4    203.2
     1.42     4.69   0.021   94    -20.4    158.9
     1.49     5.22   0.020   95    -79.1     97.3
     1.31     5.60   0.021   96    -94.6     11.1
     1.72     5.58   0.021   98   -117.5   -145.6
     1.75     5.54   0.020   99   -181.2   -162.9
     2.25     5.25   0.021  100   -277.7   -329.0
     3.22     5.24   0.020  101   -472.6   -581.6
     3.12     4.85   0.021  102   -572.0   -558.7
     2.81     3.54   0.020  103   -580.3   -214.4
     3.02     0.77   0.020  105   -350.5   -338.0
     2.61     2.80   0.021  106   -349.4   -433.9
     0.87     4.49   0.020  107     12.0   -193.2
     5.06     9.70   0.021  108    803.8    740.5
     6.35     4.70   0.020  109  -1132.1   -404.3
     2.69     4.47   0.020  110   -490.8     66.2
     2.14     2.31   0.020  112   -198.1   -122.0
     1.31     0.29   0.021  113   -116.6    -36.6
     1.11     0.20   0.020  114    -67.0    -35.5
     1.06     0.13   0.021  115    -62.4    -36.2
     0.99     0.10   0.020  116    -43.5    -21.9
     1.00     0.07   0.021  117    -53.2    -19.4
     0.98     0.24   0.021  119    -35.6    -13.5
     0.99     0.26   0.020  120    -18.2    -23.4
     0.98     0.21   0.021  121    -26.1    -14.9
     0.99     0.20   0.020  122    -20.9    -18.7
     0.97     0.18   0.021  123    -25.3     -7.0
     0.97     0.22   0.020  124    -24.7     -8.4
     0.97     0.24   0.020  126    -18.1     -6.2
     0.97     0.24   0.021  127    -15.1     -5.3
     0.97     0.23   0.020  128    -10.9     -5.8
     0.97     0.16   0.021  129      4.8     -8.7
     0.97     0.22   0.020  130      0.6     -1.7
     0.94     0.28   0.021  131     -0.8     20.1
     0.99     0.60   0.021  133    -19.2      5.5
     1.03     0.73   0.020  134     10.6     -1.3
     1.07     1.07   0.020  135     49.2     -1.7
     1.30     2.13   0.021  136    146.1     44.5
     2.10     6.00   0.020  137    298.0    189.4
     2.08    12.26   0.021  138    411.7    174.8
     2.26     2.72   0.021  140    389.5    395.3
     2.56     1.68   0.020  141    561.6    216.2
     1.96     0.83   0.021  142    456.8    190.3
     1.54     1.23   0.020  143    325.4    213.5
     1.36     2.19   0.021  144    209.0    262.3
     1.26     2.85   0.020  145    108.6    276.1
     1.26     3.71   0.020  147     50.5    157.7
     1.26     4.18   0.021  148      4.7     93.1
     1.28     4.59   0.020  149    -33.4     19.9
     1.24     4.90   0.021  150    -52.4    -27.0
     1.48     5.29   0.020  151   -105.4    -58.0
     1.55     5.61   0.021  152   -162.1    -90.2
     1.74     5.65   0.021  154   -205.2   -230.7
     1.91     5.39   0.020  155   -182.4   -351.5
     2.32     5.03   0.021  156   -252.8   -497.8
     3.01     4.64   0.020  157   -436.7   -634.2
     2.81     4.02   0.021  158   -529.0   -333.1
     2.72     2.37   0.020  159   -339.2   -290.4
     0.91     3.58   0.021  161    -76.7     85.5
     4.72     5.97   0.020  162    809.0    892.2
     6.82    11.23   0.021  163  -1041.7  -1041.1
     3.07     3.90   0.020  164   -577.4    149.8
     1.23     4.51   0.021  165    143.8   -246.6
     1.53     3.45   0.020  166     -4.1   -215.5
     2.03     1.21   0.020  168   -189.5   -117.6
     1.38     0.49   0.021  169    -98.3    -77.4
     1.12     0.12   0.020  170    -58.1    -51.5
     1.04     0.17   0.021  171    -52.8    -39.8
     1.01     0.24   0.020  172    -46.7    -37.1
     1.02     0.41   0.021  173    -46.8    -33.5
     0.94     0.49   0.021  175    -19.7    -16.7
     0.94     0.33   0.020  176    -16.0    -13.3
     0.95     0.22   0.021  177    -12.4    -18.7
     0.95     0.13   0.020  178     -9.0    -17.9
     0.93     0.09   0.021  179     -5.8    -12.1
     0.95     0.24   0.020  180    -15.7     -9.8
     0.95     0.34   0.020  182    -11.6     -9.1
     0.96     0.41   0.021  183     -9.5    -13.0
     1.01     0.31   0.020  184    -25.2    -17.5
     1.00     0.30   0.020  185     -8.3     -9.4
     0.97     0.31   0.021  186     -1.5     -8.7
     0.97     0.32   0.020  187     -6.4     -2.8
     0.96     0.70   0.020  189     -9.6      9.1
     1.00     0.78   0.021  190     11.6     -0.2
     1.08     1.24   0.020  191     46.0     13.5
     1.43     2.94   0.021  192    135.5     92.9
     2.61     9.24   0.020  193    298.9    213.8
     2.31    12.67   0.021  194    455.6    284.3
     2.32     2.69   0.021  196    364.8    466.7
     2.35     1.36   0.020  197    452.1    383.2
     2.03     0.74   0.021  198    399.0    328.4
     1.63     1.55   0.020  199    332.2    251.9
     1.42     2.51   0.021  200    263.8    242.0
     1.46     3.08   0.020  201    218.0    249.0
     1.17     4.58   0.020  203     94.2    130.9
     1.27     5.03   0.021  204     41.0     83.1
     1.42     5.32   0.020  205    -29.5     18.8
     1.42     5.41   0.021  206    -65.2    -24.8
     1.68     5.48   0.020  207   -116.0    -50.2
     2.05     5.49   0.021  208   -146.6   -147.2
     2.38     5.69   0.020  210   -303.0   -394.1
     2.51     5.48   0.021  211   -391.4   -490.6
     2.57     4.57   0.020  212   -532.9   -355.2
     3.02     3.10   0.021  213   -602.6   -278.1
     3.12     2.68   0.020  214   -418.8   -373.7
     2.65     1.32   0.021  215   -334.7   -376.0
     1.82     3.38   0.021  217    -12.3    117.3
     2.77     9.99   0.020  218    -19.6   -555.2
     5.34     5.29   0.021  219   -947.2     -4.2
     2.16     4.40   0.020  220   -105.0   -328.4
     1.26     2.45   0.021  221    213.3   -210.9
     3.33     2.81   0.020  222   -310.0   -135.1
     1.25     0.67   0.020  224    -70.6    -43.2
     1.18     0.33   0.021  225    -73.3    -29.6
     1.08     0.15   0.020  226    -54.0    -16.5
     1.04     0.09   0.021  227    -48.6    -15.7
     1.01     0.12   0.020  228    -40.1    -11.5
     0.98     0.17   0.021  229    -23.9    -13.1
     0.97     0.17   0.021  231    -21.0     -9.7
     0.98     0.15   0.020  232    -15.5    -12.3
     0.96     0.15   0.021  233    -12.8     -5.0
     0.96     0.20   0.020  234    -17.4     -0.9
     0.97     0.27   0.020  235    -17.6     -3.6
     0.98     0.24   0.021  236    -13.1     -9.6
     0.99     0.24   0.021  238    -10.6     -4.4
     0.98     0.25   0.020  239     -9.8     -2.9
     0.96     0.24   0.021  240      3.9     -4.5
     0.97     0.24   0.020  241     -8.1      0.8
     0.95     0.42   0.021  242      7.3     17.3
     0.96     0.59   0.020  243     -4.2      8.7
     1.02     0.90   0.020  245     59.5     -5.6
     1.15     2.55   0.021  246    113.2     44.1
     1.81     6.89   0.020  247    190.1     69.6
     2.52    12.63   0.021  248    365.0    221.6
     2.19    12.15   0.020  249    324.1    393.2
     4.56     3.38   0.021  250    690.0    245.1
     1.83     1.37   0.021  252    436.3    173.2
     1.49     1.69   0.020  253    332.4    186.1
     1.30     2.04   0.021  254    251.8    210.5
     1.23     2.96   0.020  255    203.0    212.3
     1.32     3.62   0.021    0    154.3    221.0
     1.53     4.13   0.020    1     86.4    235.1
     1.64     5.23   0.020    3    -30.9    150.1
     1.69     5.43   0.020    4    -74.1     80.6
     1.76     5.69   0.021    5   -116.9      5.0
     1.80     5.91   0.020    6   -144.4    -51.5
     2.15     5.74   0.021    7   -170.4   -177.3
     3.25     5.81   0.020    8   -357.1   -445.8
     2.86     5.59   0.020   10   -556.1   -399.8
     3.38     3.68   0.021   11   -628.1   -309.3
     3.61     2.08   0.020   12   -477.0   -480.1
     2.95     4.73   0.021   13   -420.8    -92.7
     2.47     5.59   0.020   14    457.6    395.8
     5.34    10.21   0.021   15   -561.7   -996.4
     1.54     4.49   0.021   17   -211.0    -92.1
     1.90     3.10   0.020   18     63.1   -303.0
     1.89     1.16   0.021   19   -268.9     15.2
     1.50     0.66   0.020   20    -73.9    -66.6
     1.22     0.23   0.021   21    -57.2    -27.6
     1.16     0.20   0.020   22    -56.4    -21.7
     1.01     0.31   0.020   24    -30.7    -17.9
     0.99     0.34   0.021   25    -23.0    -13.2
     0.98     0.39   0.020   26    -21.5     -9.9
     0.97     0.38   0.021   27    -12.0     -9.2
     0.95     0.29   0.020   28     -7.2     -7.9
     0.95     0.14   0.020   29     -2.4    -12.4
     0.95     0.18   0.020   31      0.1    -11.3
     1.01     0.17   0.021   32    -25.6     -5.8
     1.01     0.05   0.020   33    -20.6     -4.4
     0.98     0.11   0.021   34    -14.6     -1.9
     0.96     0.13   0.020   35     -7.4     -1.6
     0.95     0.12   0.021   36     -5.2     -1.2
     0.94     0.30   0.021   38     10.7     -1.0
     0.93     0.48   0.020   39      3.1      7.6
     0.95     0.75   0.021   40     17.3      4.9
     0.95     0.81   0.020   41      6.4      5.6
     1.03     0.76   0.021   42     -0.6      9.7
     1.06     0.89   0.020   43     74.9     35.8
     3.28     6.56   0.020   45    113.4    178.1
     2.21    12.81   0.021   46    380.5    239.4
     5.19    12.70   0.020   47    623.2    376.9
     2.34     3.41   0.021   48    467.6    373.0
     2.32     2.31   0.020   49    525.4    273.7
     2.01     1.03   0.021   50    454.2    240.8
     1.46     2.25   0.021   52    274.2    240.2
     1.28     3.38   0.020   53    226.5    187.0
     1.09     4.28   0.020   54    151.9    149.6
     1.09     4.78   0.021   55    105.2     98.5
     1.14     5.09   0.020   56     66.6     38.8
     1.09     5.16   0.021   57     34.2    -33.3
     2.05     5.28   0.021   59    -59.1   -142.5
     1.94     5.92   0.020   60   -146.4   -119.6
     1.91     5.85   0.021   61   -237.3   -122.5
     2.22     5.52   0.020   62   -304.6   -241.0
     2.56     5.38   0.021   63   -387.2   -404.2
     2.56     4.88   0.020   64   -481.1   -444.0
     3.10     3.76   0.020   66   -591.8   -299.0
     2.93     0.19   0.021   67   -345.3   -399.1
     2.62     2.31   0.020   68   -382.6   -365.3
     0.71     4.97   0.021   69    -31.9   -177.6
     4.30    10.20   0.020   70    668.5    756.0
     5.40     4.56   0.021   71  -1064.9    -80.4
     2.06     3.63   0.021   73    152.4   -388.0
     2.84     3.38   0.020   74   -254.5   -176.9
     1.62     1.67   0.021   75   -172.2      2.1
     1.25     0.53   0.020   76    -81.6    -49.3
     1.15     0.35   0.021   77    -49.9    -19.3
     1.11     0.27   0.020   78    -52.5    -23.1
     1.00     0.07   0.021   80    -29.5    -12.1
     0.99     0.20   0.020   81    -38.6     -4.0
     0.98     0.16   0.021   82    -15.1    -13.9
     0.97     0.15   0.020   83    -20.7     -7.8
     0.97     0.16   0.021   84    -17.7     -6.4
     0.99     0.17   0.020   85    -20.9     -7.5
     0.96     0.20   0.020   87    -14.9     -6.7
     0.95     0.22   0.021   88    -12.7      0.2
     0.98     0.21   0.020   89    -13.3     -3.5
     0.99     0.21   0.021   90     -9.5     -5.5
     0.99     0.21   0.020   91      4.8     -7.5
     0.96     0.18   0.021   92     -4.1      6.3
     0.98     0.54   0.021   94      0.8      4.0
     1.00     0.60   0.020   95      7.0      3.7
     1.05     0.79   0.021   96     45.4     -8.6
     1.10     1.43   0.020   97     91.3      6.7
     1.55     3.44   0.021   98    194.1     53.8
     2.82     8.84   0.020   99    309.2    140.4
     2.15     4.83   0.020  101    403.3    321.6
     2.49     2.65   0.021  102    534.9    282.9
     2.15     1.02   0.020  103    503.1    196.7
     1.72     1.01   0.020  104    408.9    159.3
     1.43     1.75   0.021  105    301.9    200.8
     1.32     2.55   0.020  106    212.9    246.9
     1.31     3.21   0.021  107    150.3    249.8
     1.29     3.80   0.020  108    109.0    216.2
     1.37     4.28   0.021  109     75.4    155.5
     1.39     4.78   0.020  110     20.6    101.9
     1.36     4.95   0.021  111    -17.9     33.7
     1.35     5.16   0.020  112    -40.3    -37.7
     1.46     5.27   0.021  113    -83.9    -68.6
     1.94     5.02   0.021  115   -170.2   -219.0
     2.83     5.06   0.020  116   -338.8   -441.1
     2.79     5.38   0.021  117   -470.3   -494.6
     2.56     4.50   0.020  118   -559.2   -325.4
     2.74     3.27   0.021  119   -614.3   -111.7
     2.86     1.75   0.020  120   -544.0   -220.3
     2.22     2.49   0.020  122   -309.2   -390.7
     1.62     3.66   0.021  123    -86.5   -397.4
     1.39    11.28   0.020  124    289.9    109.2
     5.04     4.45   0.021  125   -985.9    -91.7
     2.20     4.27   0.020  126   -283.2   -174.2
     2.17     3.44   0.021  127    222.1   -403.7
     1.49     1.39   0.020  129    -88.4   -137.6
     1.56     0.34   0.021  130   -147.9    -42.2
     1.20     0.12   0.020  131   -101.2    -52.2
     1.11     0.17   0.021  132    -75.1    -36.9
     1.04     0.26   0.020  133    -52.6    -37.3
     1.00     0.31   0.021  134    -47.7    -28.5
     0.98     0.12   0.021  136    -34.5    -24.6
     0.97     0.08   0.020  137    -25.5    -22.0
     1.00     0.05   0.021  138    -37.7    -20.0
     1.01     0.12   0.020  139    -35.4    -18.8
     0.93     0.24   0.021  140     -4.6     -7.3
     0.94     0.08   0.020  141    -20.4     -8.6
     0.98     0.14   0.020  143    -11.6    -16.7
     0.97     0.17   0.021  144     -9.3    -12.2
     0.97     0.22   0.020  145     -6.3    -10.2
     0.98     0.34   0.021  146     -8.6     -5.5
     0.95     0.44   0.020  147     -3.3      8.6
     0.95     0.57   0.021  148    -12.8      7.4
     1.01     0.55   0.021  150     -8.0     -4.7
     1.00     0.70   0.020  151     43.2      6.2
     1.17     1.83   0.021  152    126.2     91.4
     1.88     5.63   0.020  153    166.8    205.5
     2.94     9.06   0.020  154    411.9    301.2
     3.65    11.95   0.021  155    300.5    182.7
     2.50     1.96   0.021  157    436.4    450.2
     2.57     1.01   0.020  158    525.0    376.0
     1.98     1.71   0.021  159    372.0    341.5
     1.56     2.76   0.020  160    256.4    297.8
     1.32     3.62   0.021  161    208.3    236.3
     1.18     4.25   0.020  162    158.2    171.9
     1.12     4.58   0.020  164     58.4     55.8
     1.28     4.69   0.021  165     -8.8     -5.6
     1.55     4.86   0.020  166    -84.6    -39.5
     1.84     5.09   0.021  167   -126.9   -115.2
     2.01     5.45   0.020  168   -173.4   -169.3
     2.09     5.69   0.021  169   -236.5   -235.6
     2.42     5.14   0.021  171   -339.8   -461.8
     3.02     4.63   0.020  172   -545.9   -546.2
     2.57     3.66   0.021  173   -547.7   -199.2
     2.79     2.62   0.020  174   -495.8   -186.8
     2.83     1.01   0.021  175   -327.3   -419.4
     2.54     2.78   0.020  176   -323.6   -405.4
     3.87     9.80   0.020  178    565.2    806.2
     5.02     3.68   0.020  179   -915.4   -759.2
     3.25     4.90   0.021  180   -579.4    174.1
     1.39     3.09   0.020  181     53.5   -195.7
     1.34     2.62   0.021  182   -195.0   -113.7
     1.18     1.37   0.020  183    -84.3    -41.2
     1.25     0.37   0.020  185    -83.1    -29.8
     1.10     0.37   0.021  186    -57.9    -32.8
     1.03     0.29   0.020  187    -50.5    -14.4
     0.98     0.32   0.021  188    -46.5    -11.7
     0.98     0.34   0.020  189    -23.0    -20.4
     0.99     0.25   0.021  190    -22.1    -19.4
     0.96     0.20   0.021  192    -13.6    -17.3
     0.95     0.10   0.020  193    -10.3    -12.2
     0.95     0.05   0.021  194    -15.8     -9.0
     0.95     0.12   0.020  195    -16.9     -6.6
     0.97     0.13   0.021  196    -23.7     -5.6
     0.97     0.07   0.020  197    -19.2     -5.3
     0.94     0.09   0.020  199     -2.2     -4.3
     0.96     0.22   0.021  200     -2.2     -3.7
     0.96     0.34   0.020  201     -2.2      4.3
     0.98     0.37   0.021  202    -13.4      3.9
     0.92     0.36   0.020  203     11.9     18.2
     0.99     0.55   0.020  204    -11.8     10.0
     1.00     0.63   0.021  205    -12.7     10.1
     1.01     0.77   0.020  206     25.6     -5.2
     1.04     1.07   0.021  207     53.2     29.9
     1.37     2.84   0.020  208    145.8     66.5
     2.37     7.56   0.021  209    181.4    250.6
     2.12    12.05   0.020  210    253.5    341.9
     5.73     4.93   0.021  211    356.5    201.6
     2.54     1.42   0.021  213    461.1    426.9
     2.41     1.48   0.020  214    526.5    290.4
     1.85     2.27   0.021  215    365.3    291.2
     1.67     3.02   0.020  216    290.8    283.7
     1.52     3.87   0.021  217    238.9    231.9
     1.35     4.22   0.020  218    159.2    205.7
     1.26     5.12   0.020  220     31.0     93.7
     1.35     5.38   0.021  221    -40.4     63.5
     1.59     5.66   0.020  222    -87.7     -9.7
     1.57     5.66   0.021  223    -66.8   -134.1
     1.75     5.50   0.020  224    -86.9   -198.5
     2.09     5.65   0.021  225   -164.1   -300.9
     3.15     5.05   0.021  227   -619.6   -513.5
     3.23     4.13   0.020  228   -708.2   -206.5
     3.34     3.30   0.020  229   -577.7   -317.0
     3.12     1.90   0.021  230   -310.4   -457.1
     1.24     2.75   0.020  231   -158.1    -15.2
     3.35     3.02   0.021  232    443.8    619.8
     2.94     5.89   0.021  234   -423.0     26.8
     2.48     5.61   0.020  235    -92.7   -389.3
     1.97     2.81   0.021  236   -162.8   -236.1
     1.96     1.40   0.020  237   -141.7   -131.5
     1.47     0.67   0.021  238   -123.5    -11.8
     1.20     0.31   0.020  239    -47.1    -16.0
     1.04     0.29   0.020  241    -35.2    -31.6
     1.02     0.34   0.021  242    -29.8    -38.4
     0.99     0.41   0.020  243    -26.4    -26.2
     0.99     0.46   0.021  244    -20.1    -26.8
     0.94     0.44   0.020  245      3.9    -24.6
     0.96     0.15   0.021  246      2.2    -27.0
     0.95     0.10   0.021  248     -3.1    -16.3
     0.95     0.23   0.020  249    -12.5    -11.8
     0.98     0.21   0.021  250    -18.5    -13.9
     0.98     0.14   0.020  251    -15.7     -9.9
     0.97     0.12   0.021  252    -17.4     -9.3
     0.97     0.15   0.020  253     -4.6     -8.4
     0.95     0.20   0.021  255      6.6     -9.7
     0.96     0.30   0.020    0      1.5     -1.6
     0.98     0.38   0.021    1    -20.0      1.9
     0.98     0.52   0.020    2     -3.9      6.9
     0.99     0.57   0.021    3      1.6     -2.3
     1.04     0.68   0.020    4     15.6      6.0
     1.35     3.92   0.020    6    125.1    105.5
     2.73     9.52   0.021    7    195.5    213.5
     2.25    11.23   0.020    8    408.3    284.2
     3.91     3.27   0.021    9    414.4    470.9
     2.51     2.90   0.020   10    438.9    442.1
     2.54     2.12   0.021   11    533.1    347.0
     1.72     2.62   0.021   13    366.5    237.0
     1.41     3.45   0.020   14    267.0    217.3
     1.27     3.85   0.021   15    186.1    195.0
     1.24     4.47   0.020   16    109.3    157.4
     1.34     4.85   0.021   17      4.0     62.4
     1.30     5.10   0.020   18    -43.3     -9.5
     1.55     5.10   0.020   20    -58.8   -134.0
     1.89     4.96   0.021   21    -90.2   -204.3
     2.23     4.98   0.020   22   -150.9   -319.3
     2.56     5.24   0.020   23   -270.3   -398.3
     2.43     5.43   0.021   24   -367.0   -423.6
     2.21     4.88   0.020   25   -428.8   -370.6
     2.89     3.01   0.020   27   -562.7   -215.5
     2.66     2.16   0.021   28   -286.2   -323.6
     2.27     1.66   0.020   29   -235.9   -396.9
     1.57     6.37   0.021   30     21.4   -223.3
     4.19     4.61   0.020   31    604.7    861.2
     5.37    10.49   0.021   32  -1039.5   -500.9
     1.65     3.92   0.021   34    204.6   -347.1
     3.93     4.16   0.020   35   -329.3   -272.4
     2.15     1.90   0.021   36   -196.7    -66.2
     1.63     0.49   0.020   37   -126.7    -41.6
     1.11     0.29   0.021   38    -40.4    -46.8
     1.04     0.19   0.020   39    -35.6    -40.0
     1.00     0.25   0.020   41    -33.1    -30.4
     0.97     0.27   0.021   42    -24.4    -24.3
     0.96     0.29   0.020   43    -16.3    -21.1
     0.96     0.22   0.021   44     -1.8    -25.0
     0.98     0.14   0.020   45    -12.8    -23.9
     0.98     0.10   0.021   46    -14.2    -19.3
     0.98     0.16   0.020   48    -17.9    -11.6
     0.97     0.22   0.021   49    -16.1    -10.6
     0.97     0.26   0.020   50     -9.9    -11.4
     0.97     0.27   0.021   51     -8.7     -9.5
     0.97     0.21   0.020   52     -0.8    -12.4
     0.97     0.15   0.021   53      7.5    -14.2
     0.97     0.24   0.021   55     -4.5     -1.5
     0.93     0.30   0.020   56    -17.4     12.2
     0.97     0.52   0.021   57    -13.1      6.4
     0.98     0.67   0.020   58     -9.6     10.8
     1.02     0.93   0.021   59     53.0      7.3
     1.11     2.62   0.020   60    119.2     52.1
     2.70    11.88   0.020   62    427.0    389.8
     3.01    10.94   0.021   63    483.5    329.7
     2.07     3.09   0.020   64    402.4    341.9
     1.95     2.72   0.021   65    430.9    251.2
     1.98     1.47   0.020   66    417.3    280.1
     2.04     1.25   0.021   67    379.9    316.6
     1.43     3.20   0.021   69    250.0    167.3
     1.29     4.17   0.020   70    148.8    162.0
     1.23     4.92   0.021   71     48.5    159.8
     1.35     5.20   0.020   72      2.6    115.3
     1.60     5.48   0.020   73    -25.1     48.1
     1.57     5.67   0.021   74    -44.2    -36.1
     1.70     5.68   0.021   76   -124.2    -90.0
     1.98     5.59   0.020   77   -178.6   -143.7
     2.11     5.44   0.021   78   -218.3   -256.1
     2.41     5.29   0.020   79   -323.8   -409.0
     2.48     4.78   0.021   80   -430.3   -461.3
     2.45     3.77   0.020   81   -500.2   -321.4
     2.97     0.75   0.020   83   -330.2   -446.9
     2.54     1.58   0.021   84   -337.6   -377.0
     0.34     3.15   0.020   85     67.5     22.9
     6.81     8.15   0.020   87  -1154.3  -1043.5
     3.11     5.13   0.021   88   -492.6    163.5
     3.28     3.22   0.021   90    -10.2   -447.2
     2.14     2.11   0.020   91   -234.1     -8.6
     1.53     0.71   0.021   92    -80.7    -36.3
     1.44     0.11   0.020   93    -73.0    -77.6
     1.08     0.10   0.021   94    -21.6    -45.4
     1.05     0.12   0.020   95    -36.2    -32.0
     1.00     0.24   0.020   97    -25.5    -28.8
     0.98     0.36   0.020   98    -16.5    -19.2
     0.96     0.24   0.021   99      0.8    -25.0
     0.98     0.16   0.020  100     -0.9    -23.2
     0.98     0.10   0.021  101     -6.3    -19.0
     0.96     0.07   0.020  102     -0.4    -15.9
     0.96     0.08   0.020  104     -8.8    -10.6
     0.95     0.13   0.021  105     -0.6    -12.2
     0.97     0.12   0.020  106    -12.6     -8.1
     0.99     0.09   0.021  107    -12.5     -6.0
     0.96     0.11   0.020  108      2.9     -7.8
     0.95     0.18   0.021  109      0.4      5.1
     0.98     0.24   0.021  111     -8.3      5.9
     0.96     0.33   0.020  112     -6.0      0.8
     1.04     0.41   0.021  113     -4.4     -0.8
     1.01     0.58   0.020  114     40.9      3.6
     1.11     1.32   0.021  115     85.1     64.5
     1.76     2.37   0.020  116     80.6     20.2
     2.39    10.70   0.020  118    354.7    342.1
     5.26    11.07   0.021  119    482.7    163.4
     2.90     1.94   0.020  120    498.6    511.6
     2.32     1.28   0.021  121    431.7    388.6
     2.29     1.11   0.020  122    432.1    361.5
     1.91     1.78   0.020  123    343.3    310.5
     1.19     3.66   0.020  125    182.5    172.1
     1.17     4.25   0.021  126    116.6    138.1
     1.19     4.54   0.020  127     69.6     88.2
     1.28     4.97   0.021  128      6.5     48.6
     1.38     5.31   0.020  129    -58.4     12.3
     1.42     5.55   0.021  130    -87.5    -57.7
     1.48     5.54   0.020  131   -113.5   -104.6
     1.90     5.56   0.021  132   -156.8   -182.9
     2.16     5.77   0.020  133   -191.5   -290.9
     2.57     5.77   0.021  134   -326.4   -431.3
     2.77     5.46   0.020  135   -435.1   -526.2
     2.63     4.36   0.021  136   -494.6   -444.0
     2.82     3.55   0.020  137   -568.9   -272.7
     3.11     0.57   0.020  139   -125.9   -509.3
     2.57     3.07   0.021  140   -268.4   -407.1
     1.33     1.56   0.020  141   -178.7   -287.5
     3.15    10.17   0.021  142     -4.0    568.7
     4.10    11.57   0.020  143    -59.7   -649.1
     4.38     5.65   0.021  144   -843.3    304.5
     3.40     4.29   0.021  146    -13.1   -532.7
     2.55     0.96   0.020  147   -317.3    121.9
     1.64     0.77   0.020  148   -139.1     59.0
     1.15     0.24   0.021  149    -88.0     -9.1
     1.04     0.12   0.020  150    -55.5      3.8
     1.04     0.17   0.021  151    -66.4     -3.9
     1.00     0.23   0.020  152    -45.2      5.1
     1.01     0.17   0.021  153    -24.0    -10.4
     0.98     0.13   0.020  154    -28.1     -2.6
     0.97     0.14   0.021  155    -18.6      0.2
     0.97     0.10   0.020  156    -22.1      0.1
     0.97     0.11   0.021  157    -21.6      0.6
     0.97     0.14   0.020  158    -17.8      1.6
     0.95     0.16   0.021  159    -18.8      4.6
     0.96     0.21   0.020  160    -18.4      9.8
     0.97     0.27   0.021  161    -13.5     -0.8
     0.98     0.28   0.020  162     -5.2     -3.2
     0.99     0.19   0.021  163     -1.9    -10.5
     0.98     0.15   0.020  164      0.0     -2.3
     0.96     0.15   0.021  165     -4.0      3.3
     0.97     0.38   0.021  167     -2.7      7.0
     0.98     0.48   0.020  168    -10.6      5.4
     1.01     0.61   0.021  169     13.7     10.6
     1.00     0.76   0.020  170     77.6     15.9
     1.09     1.96   0.021  171    149.5     37.4
     2.35     5.54   0.020  172     96.8     39.8
     2.41    11.00   0.020  173    282.1    166.4
     4.09     9.37   0.021  174    168.2    309.6
     2.59     4.79   0.020  175    414.1    391.6
     2.13     2.92   0.021  176    440.3    301.4
     2.20     1.83   0.020  177    495.1    248.7
     1.79     1.30   0.021  178    416.8    191.2
     1.68     1.79   0.020  179    361.8    215.0
     1.50     2.42   0.021  180    280.0    214.5
     1.32     3.49   0.020  181    195.8    211.2
     1.40     4.27   0.021  182    126.3    198.9
     1.43     4.99   0.020  183     50.2    162.1
     1.40     5.44   0.021  184    -32.2    132.1
     1.53     5.76   0.020  185   -102.1     95.5
     1.64     5.93   0.021  186   -116.8    -17.9
     1.96     6.10   0.021  188   -154.9   -196.5
     2.28     6.11   0.020  189   -260.6   -253.9
     2.73     6.04   0.021  190   -398.3   -390.8
     2.89     5.74   0.020  191   -515.1   -508.2
     2.74     4.22   0.021  192   -568.2   -358.1
     3.07     4.01   0.020  193   -624.4   -159.7
     3.17     1.29   0.021  194   -445.7   -326.1
     2.91     2.85   0.020  195   -321.7   -397.5
     2.33     3.26   0.021  196   -411.2   -333.0
     1.93     3.25   0.020  197     61.2      7.1
     6.70    13.65   0.020  198   1141.3    966.6
     3.19     5.16   0.021  199   -659.7    227.1
     4.07     5.17   0.020  200    254.3   -765.0
     1.60     1.62   0.020  202   -120.1   -146.5
     1.28     0.65   0.021  203    -78.5    -43.5
     1.17     0.30   0.020  204    -66.6    -13.7
     1.13     0.04   0.021  205    -75.4    -27.9
     1.02     0.28   0.020  206    -40.6    -28.6
     1.02     0.33   0.021  207    -47.9    -26.8
     1.00     0.72   0.021  209    -30.4    -19.6
     0.92     0.65   0.020  210      3.6    -20.5
     0.92     0.28   0.021  211      1.2    -17.2
     0.95     0.15   0.020  212     -7.7    -17.4
     0.91     0.07   0.021  213      3.5    -12.2
     0.94     0.36   0.020  214    -11.4     -8.7
     0.96     0.46   0.021  215    -17.1    -11.4
     0.97     0.44   0.020  216    -14.4    -13.3
     0.99     0.41   0.021  217    -28.3     -5.4
     1.00     0.25   0.020  218    -28.8     -0.0
     1.01     0.16   0.021  219    -20.1     -2.0
     0.97     0.19   0.020  220     -1.1     -9.4
     0.96     0.23   0.021  221     13.4    -10.2
     0.97     0.43   0.020  222      3.9     -3.6
     0.96     0.46   0.020  223     -6.1      7.2
     0.98     0.55   0.021  224    -11.4     12.6
     0.99     0.56   0.020  225    -18.4     10.9
     1.00     0.72   0.021  226     10.1     -5.2
     1.03     1.08   0.020  227     49.6      9.2
     1.27     1.90   0.021  228    163.6     80.6
     2.70    12.17   0.021  230    398.5    357.7
     5.56     6.62   0.020  231    236.7     95.5
     2.19     2.22   0.021  232    403.0    334.5
     2.40     2.06   0.020  233    464.6    327.7
     2.21     1.24   0.021  234    455.4    308.8
     1.67     1.80   0.020  235    304.1    297.7
     1.44     2.54   0.021  236    269.3    242.2
     1.27     3.26   0.020  237    234.4    188.0
     1.19     3.88   0.021  238    167.8    163.1
     1.19     4.15   0.020  239    112.8    111.7
     1.18     4.56   0.021  240     66.4     40.3
     1.20     4.86   0.020  241     -2.2     11.3
     1.32     5.10   0.021  242    -65.9    -19.9
     1.62     5.40   0.020  243   -120.6    -78.1
     1.60     5.52   0.021  244   -160.4   -107.8
     1.86     5.49   0.020  245   -195.4   -212.8
     2.25     5.17   0.021  246   -283.8   -338.0
     2.44     4.87   0.020  247   -387.6   -427.2
     2.86     4.27   0.020  248   -535.8   -497.7
     2.71     3.89   0.021  249   -539.6   -332.2
     3.13     3.50   0.020  250   -489.2   -261.5
     3.25     2.59   0.021  251   -228.9   -320.2
     2.82     2.02   0.020  252   -318.8   -363.0
     2.50     3.21   0.021  253   -284.6     -4.0
     5.20    13.04   0.020  254    888.6    560.3
     6.31     9.32   0.021  255  -1172.4   -319.9
     2.92     5.10   0.020    0   -323.7   -305.0
     1.51     2.94   0.021    1    139.6   -274.5
     2.18     3.40   0.020    2   -270.6   -124.5
     1.65     1.75   0.021    3   -185.7    -12.2
     1.38     1.20   0.020    4   -109.9    -42.6
     1.29     0.53   0.021    5   -109.8    -38.2
     1.13     0.08   0.020    6    -78.7    -32.1
     1.04     0.22   0.021    7    -55.3    -22.4
     1.01     0.32   0.020    8    -46.9    -25.9
     0.99     0.38   0.021    9    -39.0    -23.6
     0.94     0.39   0.020   10    -23.2     -9.8
     0.93     0.20   0.021   11    -17.1     -5.2
     0.95     0.18   0.020   12    -26.3     -9.1
     0.98     0.16   0.021   13    -20.9    -20.5
     0.97     0.12   0.020   14    -14.0    -14.2
     0.97     0.32   0.020   16    -15.6    -11.4
     1.00     0.31   0.020   17    -23.1    -11.5
     0.99     0.23   0.021   18    -15.7     -6.2
     0.96     0.25   0.020   19    -10.9     -5.3
     0.97     0.27   0.021   20    -17.7     -3.9
     0.98     0.27   0.020   21    -13.8     -6.7
     0.97     0.23   0.020   23      1.3     -7.8
     0.97     0.27   0.021   24     -6.1      0.1
     0.97     0.28   0.020   25    -11.3      5.9
     0.94     0.49   0.021   26      7.6     17.2
     0.97     0.69   0.020   27     -3.3     11.0
     0.97     0.98   0.021   28     17.5     13.0
     1.34     4.34   0.021   30    170.3     94.2
     2.00     6.93   0.020   31    247.0    260.3
     2.93    13.43   0.021   32    457.9    243.4
     2.65     7.16   0.020   33    316.9    434.1
     1.71     3.01   0.021   34    366.1    202.0
     1.74     2.29   0.020   35    404.1    164.5
     1.32     1.77   0.021   36    312.9    127.1
     1.08     1.32   0.020   37    243.2    130.6
     1.00     1.83   0.021   38    198.0    132.6
     0.92     2.72   0.020   39    149.3    125.1
     0.97     3.38   0.021   40    108.1     98.8
     1.08     3.62   0.020   41     51.8     74.9
     1.47     4.00   0.020   42    -22.8     57.9
     1.49     4.60   0.021   43    -84.6     11.5
     1.27     5.01   0.020   44   -115.5    -20.8
     1.32     4.95   0.021   45   -131.4    -66.4
     1.55     4.72   0.020   46   -136.8   -117.2
     1.82     4.69   0.021   47   -175.0   -191.5
     1.73     4.79   0.020   48   -202.2   -205.6
     1.96     4.69   0.021   49   -264.6   -265.8
     1.59     4.38   0.021   51   -218.9   -298.8
     1.94     4.12   0.020   52   -300.2   -373.4
     1.77     4.04   0.021   53   -293.1   -344.3
     1.86     3.51   0.020   54   -311.3   -303.5
     2.00     2.56   0.021   55   -276.1   -206.8
     2.05     0.77   0.020   56   -167.4   -166.3
     1.90     0.56   0.021   57   -171.1   -260.1
     1.50     4.93   0.020   58    -20.7     41.1
     5.84     8.32   0.021   59    886.2   1193.7
     4.02     8.25   0.020   60   -783.8   -664.7
     4.48     6.33   0.021   61   -652.6   -503.1
     2.68     3.84   0.020   62   -186.3   -469.2
     1.85     2.59   0.021   63   -162.6   -264.6
     1.69     1.39   0.020   64   -218.8   -114.8
     1.21     0.42   0.021   65    -96.1   -130.6
     1.14     0.49   0.020   66    -79.1    -90.8
     1.10     0.49   0.020   67    -73.9    -87.5
     1.08     0.35   0.021   68    -64.6    -88.7
     1.02     0.22   0.020   69    -37.5    -74.4
     1.00     0.14   0.021   70    -36.4    -61.6
     1.00     0.11   0.020   71    -38.2    -56.2
     0.99     0.11   0.021   72    -31.4    -46.7
     0.98     0.12   0.020   73    -31.1    -43.7
     0.99     0.12   0.021   74    -20.5    -40.3
     1.00     0.10   0.020   75    -24.5    -37.4
     0.99     0.05   0.021   76    -21.1    -33.6
     0.96     0.08   0.020   77    -19.8    -27.3
     0.98     0.13   0.021   78    -19.7    -23.8
     0.98     0.14   0.020   79    -15.8    -24.0
     0.99     0.12   0.021   80    -14.1    -21.7
     1.00     0.12   0.020   81    -15.3    -18.3
     0.99     0.13   0.021   82    -16.9    -16.9
     0.98     0.18   0.020   83    -14.1    -17.8
     1.02     0.19   0.021   84     -7.1    -19.5
     0.96     0.20   0.020   85     10.6     -8.1
     0.97     0.05   0.021   86     -4.2     -6.0
     1.00     0.07   0.020   87    -16.0     -6.2
     1.00     0.09   0.021   88     -8.1    -10.2
     1.02     0.10   0.020   89    -17.5     -9.0
     1.00     0.15   0.021   90    -10.0     -7.2
     0.99     0.19   0.020   91     -4.2     -5.2
     0.98     0.19   0.020   92     -2.6     -1.9
     0.97     0.15   0.021   93     -3.1      0.5
     0.97     0.13   0.020   94     -4.8      1.4
     0.97     0.12   0.021   95     -5.6      3.0
     0.96     0.09   0.020   96      1.2     -0.1
     0.97     0.06   0.021   97      1.3     -2.6
     0.98     0.07   0.020   98     -0.9     -1.4
     0.98     0.07   0.021   99     -3.2     -2.5
     0.98     0.07   0.020  100     -4.1     -0.8
     0.97     0.05   0.021  101     -5.7      1.3
     0.99     0.06   0.020  102     -5.8     -0.4
     0.98     0.07   0.021  103     -1.7     -2.1
     0.97     0.06   0.020  104     -0.2     -1.9
     0.98     0.06   0.021  105     -0.3     -2.7
     0.98     0.04   0.020  106      0.3      1.0
     0.98     0.04   0.021  107     -3.1      0.3
     0.98     0.05   0.020  108     -2.1      1.2
     0.99     0.06   0.021  109     -3.4      0.1
     0.98     0.07   0.020  110     -2.4      0.7
     0.98     0.07   0.021  111     -0.9      0.9
     0.98     0.07   0.020  112      1.9     -0.5
     0.99     0.06   0.021  113     -0.4     -0.7
     0.98     0.06   0.020  114     -0.4     -0.6
     0.97     0.06   0.021  115     -0.2      2.2
     0.99     0.06   0.020  116     -1.0      0.6
