     0.98     0.04   0.020    8      0.9     -0.3
     0.98     0.04   0.021    9      1.2      1.9
     0.99     0.04   0.020   10      0.9     -0.5
     0.99     0.05   0.021   11      0.9     -0.5
     0.98     0.05   0.020   12      0.6     -0.4
     0.98     0.05   0.021   13      2.2     -2.0
     0.99     0.05   0.020   14      0.7     -0.2
     0.98     0.05   0.021   15      0.8     -1.1
     0.98     0.05   0.020   16      1.6     -0.7
     0.99     0.05   0.021   17      0.3      1.0
     0.98     0.05   0.020   18     -0.9      0.6
     0.98     0.04   0.021   19      0.9     -2.1
     0.98     0.04   0.020   20     -1.0      1.5
     0.98     0.04   0.021   21     -1.9      1.0
     0.99     0.04   0.020   22     -1.3      0.9
     0.99     0.04   0.021   23      2.1      0.7
     0.98     0.04   0.020   24      1.7     -0.4
     0.98     0.05   0.020   25      0.5      0.3
     0.98     0.05   0.021   26      1.7     -0.4
     0.98     0.05   0.020   27      0.7     -0.7
     0.98     0.05   0.021   28      0.6     -0.6
     0.98     0.05   0.020   29      1.6     -0.3
     0.99     0.05   0.021   30      0.9     -0.5
     0.98     0.05   0.020   31      0.2     -0.5
     0.97     0.05   0.021   32      2.1      0.1
     0.98     0.05   0.020   33     -0.8     -0.8
     1.02     0.05   0.021   34     -5.7      3.6
     1.00     0.05   0.020   35     -1.2      1.5
     0.98     0.05   0.021   36      2.8      0.6
     0.98     0.06   0.020   37      1.8      0.3
     0.99     0.07   0.021   38      2.5      1.6
     0.99     0.09   0.020   39      1.8      0.4
     0.98     0.10   0.021   40     -0.0     -0.9
     0.99     0.10   0.020   41      1.5     -0.3
     0.98     0.10   0.021   42     -0.8     -0.6
     0.97     0.07   0.020   43     -1.4     -1.7
     0.98     0.04   0.021   44     -2.0     -1.9
     0.98     0.04   0.020   45     -0.1     -0.3
     0.98     0.03   0.021   46      0.1     -1.4
     0.98     0.04   0.020   47      1.7      0.0
     0.98     0.03   0.021   48      1.6     -0.1
     0.98     0.03   0.020   49      1.1      0.8
     0.98     0.04   0.020   50      2.0      1.0
     0.98     0.04   0.021   51      1.2     -0.3
     0.99     0.05   0.020   52      1.8      1.0
     0.98     0.04   0.021   53     -0.3      0.3
     0.98     0.04   0.020   54     -0.1     -0.7
     0.98     0.03   0.021   55     -0.8     -2.0
     0.97     0.03   0.020   56      2.0     -2.0
     0.98     0.03   0.021   57      4.4     -2.2
     0.99     0.04   0.020   58      0.8      2.0
     0.99     0.04   0.021   59      1.6     -1.0
     0.99     0.05   0.020   60     -2.0      1.1
     0.98     0.05   0.021   61      0.3     -0.3
     0.97     0.05   0.020   62     -3.0      2.9
     1.01     0.05   0.021   63     -2.4      2.4
     0.98     0.05   0.020   64      1.4     -1.7
     0.98     0.05   0.021   65      1.9     -0.3
     0.97     0.05   0.020   66      1.6     -0.3
     0.98     0.05   0.021   67     -0.2     -0.8
     0.99     0.05   0.020   68      1.0     -0.4
     0.98     0.05   0.021   69     -0.4     -0.7
     0.98     0.04   0.020   70      0.7     -0.3
     0.98     0.04   0.021   71      0.7     -0.3
     0.98     0.04   0.020   72      0.7     -0.3
     0.98     0.04   0.021   73      1.6     -0.1
     0.98     0.04   0.020   74      0.5     -0.4
     0.98     0.04   0.020   75      0.5     -0.4
     0.98     0.04   0.021   76      1.4     -0.1
     0.98     0.04   0.020   77      1.0      0.9
     0.98     0.05   0.021   78     -0.5     -0.8
     0.98     0.04   0.020   79      0.5     -0.4
     0.97     0.04   0.021   80      1.4     -1.1
     0.98     0.04   0.020   81      1.8     -2.0
     0.98     0.04   0.021   82      1.2      0.1
     0.98     0.04   0.020   83      1.1      0.0
     0.99     0.04   0.021   84      0.2     -0.3
     0.99     0.04   0.020   85     -0.1      0.6
     0.98     0.04   0.021   86     -1.1      0.2
     0.99     0.04   0.020   87     -0.8      0.2
     0.99     0.05   0.021   88     -0.9      1.1
     0.98     0.05   0.020   89      1.5     -0.3
     0.99     0.05   0.021   90      1.5     -0.3
     0.99     0.04   0.020   91      0.7     -1.5
     0.98     0.04   0.021   92      1.2     -0.2
     0.99     0.05   0.020   93      1.0      0.8
     0.98     0.05   0.021   94      2.0      0.0
     0.99     0.05   0.020   95      2.0      0.0
     0.98     0.05   0.021   96      0.7     -0.3
     0.98     0.05   0.020   97      0.7     -0.2
     0.96     0.05   0.021   98      0.1     -3.3
     0.93     0.05   0.020   99      7.1     -5.8
     0.98     0.05   0.020  100      0.1      0.6
     1.01     0.05   0.021  101     -7.5      5.2
     1.00     0.05   0.020  102     -2.1      2.0
     0.98     0.05   0.021  103      0.4     -0.4
     0.98     0.05   0.020  104      1.3     -0.1
     0.98     0.05   0.021  105      0.3     -0.3
     0.99     0.05   0.020  106     -2.2     -1.1
     0.98     0.05   0.021  107     -0.3     -0.5
     0.98     0.05   0.020  108     -0.5      0.5
     0.98     0.05   0.021  109      1.7      0.1
     0.98     0.05   0.020  110      0.6     -0.2
     0.98     0.04   0.021  111      1.6      0.1
     0.98     0.04   0.020  112      0.5     -0.2
     0.98     0.04   0.021  113      0.4     -0.2
     0.98     0.04   0.020  114      0.2      0.7
     0.98     0.04   0.021  115      1.2      0.9
     0.98     0.04   0.020  116      1.0      0.7
     0.98     0.04   0.021  117      1.3     -0.3
     0.98     0.05   0.020  118      1.1     -0.3
     0.99     0.05   0.021  119      1.0      0.7
     0.98     0.05   0.020  120      0.2     -0.6
     0.98     0.05   0.021  121      1.3     -1.2
     0.99     0.05   0.020  122      1.2     -0.1
     0.99     0.06   0.021  123      1.0      1.0
     0.98     0.06   0.020  124     -0.0     -0.3
     0.97     0.08   0.020  125      4.0     -0.8
     1.00     0.12   0.021  126     -0.8      2.1
     0.98     0.13   0.020  127      0.5     -0.3
     0.99     0.12   0.021  128     -4.8     -1.5
     0.99     0.10   0.020  129      0.6      0.4
     0.98     0.09   0.021  130     -0.7      0.3
     0.99     0.09   0.020  131     -4.9      0.2
     1.00     0.08   0.021  132      1.9      0.3
     0.98     0.09   0.020  133      0.8     -1.7
     0.98     0.06   0.021  134     -2.5     -0.3
     0.98     0.02   0.020  135      0.3      1.5
     0.98     0.02   0.021  136      0.2      0.4
     0.98     0.05   0.020  137      0.3      2.7
     1.00     0.09   0.021  138      0.8      2.0
     1.03     0.13   0.020  139      4.1      0.3
     1.03     0.23   0.021  140     -1.1     -7.9
     0.89     0.27   0.020  141    -17.7    -39.8
     0.97     1.06   0.021  142     37.4    -56.2
     1.26     1.89   0.020  143    135.4   -124.9
     2.03     3.87   0.021  144     11.0   -123.8
     2.29     1.86   0.020  145    -43.6   -279.7
     1.95     1.33   0.021  146    163.1   -311.5
     1.92     0.78   0.020  147    222.9   -317.1
     1.78     0.64   0.021  148    168.0   -317.4
     1.63     1.22   0.020  149    192.6   -286.6
     1.49     1.65   0.020  150    168.0   -251.6
     1.31     2.27   0.021  151     98.6   -223.7
     1.11     2.54   0.020  152     75.3   -184.1
     0.92     2.88   0.021  153     59.3   -126.7
     0.92     2.93   0.020  154     18.8    -62.5
     1.12     2.99   0.021  155    -50.1     10.2
     1.85     3.67   0.020  156   -121.8    168.2
     2.08     4.18   0.021  157   -220.6    280.3
     1.50     4.26   0.020  158   -204.2    272.9
     1.35     3.18   0.021  159   -111.2    326.5
     1.74     2.04   0.020  160    -68.6    435.6
     2.15     1.19   0.021  161    -61.9    439.0
     1.93     0.29   0.020  162    -96.9    373.7
     1.63     2.16   0.021  163    227.6     -5.4
     3.54     3.40   0.020  164     45.6   -885.8
     4.83     8.28   0.021  165   -666.4    783.6
     2.59     3.62   0.020  166    227.0    355.8
     2.12     3.28   0.021  167    139.4    272.2
     1.10     1.53   0.021  169    -16.2     74.3
     1.51     1.26   0.020  170    -26.7    122.0
     1.00     0.66   0.021  171     12.0     58.8
     1.10     0.46   0.020  172     -7.4     64.6
     1.08     0.45   0.021  173     -3.1     47.9
     1.03     0.45   0.020  174     15.4     39.3
     1.01     0.39   0.020  175     -1.6     30.2
     1.08     0.36   0.021  176     12.9     33.1
     1.05     0.26   0.020  177      3.2     28.9
     1.02     0.20   0.021  178      1.4     26.3
     1.03     0.23   0.020  179      4.1     22.4
     1.01     0.22   0.021  180      0.9     16.8
     0.99     0.23   0.020  181      0.6     15.2
     0.95     0.27   0.021  182      0.4     12.7
     0.94     0.21   0.020  183     -3.4      4.9
     0.95     0.12   0.021  184     -3.5      8.9
     0.97     0.09   0.020  185     -2.5      6.3
     0.97     0.12   0.021  186      3.6      8.7
     0.98     0.19   0.020  187      4.6     11.0
     0.96     0.32   0.021  188      5.3      3.6
     1.00     0.41   0.020  189      2.4      8.4
     0.99     0.44   0.021  190      0.1      7.7
     0.99     0.44   0.020  191     -0.6     10.5
     1.01     0.44   0.021  192      2.8     11.1
     0.99     0.48   0.020  193     -3.5      8.6
     0.98     0.50   0.021  194      1.8      2.1
     0.95     0.62   0.020  195     -9.8    -31.2
     0.92     0.61   0.021  196    -27.8    -87.8
     1.02     1.21   0.020  197     -2.4   -110.2
     1.28     3.17   0.021  198    -12.1   -111.0
     2.22     5.53   0.020  199    102.0    -34.1
     2.35     7.57   0.020  200     72.7   -270.5
     4.97    10.43   0.021  201   -316.3   -260.3
     2.48     5.03   0.020  202    143.8   -492.6
     1.95     2.76   0.021  203    111.2   -422.4
     1.98     1.69   0.020  204    108.9   -460.0
     1.74     1.88   0.021  205    145.5   -401.7
     1.27     2.58   0.020  206     78.0   -307.3
     0.99     3.22   0.021  207     19.3   -239.0
     0.91     3.47   0.020  208     -1.1   -208.3
     1.08     3.68   0.021  209     -9.2   -194.1
     1.16     3.99   0.020  210    -10.5   -149.3
     1.19     4.59   0.021  211     24.3    -80.7
     1.23     5.06   0.020  212     74.8     -7.3
     1.41     5.36   0.021  213    100.5     69.2
     1.39     5.55   0.020  214     78.8    126.6
     1.53     5.47   0.021  215     37.1    190.9
     1.79     5.35   0.020  216     -2.1    278.8
     1.98     5.09   0.021  217   -114.3    358.1
     2.80     4.85   0.020  218   -227.4    604.6
     3.51     5.26   0.021  219   -184.9    872.9
     2.92     4.98   0.020  220     55.3    656.6
     3.25     3.33   0.021  221    304.6    434.9
     3.20     1.17   0.020  222    191.5    374.6
     2.36     3.39   0.021  223     23.7    320.7
     1.82     3.31   0.020  224    -98.3    407.5
     2.30     5.47   0.020  225   -337.0    210.4
     2.81     9.64   0.021  226   -232.4   -453.1
     5.65     3.96   0.020  227    593.0   1080.4
     1.42     3.54   0.021  228   -322.3    113.3
     1.43     3.26   0.020  229     63.0    241.4
     2.88     2.71   0.021  230    -62.5    476.6
     1.55     1.21   0.020  231    129.1    162.6
     1.18     0.53   0.021  232     39.3    124.9
     1.30     0.29   0.020  233     76.5    145.0
     1.10     0.10   0.021  234     44.2    105.1
     1.07     0.33   0.020  235     26.5    105.3
     1.02     0.33   0.021  236     17.4     83.8
     1.02     0.27   0.020  237     20.2     71.2
     1.01     0.20   0.021  238     18.1     64.4
     0.98     0.17   0.020  239     14.1     56.8
     0.97     0.10   0.021  240     12.3     48.2
     0.97     0.05   0.020  241     14.0     41.5
     0.98     0.07   0.021  242     19.6     42.0
     0.98     0.11   0.020  243     18.5     39.1
     0.99     0.13   0.021  244     11.4     36.1
     0.99     0.15   0.020  245     15.3     35.7
     0.99     0.19   0.021  246     18.1     30.7
     0.98     0.28   0.020  247     13.7     24.6
     0.98     0.30   0.021  248      0.2     20.4
     0.98     0.28   0.020  249     -5.0     16.5
     0.96     0.18   0.020  250     -6.1     11.5
     0.96     0.20   0.021  251     15.2     12.6
     0.94     0.30   0.020  252      5.8     -4.2
     0.98     0.40   0.021  253     15.1      6.5
     1.01     0.53   0.020  254      5.2      0.1
     1.02     1.09   0.021  255    -36.2    -64.6
     1.26     3.83   0.020    0    -54.1   -163.3
     2.15     9.53   0.021    1    -52.2   -308.8
     2.53    11.80   0.020    2   -101.5   -465.5
     5.83     6.68   0.021    3   -211.7   -382.9
     2.04     3.60   0.020    4    -15.3   -482.8
     1.78     2.90   0.021    5   -143.1   -397.5
     1.69     1.60   0.021    7   -116.3   -408.9
     1.62     0.44   0.020    8    -40.7   -403.1
     1.55     2.11   0.021    9     10.1   -380.7
     1.41     3.67   0.020   10     61.7   -328.3
     1.31     4.88   0.021   11    102.0   -258.9
     1.36     5.32   0.020   12     94.5   -195.3
     1.42     6.64   0.020   14     55.2    -10.0
     1.39     6.77   0.021   15     13.7     92.2
     1.25     6.39   0.020   16    -17.8    131.3
     1.82     6.00   0.021   17    -65.4    157.9
     2.82     5.50   0.020   18   -177.5    364.6
     3.93     5.98   0.020   19   -141.6    712.8
     2.91     5.58   0.020   21    171.9    664.7
     3.40     3.11   0.021   22    295.0    656.6
     3.24     1.60   0.020   23     50.0    563.9
     2.76     2.34   0.021   24   -157.8    552.4
     0.84     3.54   0.020   25    -94.4     46.9
     6.60     4.72   0.021   26    196.4  -1645.3
     3.54     4.32   0.021   28    561.3    296.3
     1.62     3.41   0.020   29   -295.5    132.0
     1.39     2.70   0.021   30    -67.0    134.3
     1.75     2.24   0.020   31    -30.2    182.1
     1.59     0.91   0.021   32     77.6    108.8
     1.30     0.48   0.020   33    -36.6     91.0
     1.39     0.26   0.021   34     44.5     68.8
     1.07     0.12   0.020   35     18.9     34.1
     1.09     0.11   0.021   36     24.9     44.5
     1.06     0.17   0.020   37      3.8     39.1
     1.04     0.28   0.021   38      7.5     34.0
     0.97     0.26   0.020   39      3.5     15.9
     0.98     0.25   0.021   40     -0.7     17.7
     1.00     0.19   0.021   42     -5.8     19.7
     0.98     0.13   0.020   43     -4.5     19.3
     0.96     0.12   0.020   44      2.6     22.2
     1.00     0.11   0.021   45      0.7     14.4
     1.01     0.12   0.020   46      6.1     16.1
     0.99     0.20   0.021   47      4.6     14.6
     0.98     0.25   0.021   49     -3.7      7.0
     0.96     0.23   0.020   50    -12.4     -3.8
     0.96     0.17   0.021   51     -6.9     -2.0
     1.01     0.25   0.020   52      8.5      6.7
     0.99     0.23   0.021   53      5.8      6.1
     0.97     0.34   0.020   54     11.2     -6.9
     0.99     0.63   0.020   56    -13.3    -41.2
     1.03     1.46   0.021   57    -17.1   -106.8
     1.36     4.05   0.020   58    -27.4   -175.3
     2.45     9.69   0.021   59     88.8   -318.3
     2.51    11.54   0.020   60      7.7   -539.4
     4.05     6.03   0.021   61   -134.3   -497.5
     2.27     2.13   0.021   63    -47.4   -551.8
     1.93     1.64   0.020   64    -40.5   -488.1
     1.76     1.50   0.021   65     -6.3   -446.7
     1.61     2.14   0.020   66      4.9   -402.6
     1.31     3.20   0.021   67     21.4   -324.8
     1.17     4.05   0.020   68     37.2   -262.2
     1.11     5.02   0.021   70     15.0   -105.2
     1.21     5.47   0.020   71     25.2    -31.3
     1.21     5.67   0.021   72     10.3     44.1
     1.43     5.43   0.020   73     -2.9    122.9
     1.91     5.27   0.021   74    -20.2    205.0
     2.66     5.28   0.020   75   -113.5    389.3
     2.80     5.94   0.020   77   -127.7    674.6
     2.82     4.85   0.021   78     10.0    715.1
     3.09     3.97   0.020   79    213.7    667.0
     3.37     3.30   0.021   80    165.9    606.5
     2.78     1.81   0.020   81   -159.4    334.0
     1.57     3.73   0.021   82   -130.6    320.6
     3.04     8.01   0.021   84   -396.6    670.0
     4.69     5.65   0.020   85    551.5    685.8
     2.21     3.74   0.021   86    291.2    237.2
     1.29     3.72   0.020   87   -289.7    112.7
     3.55     2.56   0.021   88    -59.4    412.6
     1.60     1.91   0.020   89    138.0     66.9
     1.11     0.34   0.020   91      1.1     89.0
     1.05     0.18   0.021   92     13.1     69.8
     1.04     0.19   0.020   93     24.3     66.7
     1.00     0.16   0.020   94     15.3     51.6
     0.99     0.19   0.021   95     13.8     44.8
     0.99     0.20   0.020   96     14.6     37.1
     0.97     0.23   0.020   98      6.1     28.1
     0.97     0.19   0.021   99      1.9     23.3
     0.97     0.16   0.020  100      7.5     25.2
     0.97     0.22   0.021  101     11.2     19.7
     0.98     0.34   0.020  102     16.0     21.0
     0.98     0.42   0.021  103     15.3     20.3
     0.99     0.53   0.021  105      6.3     18.6
     0.96     0.58   0.020  106    -18.1      5.4
     0.96     0.39   0.021  107    -10.7      5.7
     0.98     0.33   0.020  108     -2.8      4.0
     0.96     0.30   0.021  109     -5.0    -14.4
     0.99     0.48   0.020  110     -9.4    -21.2
     1.19     2.00   0.020  112    -36.6   -157.3
     1.43     3.41   0.021  113    -64.4   -159.6
     3.18     7.48   0.020  114      9.8   -161.1
     3.62    12.69   0.021  115    -50.2   -419.3
     2.87     5.34   0.020  116    -64.6   -525.2
     2.21     3.03   0.021  117    -34.8   -527.6
     1.79     0.71   0.020  119   -135.8   -433.1
     1.57     1.28   0.021  120    -37.8   -396.2
     1.42     2.77   0.020  121      3.1   -354.2
     1.19     3.40   0.021  122     22.5   -284.0
     1.10     4.23   0.020  123     62.2   -217.5
     1.28     4.83   0.021  124     94.4   -155.3
     1.50     5.91   0.021  126    150.9      3.0
     1.50     5.99   0.020  127    121.3    100.2
     1.21     5.94   0.021  128     78.9    144.5
     1.67     5.04   0.020  129      2.0    200.2
     2.99     5.05   0.021  130   -127.5    480.3
     3.20     6.37   0.020  131   -124.3    701.5
     2.68     4.57   0.020  133    116.0    644.7
     2.85     2.92   0.021  134    289.6    515.1
     3.06     2.20   0.020  135    200.1    502.5
     2.87     2.21   0.021  136    -67.1    462.6
     2.28     3.02   0.020  137    -94.8    459.9
     2.17     5.18   0.021  138   -270.2    288.0
     3.83     3.57   0.021  140    732.3    319.9
     1.78     4.04   0.020  141   -392.9    166.3
     1.46     3.44   0.021  142    -47.8    207.3
     2.93     2.64   0.020  143    -23.1    427.3
     1.48     1.47   0.020  144     82.8    107.5
     1.30     1.04   0.021  145     36.9    103.1
     1.14     0.27   0.021  147     40.4     82.4
     1.08     0.14   0.020  148     28.5     80.9
     1.02     0.25   0.021  149     13.4     60.9
     1.02     0.25   0.020  150     17.0     59.1
     0.99     0.26   0.021  151      8.0     46.8
     0.99     0.25   0.020  152      6.7     43.7
     0.97     0.27   0.020  154      3.8     32.7
     0.99     0.24   0.021  155      8.4     34.2
     0.97     0.23   0.020  156      9.1     30.8
     0.98     0.22   0.021  157      4.8     25.4
     0.99     0.21   0.020  158      3.8     25.9
     0.98     0.22   0.021  159      0.6     21.4
     1.00     0.19   0.021  161      1.3     17.0
     0.95     0.18   0.020  162      7.9     10.8
     0.97     0.36   0.021  163     13.8      7.5
     0.97     0.46   0.020  164     -0.7      1.7
     0.98     0.53   0.021  165     -4.7      1.2
     0.98     0.64   0.020  166    -13.2    -14.3
     1.04     3.19   0.020  168    -40.0   -145.5
     1.89     7.43   0.020  169   -113.8    -76.7
     3.41    11.09   0.021  170   -130.9   -426.3
     3.85    10.19   0.020  171     16.6   -377.5
     2.60     3.29   0.021  172    -13.1   -558.6
     2.06     2.64   0.020  173   -216.5   -444.4
     1.32     1.03   0.020  175    -45.7   -334.6
     1.24     1.33   0.021  176    -13.3   -313.1
     1.09     2.43   0.020  177      8.2   -261.6
     1.00     3.39   0.021  178     33.3   -211.2
     1.10     4.08   0.020  179     38.9   -169.6
     1.21     4.35   0.021  180     47.8   -109.8
     1.36     4.90   0.020  181     71.1    -25.6
     1.35     5.49   0.021  182     83.9     46.0
     1.39     5.80   0.020  183     73.7    117.2
     1.28     5.66   0.021  184     59.0    149.2
     1.69     5.34   0.020  185    -28.2    256.7
     2.91     5.12   0.021  186   -166.9    532.0
     3.45     6.04   0.020  187   -177.4    763.9
     3.05     4.87   0.020  189    219.9    675.1
     3.62     3.61   0.021  190    493.4    508.7
     3.87     2.74   0.020  191    365.4    387.8
     3.13     2.22   0.021  192      0.1    399.2
     2.02     4.86   0.020  193   -135.1     95.1
     3.69     5.11   0.020  194   -328.1   -880.7
     4.70     3.91   0.020  196    972.6    280.3
     1.82     4.52   0.021  197    -81.2    338.5
     1.78     2.20   0.020  198   -238.6    303.6
     2.50     1.61   0.021  199     63.5    425.3
     1.30     0.57   0.020  200     43.7    142.2
     1.07     0.55   0.021  201     17.7     96.1
     1.28     0.06   0.021  203     35.3    123.4
     1.15     0.11   0.020  204     31.1    110.4
     1.03     0.17   0.021  205     15.1     82.3
     1.01     0.19   0.020  206     10.5     77.8
     0.96     0.10   0.021  207     11.1     58.3
     0.98     0.09   0.020  208      3.1     58.1
     0.98     0.07   0.020  210      7.3     45.9
     1.00     0.13   0.021  211     16.0     45.2
     0.98     0.18   0.020  212     12.6     40.8
     0.99     0.27   0.021  213      9.6     35.1
     1.02     0.30   0.020  214      0.6     39.9
     0.98     0.32   0.021  215     -7.4     30.0
     0.96     0.17   0.021  217    -13.1     16.2
     0.98     0.20   0.020  218      8.3     19.7
     0.97     0.20   0.020  219      6.2     15.0
     0.97     0.27   0.021  220      6.2      2.4
     0.97     0.41   0.020  221     -4.4      0.5
     0.98     0.60   0.021  222    -36.1    -16.7
     1.30     3.11   0.021  224    -87.0   -172.4
     2.46     7.28   0.020  225    -63.0   -276.5
     2.50    12.68   0.021  226   -159.3   -469.9
     5.30     5.76   0.020  227   -267.7   -138.6
     2.10     3.64   0.021  228    -83.0   -459.5
     2.02     2.67   0.020  229   -179.1   -426.1
     1.54     1.28   0.020  231   -136.9   -362.2
     1.45     1.82   0.021  232   -114.6   -338.5
     1.23     2.32   0.020  233    -89.0   -283.3
     1.10     3.20   0.021  234    -64.8   -222.6
     1.04     3.99   0.020  235    -52.5   -149.3
     1.03     4.53   0.021  236    -42.0    -70.2
     1.14     5.10   0.021  238     39.6     43.8
     1.25     5.28   0.020  239     77.7     82.5
     1.48     5.35   0.021  240     84.0    162.6
     1.52     5.34   0.020  241    123.7    188.5
     2.04     5.24   0.021  242    111.7    308.2
     2.82     4.96   0.020  243     32.0    593.9
     2.73     4.78   0.021  245    156.9    669.4
     3.06     3.75   0.020  246    300.0    599.7
     3.25     3.48   0.021  247    241.8    328.0
     2.96     1.50   0.020  248     17.0    337.8
     2.16     5.94   0.021  249     87.8    413.2
     3.84     7.26   0.020  250    -40.4   -929.6
     2.69     4.60   0.020  252    237.9    462.5
     1.20     2.72   0.021  253   -195.6    160.3
     1.54     2.63   0.020  254      9.2    220.4
     1.56     1.76   0.021  255    150.5    238.9
     1.14     0.58   0.020    0     35.1    133.0
     1.29     0.29   0.021    1     75.4    115.5
     1.06     0.70   0.021    3     47.8     77.4
     1.03     0.56   0.020    4     25.9     75.5
     1.01     0.47   0.021    5     25.0     64.0
     0.99     0.46   0.020    6     11.0     50.9
     0.99     0.31   0.021    7     10.1     49.3
     0.97     0.24   0.020    8     18.7     47.3
     0.98     0.13   0.020   10     16.4     37.7
     0.98     0.10   0.021   11     12.1     34.7
     0.98     0.06   0.020   12      5.3     29.8
     0.98     0.07   0.020   13      6.2     25.4
     1.00     0.06   0.021   14     14.5     29.2
     1.02     0.11   0.020   15     15.1     28.5
     0.98     0.19   0.020   17      1.1     13.9
     0.97     0.17   0.021   18     -3.3      5.4
     0.98     0.14   0.020   19      9.0      7.2
     0.96     0.17   0.021   20      6.9      1.2
     0.97     0.30   0.020   21      3.3     -0.3
     1.00     0.42   0.021   22     -4.9      1.3
     1.02     1.50   0.021   24    -38.2   -116.6
     1.17     2.72   0.020   25    -78.6   -173.2
     2.82     5.53   0.021   26     37.6   -328.1
     2.40    11.97   0.020   27     17.1   -449.6
     5.76    11.00   0.021   28   -114.4   -193.6
     2.54     3.04   0.020   29    -24.9   -573.5
     1.63     1.62   0.020   31   -211.5   -338.7
     1.39     0.79   0.021   32   -144.5   -315.8
     1.29     1.37   0.020   33    -65.5   -303.3
     1.10     1.88   0.021   34     -5.9   -254.4
     1.13     2.81   0.020   35     34.9   -220.5
     1.11     3.68   0.021   36     46.7   -152.3
     1.11     4.81   0.020   38     30.8    -18.7
     1.27     5.04   0.021   39     30.5     53.5
     1.28     5.49   0.020   40     32.8    101.4
     1.46     5.71   0.021   41     39.3    161.3
     1.52     5.83   0.020   42     30.1    222.3
     1.73     5.74   0.021   43     30.7    292.8
     2.87     5.98   0.021   45    -89.5    656.4
     3.23     6.05   0.020   46      6.1    818.8
     2.90     4.54   0.021   47    114.5    665.6
     3.16     4.41   0.020   48    323.0    454.3
     3.85     3.80   0.021   49    177.0    447.8
     3.26     2.98   0.020   50   -138.3    270.4
     5.77     4.75   0.021   51   -296.9  -1445.3
     5.24    10.04   0.020   52    419.9   1207.8
     3.56     5.41   0.021   53    692.6    395.2
     2.26     4.75   0.020   54     23.7    415.0
     2.76     3.12   0.021   55    -82.6    484.5
     1.56     1.55   0.020   56    177.5    163.1
     1.71     0.76   0.021   57    147.8    165.1
     1.21     0.41   0.020   58     67.0    132.7
     1.17     0.38   0.021   59     67.4    137.0
     1.04     0.39   0.020   60     44.9     97.1
     1.01     0.35   0.021   61     34.0     88.1
     1.00     0.34   0.020   62     35.2     79.2
     0.99     0.36   0.020   63     30.9     67.8
     0.97     0.33   0.021   64     14.0     63.5
     0.98     0.19   0.020   65     15.4     57.3
     0.99     0.14   0.021   66     15.2     50.9
     0.98     0.09   0.020   67     12.6     46.3
     0.98     0.08   0.021   68     14.3     41.8
     0.98     0.06   0.020   69     10.7     38.3
     0.98     0.05   0.021   70     15.0     36.2
     1.00     0.10   0.020   71     18.5     35.3
     1.00     0.21   0.021   72     21.6     31.4
     0.97     0.28   0.020   73     14.6     27.0
     0.95     0.23   0.021   74      1.7     18.3
     0.96     0.12   0.020   75     -7.3     10.6
     0.95     0.17   0.021   76     -6.5      9.2
     0.97     0.27   0.020   77      5.3     11.3
     0.96     0.28   0.021   78     16.2      8.0
     0.97     0.43   0.020   79     10.0      7.4
     0.98     0.48   0.021   80      8.5      6.0
     0.99     0.70   0.020   81     -8.0    -12.7
     0.99     1.31   0.021   82    -30.3    -92.2
     1.11     3.51   0.020   83    -75.8   -142.1
     2.54     7.41   0.021   84     42.5   -227.6
     2.18    12.43   0.020   85    -17.4   -280.3
     3.40     8.00   0.021   86    -79.6   -373.2
     1.91     4.05   0.020   87     -4.9   -429.7
     1.82     2.76   0.020   88   -118.8   -403.6
     1.65     1.82   0.021   89   -124.8   -381.4
     1.35     1.56   0.020   90    -79.3   -330.7
     1.18     1.81   0.021   91    -60.6   -291.2
     1.13     2.15   0.020   92    -31.2   -271.9
     1.20     2.93   0.021   93    -14.4   -249.5
     1.10     3.84   0.020   94    -17.4   -178.9
     1.03     4.53   0.021   95     -8.5   -104.3
     1.17     4.98   0.020   96     15.8    -32.4
     1.33     5.21   0.021   97     41.7     47.5
     1.35     5.71   0.020   98     61.3    108.8
     1.57     5.87   0.021   99     57.0    186.7
     1.72     5.90   0.020  100     21.4    279.2
     2.12     5.63   0.021  101    -12.8    382.1
     3.09     5.73   0.020  102    -68.3    663.6
     3.58     6.61   0.021  103      1.2    885.8
     3.21     6.35   0.020  104    114.9    784.7
     3.24     4.02   0.021  105    362.5    462.9
     4.19     4.05   0.020  106    438.7    361.2
     3.58     2.01   0.021  107    -84.4    178.7
     2.51     4.27   0.020  108    -58.7    402.7
     2.43     5.21   0.021  109    134.5    219.6
     3.89     8.40   0.020  110   -512.6   -292.9
     4.57     6.16   0.021  111    644.0    820.1
     3.10     4.48   0.020  112    480.5    424.8
     2.25     2.88   0.020  113   -207.2    444.8
     2.67     1.21   0.021  114    157.7    450.6
     1.41     0.35   0.020  115     73.0    214.7
     1.37     0.11   0.021  116    113.3    164.5
     1.18     0.55   0.020  117     61.0    155.2
     1.05     0.51   0.021  118     42.3    118.9
     1.01     0.42   0.020  119     35.0    109.7
     1.02     0.39   0.021  120     34.9    100.7
     0.99     0.40   0.020  121     26.0     87.8
     0.97     0.37   0.021  122     18.8     73.8
     0.95     0.29   0.020  123     10.7     61.7
     0.97     0.13   0.021  124     13.8     62.4
     0.97     0.09   0.020  125     16.4     55.3
     0.98     0.09   0.021  126     17.4     53.5
     0.99     0.11   0.020  127     20.6     50.0
     1.00     0.12   0.021  128     20.6     44.2
     0.99     0.18   0.020  129     23.3     41.4
     0.98     0.24   0.021  130     13.5     35.2
     0.96     0.25   0.020  131     -3.6     26.0
     0.96     0.15   0.021  132     -2.8     24.1
     0.97     0.13   0.020  133      0.3     22.9
     0.97     0.20   0.021  134     12.6     20.8
     0.97     0.23   0.020  135     14.7     18.5
     0.95     0.34   0.021  136      0.4      7.3
     0.96     0.45   0.020  137     -0.8      4.3
     0.96     0.73   0.020  138    -35.7    -31.9
     1.02     2.13   0.021  139    -43.8    -91.6
     1.31     3.32   0.020  140    -62.5    -67.9
     2.56     7.97   0.021  141    -74.0   -246.9
     2.65    13.15   0.020  142   -137.4   -546.6
     4.67     7.11   0.021  143   -134.5   -164.9
     2.52     2.85   0.020  144    -73.6   -513.1
     1.74     2.66   0.021  145   -144.8   -391.8
     1.66     1.60   0.020  146   -191.8   -358.5
     1.53     0.99   0.021  147   -134.9   -366.3
     1.58     1.82   0.020  148    -91.9   -381.7
     1.24     3.05   0.021  149    -57.1   -305.2
     1.09     3.39   0.020  150    -15.8   -261.0
     1.16     4.03   0.021  151     -1.5   -157.8
     1.07     4.79   0.020  152     28.8    -82.8
     1.18     5.26   0.021  153     65.9    -24.3
     1.55     5.39   0.020  154     76.6     45.2
     1.70     5.79   0.021  155     57.6    141.8
     1.50     6.21   0.020  156     24.5    190.7
     1.74     5.93   0.021  157     20.6    250.8
     2.55     5.61   0.020  158    -67.5    454.4
     3.38     5.76   0.021  159    -87.4    739.7
     3.62     6.26   0.020  160     13.0    920.5
     2.97     5.60   0.021  161    187.6    589.1
     3.96     4.12   0.020  162    445.3    510.1
     3.93     2.20   0.020  163     96.8    320.3
     2.80     1.77   0.021  164     54.0    390.2
     2.87     4.72   0.020  165    277.7    260.1
     4.64    11.61   0.021  166   -473.8   -520.4
     5.17     6.63   0.020  167    513.5    929.5
     3.72     5.20   0.021  168    507.0    480.2
     4.37     3.73   0.020  169   -330.9    775.7
     1.71     1.10   0.021  170    243.0     76.9
     1.40     0.94   0.020  171     94.1    131.2
     1.38     0.12   0.021  172     58.6    157.7
     1.08     0.36   0.020  173     38.2    110.2
     1.02     0.34   0.021  174     31.3     81.0
     1.00     0.20   0.020  175     30.2     70.5
     1.00     0.21   0.021  176     31.2     68.5
     1.00     0.24   0.020  177     23.1     62.1
     1.01     0.24   0.021  178     18.2     54.4
     0.98     0.18   0.020  179      7.6     43.6
     0.99     0.10   0.021  180      9.2     43.1
     0.98     0.07   0.020  181      9.8     38.2
     0.98     0.07   0.021  182      9.7     34.0
     0.98     0.08   0.020  183     12.0     32.0
     1.00     0.08   0.021  184      7.9     31.7
     0.98     0.13   0.020  185     20.7     27.5
     0.98     0.26   0.021  186     12.2     24.7
     0.96     0.33   0.020  187     -9.6     12.0
     0.96     0.27   0.020  188     -9.8     11.3
     0.96     0.14   0.021  189      1.1     13.1
     0.92     0.14   0.020  190      8.9      0.7
     0.93     0.19   0.021  191      9.5     -2.0
     0.99     0.36   0.020  192     11.2      9.0
     0.99     0.41   0.021  193      4.4      7.5
     1.01     1.03   0.021  195    -35.7    -97.4
     1.43     3.29   0.020  196    -58.0   -131.2
     2.54     7.77   0.021  197    -46.3   -335.2
     2.57    11.08   0.020  198    -99.4   -528.1
     5.88    11.05   0.021  199   -233.7   -348.2
     2.29     3.23   0.020  200    -54.1   -530.7
     1.92     2.30   0.021  201    -77.5   -450.1
     1.54     1.66   0.020  202   -133.7   -358.8
     1.21     1.42   0.021  203    -64.8   -303.7
     1.23     1.42   0.020  204    -27.8   -307.4
     1.08     1.96   0.021  205    -22.8   -257.8
     0.91     2.74   0.020  206    -20.6   -203.1
     0.89     3.05   0.021  207     -7.6   -165.3
     1.02     4.28   0.021  209      0.9    -55.0
     1.00     4.72   0.020  210     29.4     -8.8
     1.18     5.02   0.021  211     78.8     31.9
     1.47     5.18   0.020  212     92.5    104.3
     1.52     5.55   0.020  213     69.4    182.2
     1.47     5.48   0.021  214     71.6    214.3
     2.81     5.89   0.021  216    -91.0    596.7
     3.37     6.13   0.020  217    -50.2    829.5
     3.03     5.57   0.021  218    308.2    540.6
     4.03     3.68   0.020  219    414.9    465.7
     3.79     2.62   0.021  220     90.3    249.9
     0.93     3.18   0.020  221    214.3    103.0
     4.72     4.66   0.021  222   -214.1  -1182.2
     6.36    11.46   0.020  223   -344.5   1591.6
     4.19     6.02   0.021  224    553.3    600.7
     2.86     4.18   0.020  225      4.8    511.6
     1.62     3.03   0.021  226    -26.5    279.0
     1.55     0.95   0.020  227     -4.2    214.3
     1.42     0.67   0.021  228     55.6    137.7
     1.10     0.30   0.021  230      1.2    113.0
     1.05     0.35   0.020  231      8.3     88.1
     1.02     0.33   0.021  232     -4.1     84.2
     1.00     0.34   0.020  233     -3.4     78.1
     1.00     0.30   0.021  234     -4.8     65.9
     0.97     0.23   0.020  235    -11.4     49.0
     0.98     0.13   0.020  237     -4.2     48.9
     0.96     0.08   0.020  238     -7.4     39.1
     0.96     0.13   0.021  239     -5.2     33.5
     0.97     0.20   0.020  240     -3.1     33.4
     1.00     0.19   0.021  241     -2.5     35.5
     1.00     0.12   0.020  242     -1.2     33.1
     0.99     0.09   0.020  244      1.0     24.6
     0.99     0.10   0.021  245     -1.4     20.3
     0.97     0.11   0.020  246      3.0     15.5
     0.98     0.14   0.021  247     -1.3     16.6
     0.98     0.18   0.020  248     -0.0     12.8
     0.96     0.23   0.021  249     -3.2      7.4
     0.96     0.31   0.021  251     -4.5      0.7
     0.99     0.37   0.020  252     -7.6     -1.6
     0.98     0.59   0.021  253    -27.7    -70.6
     1.08     1.92   0.020  254    -36.3   -127.0
     1.79     3.06   0.021  255     26.5    -52.6
     2.46     6.69   0.020    0     23.8   -260.4
     4.22     9.82   0.020    2   -178.5   -265.8
     1.70     2.84   0.021    3      8.4   -367.2
     1.66     2.82   0.020    4    -27.6   -359.4
     1.57     1.90   0.021    5    -74.7   -336.6
     1.16     1.13   0.020    6    -75.0   -264.9
     0.89     1.69   0.020    7    -29.2   -212.0
     0.84     2.46   0.020    9      1.6   -167.2
     0.77     3.25   0.021   10     -9.4   -126.6
     0.83     3.90   0.020   11     12.6    -97.9
     0.93     4.37   0.021   12     22.3    -44.7
     0.89     4.80   0.020   13     -3.7     12.6
     0.87     4.86   0.021   14      4.9     49.6
     1.31     5.49   0.021   16     60.1    155.6
     1.05     5.51   0.020   17     56.7    164.5
     1.44     5.20   0.021   18     -3.1    231.0
     2.21     4.94   0.020   19    -17.9    386.1
     2.58     5.02   0.021   20     27.3    509.1
     2.86     5.35   0.020   21    139.6    646.2
     2.28     4.16   0.020   23     65.9    519.8
     2.83     2.65   0.021   24    128.5    455.6
     3.03     2.14   0.020   25     46.2    390.6
     2.33     3.10   0.021   26   -221.8    391.3
     2.39     3.27   0.020   27     74.4   -221.4
     6.56    11.32   0.021   28    253.1  -1651.5
     4.33     4.14   0.021   30   -278.5    563.3
     2.18     3.39   0.020   31    284.2    250.9
     1.20     0.97   0.020   32      5.3    114.1
     1.23     0.93   0.021   33     50.8    134.1
     1.05     0.17   0.020   34     20.1     78.1
     1.01     0.14   0.021   35      7.8     68.3
     1.00     0.16   0.021   37      1.2     48.8
     0.99     0.16   0.020   38      6.9     43.5
     0.99     0.10   0.021   39      8.2     40.0
     0.98     0.07   0.020   40      9.3     38.8
     0.99     0.13   0.021   41      2.9     33.3
     0.98     0.18   0.020   42      5.2     25.0
     0.97     0.25   0.020   44      3.2     23.9
     0.97     0.27   0.021   45     -1.0     17.4
     0.98     0.30   0.020   46     -1.4     21.6
     0.99     0.31   0.021   47     -0.1     19.7
     1.00     0.33   0.020   48     -0.7     17.5
     0.98     0.32   0.021   49      1.9     14.3
     0.98     0.27   0.021   51     -3.0     11.0
     0.98     0.23   0.020   52     -5.6      8.8
     0.99     0.18   0.021   53     -2.4     11.0
     1.00     0.19   0.020   54     -1.6      6.0
     0.99     0.20   0.021   55      1.8     11.1
     0.98     0.16   0.020   56     -1.0      4.4
     0.98     0.20   0.021   58      1.9      3.6
     0.99     0.23   0.020   59      1.8      4.6
     1.00     0.31   0.021   60      7.8      6.1
     1.02     0.61   0.020   61     19.6      2.1
     1.03     1.03   0.021   62     53.8    -30.5
     1.27     2.57   0.020   63    157.0    -49.6
     3.20     8.65   0.020   65    588.4     31.2
     2.62    14.27   0.021   66    438.7   -163.6
     3.40    11.30   0.020   67    598.0    -16.2
     2.75     3.60   0.021   68    667.5    177.4
     1.75     5.44   0.020   69    378.0     66.2
     1.10     5.34   0.021   70    223.0    -48.9
     1.23     4.30   0.021   72    308.8     30.8
     1.34     4.14   0.020   73    315.4     28.1
     1.06     4.58   0.021   74    243.1     53.6
     1.13     5.08   0.020   75    202.3    140.6
     1.43     5.33   0.021   76    103.0    173.0
     1.13     6.12   0.020   77    -26.2     78.7
     1.57     6.28   0.020   79   -185.4     41.8
     1.54     6.48   0.021   80   -277.2    -88.9
     1.21     6.18   0.020   81   -260.8   -102.3
     1.83     5.11   0.020   82   -360.6   -159.7
     3.98     4.77   0.021   83   -815.0   -382.8
     3.92     5.69   0.020   84   -902.2   -435.1
     2.96     2.74   0.020   86   -552.4    127.1
     2.86     1.38   0.021   87   -445.7      3.2
     2.10     4.37   0.020   88   -301.8    267.2
     4.53    11.61   0.021   89   1048.8    213.9
     4.13     5.10   0.020   90   -805.5   -506.9
     3.20     5.35   0.021   91   -483.1    230.3
     2.27     0.95   0.021   93   -256.4   -195.1
     1.67     0.26   0.020   94   -185.2     -0.4
     0.95     0.15   0.021   95    -60.7    -26.8
     0.93     0.08   0.020   96    -63.8    -21.3
     0.76     0.21   0.021   97    -36.0    -28.8
     1.10     0.39   0.020   98    -73.3      0.6
     1.08     0.27   0.020  100    -53.2    -11.3
     1.03     0.35   0.021  101    -39.1    -19.5
     0.97     0.28   0.020  102    -32.5    -14.8
     1.01     0.22   0.021  103    -35.6    -15.7
     0.99     0.24   0.020  104    -26.5    -13.0
     0.95     0.20   0.021  105    -23.4    -12.5
     0.95     0.09   0.020  107    -19.8    -12.9
     0.99     0.04   0.021  108    -21.3    -10.3
     1.00     0.12   0.020  109    -26.0     -3.1
     1.00     0.15   0.021  110    -20.1     -1.4
     1.00     0.23   0.020  111    -19.4     -5.1
     0.97     0.28   0.021  112    -11.7     -4.0
     0.96     0.19   0.021  114     -1.5    -11.9
     0.97     0.17   0.020  115     -3.5     -9.8
     0.97     0.20   0.021  116     -4.6     -4.9
     0.97     0.27   0.020  117     -8.2      7.1
     0.96     0.32   0.021  118     -1.5      5.9
     0.97     0.40   0.020  119      5.8     -3.7
     0.99     1.34   0.020  121     62.6      9.3
     1.14     3.10   0.021  122    105.2     43.4
     2.11     7.42   0.020  123     81.8     91.3
     2.43    10.03   0.021  124    369.2    115.7
     2.35    13.43   0.020  125    417.5    328.3
     3.80     4.21   0.021  126    323.6     73.7
     1.89     2.24   0.021  128    402.4    193.7
     1.86     1.55   0.020  129    438.9    102.7
     1.21     1.49   0.021  130    268.1    153.8
     1.07     2.31   0.020  131    199.0    187.3
     0.99     2.91   0.020  132    176.6    163.9
     0.97     3.65   0.021  133    140.3    125.0
     0.91     4.86   0.021  135     43.5      1.8
     0.94     5.29   0.020  136      0.2    -40.1
     1.02     5.50   0.021  137    -26.5    -98.3
     1.19     5.53   0.020  138    -61.4   -129.6
     1.51     5.61   0.021  139   -136.8   -141.8
     1.71     5.85   0.020  140   -187.0   -212.2
     2.57     5.66   0.020  142   -393.2   -392.3
     2.91     5.74   0.021  143   -531.5   -481.1
     2.83     5.41   0.020  144   -544.0   -474.1
     2.53     4.05   0.021  145   -506.1   -250.6
     2.91     3.04   0.020  146   -516.4   -124.0
     2.86     1.64   0.021  147   -280.3   -235.0
     0.55     4.21   0.021  149    104.2     18.2
     3.15    10.51   0.020  150   -429.4   -671.0
     4.28     5.22   0.021  151   -877.0     38.8
     2.48     3.74   0.020  152   -411.2   -187.4
     1.69     3.23   0.021  153    -20.9   -357.2
     2.66     2.25   0.020  154   -294.6   -274.4
     1.47     0.39   0.020  156   -173.2   -125.0
     1.11     0.35   0.020  157    -94.9    -85.4
     1.04     0.35   0.021  158    -99.1    -59.3
     1.03     0.37   0.020  159    -72.3    -63.2
     1.00     0.39   0.021  160    -71.2    -49.2
     0.99     0.44   0.020  161    -59.4    -43.8
     0.97     0.26   0.020  163    -36.9    -42.0
     0.97     0.19   0.021  164    -37.0    -33.6
     0.98     0.21   0.020  165    -35.7    -29.7
     0.97     0.23   0.021  166    -29.1    -30.4
     0.93     0.21   0.020  167    -23.0    -18.7
     0.98     0.18   0.021  168    -32.4    -14.4
     0.99     0.17   0.021  170    -25.7    -19.6
     0.98     0.20   0.020  171    -20.9    -21.2
     1.00     0.20   0.021  172    -19.8    -17.0
     0.97     0.22   0.020  173    -20.2    -14.0
     0.96     0.25   0.021  174     -3.9    -10.7
     0.96     0.20   0.020  175    -17.8     -6.3
     0.96     0.33   0.020  177     -7.4     -5.0
     0.97     0.36   0.021  178     -8.6     -5.6
     1.00     0.42   0.020  179     -3.7     -3.0
     0.98     0.75   0.021  180     31.9     17.6
     1.08     2.49   0.020  181    105.4     84.8
     1.40     4.01   0.020  182    133.3     49.8
     2.05    13.04   0.020  184    281.6    319.7
     4.91     5.46   0.021  185    355.4    102.7
     1.90     3.28   0.020  186    316.0    308.4
     1.86     3.03   0.021  187    356.3    253.1
     1.63     1.51   0.020  188    327.3    230.9
     1.59     0.39   0.021  189    305.1    247.5
     1.15     2.56   0.021  191    157.5    234.2
     0.99     3.44   0.020  192     86.2    215.2
     0.93     4.12   0.021  193     54.2    163.5
     1.05     4.82   0.020  194     49.8     97.2
     1.01     5.36   0.021  195      6.7     22.1
     1.07     5.46   0.020  196      4.6    -85.5
     1.31     5.54   0.020  198    -55.5   -190.3
     1.39     5.44   0.021  199    -62.8   -214.7
     2.32     4.96   0.020  200   -106.4   -372.9
     3.40     5.00   0.021  201   -295.5   -580.1
     2.80     6.24   0.020  202   -407.6   -515.8
     2.52     5.89   0.021  203   -456.3   -455.9
     2.74     2.29   0.021  205   -438.5   -229.7
     2.79     1.95   0.020  206   -332.4   -334.6
     1.90     1.56   0.020  207     -2.0    -67.0
     4.26     3.11   0.021  208    497.4    929.3
     3.26     9.68   0.020  209   -487.4   -678.5
     3.85     4.73   0.021  210   -552.8   -310.3
     1.61     2.88   0.021  212    -28.2   -298.4
     1.80     1.50   0.020  213   -251.0   -125.7
     1.54     0.37   0.021  214   -135.2   -193.1
     1.12     0.54   0.020  215    -80.9   -101.1
     1.05     0.52   0.021  216    -55.7    -82.3
     1.00     0.44   0.020  217    -49.7    -66.5
     1.01     0.42   0.020  219    -53.2    -55.4
     0.99     0.47   0.021  220    -42.2    -47.9
     0.99     0.43   0.020  221    -24.2    -47.1
     0.99     0.38   0.021  222    -32.4    -39.1
     0.97     0.35   0.020  223    -20.4    -37.3
     1.00     0.22   0.021  224    -14.4    -35.8
     0.97     0.12   0.021  226    -17.5    -22.0
     0.98     0.10   0.020  227    -13.5    -27.7
     0.99     0.09   0.021  228    -12.6    -24.7
     0.97     0.09   0.020  229    -15.3    -17.5
     0.99     0.11   0.021  230    -20.8    -12.3
     0.98     0.14   0.020  231    -15.0    -13.5
     0.98     0.18   0.021  233     -3.1    -11.0
     0.97     0.14   0.020  234    -10.1     -9.1
     0.96     0.14   0.021  235     -8.9     -4.3
     0.96     0.20   0.020  236     -2.9      4.8
     0.97     0.27   0.021  237     -0.3     -0.5
     0.98     0.32   0.020  238     -1.0     -4.7
     0.97     0.64   0.020  240     50.4     35.9
     1.09     1.76   0.021  241     69.0     90.6
     1.42     3.94   0.020  242     75.1     13.3
     2.54     8.66   0.021  243    160.2    241.7
     2.15    10.70   0.020  244    208.3    341.3
     4.20    13.55   0.021  245    142.7    257.7
     1.93     2.55   0.021  247    276.9    340.8
     1.42     2.56   0.020  248    265.8    211.0
     1.17     2.47   0.021  249    226.2    189.1
     1.02     1.92   0.020  250    206.2    157.9
     1.05     1.64   0.021  251    200.8    162.9
     1.02     2.48   0.020  252    179.5    146.0
     0.87     3.81   0.020  254     75.9    105.9
     0.82     4.29   0.021  255     10.9     73.6
     1.04     4.71   0.020    0    -49.5     35.5
     1.24     5.26   0.020    1    -90.6    -19.2
     1.23     5.50   0.021    2   -115.3    -77.8
     1.34     5.69   0.020    3   -128.2   -143.6
     1.52     5.40   0.020    5   -118.3   -290.1
     1.91     5.08   0.021    6   -116.1   -408.9
     3.72     5.33   0.020    7   -351.8   -867.7
     2.99     6.12   0.021    8   -301.1   -619.3
     2.98     4.70   0.020    9   -340.0   -344.1
     3.14     2.21   0.021   10   -437.4   -198.8
     1.94     2.83   0.021   12   -296.9   -321.8
     0.64     3.65   0.020   13     95.0     86.6
     3.48     7.50   0.021   14   -264.6   -767.9
     2.49     4.50   0.020   15   -439.3   -313.9
     1.57     3.17   0.021   16    -53.0   -307.7
     1.86     1.89   0.020   17    -98.7   -351.8
     1.24     0.28   0.020   19   -119.7   -132.4
     1.15     0.24   0.021   20    -63.0   -141.5
     1.11     0.21   0.020   21    -62.7   -116.5
     1.01     0.19   0.021   22    -36.6    -98.4
     1.05     0.18   0.020   23    -55.6    -95.6
     1.03     0.28   0.021   24    -33.5    -91.2
     0.97     0.13   0.020   26    -18.9    -63.4
     1.00     0.04   0.021   27    -23.1    -63.1
     0.99     0.03   0.020   28    -22.7    -54.9
     0.98     0.06   0.021   29    -16.2    -48.7
     0.98     0.09   0.020   30    -19.6    -41.8
     0.99     0.10   0.021   31    -21.0    -41.4
     1.00     0.10   0.021   33    -19.0    -35.4
     0.99     0.11   0.020   34    -16.3    -28.7
     0.95     0.10   0.021   35    -11.4    -20.7
     0.98     0.11   0.020   36    -16.2    -22.1
     0.98     0.18   0.021   37    -16.9    -20.0
     0.97     0.19   0.020   38    -10.5    -15.7
     0.98     0.14   0.020   40      4.5    -13.4
     0.95     0.18   0.021   41     -7.9     -4.2
     0.99     0.23   0.020   42    -14.0    -12.6
     0.98     0.26   0.021   43     -0.9     -1.7
     0.92     0.42   0.020   44      7.1      8.9
     1.00     0.58   0.021   45     13.1     -6.4
     0.98     1.17   0.021   47    117.8    104.0
     1.70     3.80   0.020   48     68.5     60.0
     2.49     8.75   0.021   49    167.9    175.9
     1.73    10.98   0.020   50    112.1    325.2
     4.24    12.96   0.020   51     21.3    267.4
     2.72     4.09   0.021   52    223.4    458.8
     1.29     2.29   0.021   54    228.4    185.5
     1.16     1.96   0.020   55    227.4    145.1
     0.97     1.56   0.021   56    219.3     92.7
     0.87     1.92   0.020   57    160.6    108.3
     0.75     2.65   0.021   58     94.5    117.0
     0.85     3.22   0.020   59     48.5    114.0
     1.08     4.13   0.020   61    -56.3     55.2
     1.07     4.47   0.021   62   -123.2     32.3
     0.95     4.53   0.020   63   -140.0     -1.9
     0.96     4.42   0.021   64   -120.0    -51.2
     1.41     4.50   0.020   65   -137.1   -113.2
     1.45     4.87   0.021   66   -155.8   -149.1
     1.64     4.64   0.020   67   -174.0   -192.5
     2.45     5.07   0.021   68   -257.0   -348.7
     2.49     5.26   0.020   69   -279.6   -444.7
     2.17     5.00   0.021   70   -315.5   -433.0
     2.12     3.97   0.020   71   -329.1   -429.9
     2.06     2.63   0.021   72   -231.7   -395.7
     2.72     1.90   0.020   73   -268.8   -334.1
     1.70     1.64   0.021   74   -117.9   -251.3
     1.12     3.10   0.020   75     24.1    244.6
     2.65     7.59   0.020   76     73.9   -669.7
     4.61     6.26   0.021   77   -217.4   -737.3
     2.43     3.20   0.020   78   -305.3   -436.9
     1.07     1.71   0.021   79    -43.9   -123.5
     1.15     0.85   0.020   80    -75.5   -146.5
     1.14     0.30   0.021   81    -65.6   -130.9
     1.08     0.28   0.020   82    -55.6   -107.8
     1.02     0.34   0.021   83    -33.7    -85.9
     1.00     0.34   0.020   84    -24.5    -76.4
     0.97     0.28   0.021   85    -25.7    -63.6
     0.99     0.33   0.020   86    -20.5    -60.6
     0.99     0.30   0.021   87    -12.3    -53.7
     1.01     0.26   0.020   88    -16.2    -52.5
     0.98     0.27   0.021   89    -15.9    -41.4
     0.97     0.28   0.020   90    -16.5    -37.5
     0.97     0.26   0.021   91    -14.8    -31.0
     0.97     0.22   0.020   92     -7.8    -29.8
     0.94     0.18   0.021   93     -2.9    -23.8
     0.98     0.14   0.020   94     -9.3    -24.1
     0.97     0.14   0.021   95     -9.9    -22.3
     0.98     0.15   0.020   96     -9.9    -21.3
     1.02     0.19   0.021   97    -10.1    -21.9
     0.93     0.22   0.020   98     41.2    -43.6
     0.79     0.43   0.021   99     44.4     -5.6
     0.78     0.16   0.020  100     -4.2     29.1
     0.96     0.09   0.020  101     16.4    -29.7
     1.00     0.07   0.021  102    -10.6    -17.4
     1.01     0.08   0.020  103    -20.3     -9.9
     0.97     0.09   0.021  104    -12.2     -3.3
     0.98     0.13   0.020  105    -12.0     -1.1
     0.98     0.22   0.021  106    -12.8      1.6
     0.99     0.31   0.020  107    -18.8      0.4
     0.99     0.37   0.021  108    -22.8     17.5
     1.00     0.64   0.020  109    -16.8     33.6
     1.29     1.33   0.021  110    -73.3    104.5
     1.40     3.41   0.020  111    -80.2     83.1
     2.02     5.17   0.021  112   -323.0    182.0
     2.02     6.83   0.020  113   -231.5    126.6
     0.98    11.61   0.021  114    -86.3     82.6
     2.61     9.26   0.020  115     47.7     48.3
     1.46     3.30   0.021  116   -320.1    110.7
     1.48     4.97   0.020  117   -336.3     80.2
     2.27     5.55   0.021  118   -422.0    209.7
     2.22     6.48   0.020  119   -421.6    202.6
     1.46     6.75   0.021  120   -188.0    220.8
     1.48     5.67   0.020  121    -75.2    321.7
     1.59     4.94   0.021  122   -143.4    357.7
     1.78     3.94   0.020  123   -276.1    324.3
     1.55     4.13   0.021  124   -250.7    259.2
     1.26     4.64   0.020  125   -176.7    224.9
     1.41     5.15   0.020  126   -154.9    179.1
     1.43     5.48   0.021  127    -64.9    122.4
     1.28     6.01   0.020  128     42.0     66.5
     1.37     5.98   0.021  129     74.5     -0.8
     1.84     6.37   0.020  130    137.4    -99.1
     1.82     6.29   0.021  131    234.5   -135.1
     1.99     5.98   0.020  132    333.3   -174.9
     2.53     5.68   0.021  133    418.9   -343.2
     3.83     6.33   0.020  134    615.2   -674.1
     3.39     5.16   0.021  135    593.0   -628.6
     2.98     2.99   0.020  136    236.4   -607.3
     3.35     2.41   0.021  137    132.3   -628.2
     3.11     0.49   0.020  138    199.5   -447.3
     1.65     3.63   0.021  139    117.4   -367.4
     4.99    11.65   0.020  140    835.6   -849.6
     3.59     8.91   0.021  141     -5.0   -537.7
     2.92     5.03   0.020  142    238.3   -243.7
     2.25     2.43   0.021  143    239.8    -78.0
     1.48     1.53   0.020  144    -35.4   -142.2
     1.23     0.42   0.021  145    -15.1    -75.6
     1.05     0.26   0.020  146     22.0    -25.4
     1.26     0.36   0.021  147      0.4    -61.2
     1.10     0.35   0.020  148     -4.3    -35.6
     1.06     0.49   0.021  149      6.2    -24.5
     1.06     0.49   0.020  150      9.5    -21.3
     0.99     0.49   0.020  151      8.6     -5.4
     0.98     0.37   0.021  152     15.4     -0.8
     0.99     0.24   0.020  153     10.4    -11.1
     0.98     0.21   0.021  154      9.4     -6.8
     0.98     0.13   0.020  155      7.3     -7.0
     0.97     0.12   0.021  156      5.6     -6.9
     0.97     0.09   0.020  157      8.9     -3.1
     0.97     0.04   0.021  158      9.0     -2.1
     0.97     0.11   0.020  159      8.4     -1.3
     0.98     0.16   0.021  160      5.6     -2.8
     1.00     0.15   0.020  161     -0.7    -18.3
     1.00     0.09   0.021  162     -3.0    -13.5
     0.99     0.14   0.020  163     -6.9     -8.2
     0.98     0.25   0.021  164     -2.5     -8.6
     0.96     0.25   0.020  165      4.1      4.2
     0.95     0.17   0.021  166      1.9     12.3
     0.95     0.20   0.020  167     -0.6     10.8
     0.95     0.34   0.021  168     -6.7     10.9
     0.97     0.44   0.020  169     -3.1      8.2
     0.98     0.53   0.021  170      0.4     10.7
     0.99     1.00   0.020  171     -8.9     44.2
     1.04     2.56   0.021  172    -55.3    104.4
     2.51     5.02   0.020  173   -107.1    203.3
     2.17    10.48   0.021  174   -128.2    378.3
     3.30    12.01   0.020  175    -74.5    208.0
     3.33    10.75   0.020  176    -65.1    551.0
     2.27     2.11   0.021  177   -155.6    525.1
     1.71     1.17   0.020  178   -139.1    408.6
     1.42     1.46   0.021  179   -159.0    327.0
     1.22     1.60   0.020  180   -135.9    280.5
     1.14     1.94   0.021  181    -86.0    270.5
     1.07     2.58   0.020  182    -56.2    241.9
     1.09     3.26   0.021  183    -67.2    199.1
     1.21     4.02   0.020  184    -57.9    136.1
     1.10     4.46   0.021  185     14.4     79.9
     1.04     4.99   0.020  186     40.7     24.2
     1.11     5.26   0.021  187     23.2    -39.1
     1.47     5.47   0.020  188     32.9   -114.9
     1.83     5.68   0.021  189     72.6   -217.5
     1.91     6.18   0.020  190    166.8   -261.4
     2.11     6.26   0.021  191    239.3   -321.9
     2.79     6.27   0.020  192    338.6   -519.7
     3.37     6.17   0.021  193    452.1   -714.9
     3.48     5.78   0.020  194    439.0   -739.3
     3.44     4.15   0.021  195     67.3   -633.5
     3.99     5.24   0.020  196     76.0   -423.8
     3.58     2.26   0.021  197    308.0    -36.0
     1.84     4.27   0.020  198    106.1   -380.8
     3.30     3.44   0.021  199   -227.1   -154.3
     4.31    10.06   0.020  200    106.2    664.3
     4.32     5.10   0.020  201    243.0   -903.3
     3.08     4.32   0.021  202   -243.9   -578.2
     4.33     2.52   0.020  203    821.9   -431.5
     1.41     1.55   0.021  204   -139.8   -185.2
     1.16     1.42   0.020  205    169.1   -107.4
     1.33     0.98   0.021  206     22.3   -160.5
     1.10     0.13   0.020  207     63.0   -113.8
     1.02     0.23   0.021  208     52.9    -89.1
     1.05     0.21   0.020  209     44.5    -87.2
     1.00     0.19   0.020  211     33.7    -65.5
     0.97     0.21   0.021  212     32.1    -53.5
     0.98     0.20   0.020  213     31.3    -49.1
     0.99     0.20   0.021  214     30.0    -40.7
     0.97     0.14   0.020  215     25.3    -33.7
     0.97     0.13   0.021  216     20.2    -36.5
     0.98     0.20   0.020  217     15.8    -38.1
     0.97     0.24   0.021  218     14.6    -34.7
     0.99     0.30   0.020  219     16.4    -32.1
     0.98     0.31   0.021  220     13.3    -30.9
     0.98     0.29   0.020  221     16.0    -15.5
     0.97     0.22   0.021  222     14.8    -16.1
     0.96     0.20   0.020  223     11.1     -5.7
     0.96     0.17   0.021  224     10.6    -11.0
     0.94     0.23   0.020  225      1.5     -0.2
     0.96     0.36   0.020  226      2.6     -7.3
     0.96     0.49   0.021  227      4.6     -0.8
     0.98     0.61   0.020  228     15.0      9.3
     0.99     0.97   0.021  229     -9.7     20.5
     0.79     2.03   0.020  230      8.4    111.3
     1.20     4.74   0.021  231    -21.9    181.6
     2.91    10.69   0.020  232   -166.5    233.0
     2.17    13.22   0.021  233   -263.8    426.5
     3.84    13.16   0.020  234   -250.9    275.5
     3.15     2.81   0.021  235   -276.4    488.8
     2.17     2.17   0.020  236   -190.8    474.1
     1.74     1.65   0.021  237    -74.5    427.4
     1.34     1.38   0.021  239   -134.5    314.2
     1.16     2.51   0.020  240   -177.6    224.6
     1.08     3.51   0.021  241   -156.1    183.5
     1.17     3.86   0.020  242   -141.8    140.1
     1.31     4.56   0.021  243   -140.5     49.7
     1.22     5.42   0.020  244   -102.8    -29.4
     1.47     6.02   0.020  246     -8.8   -133.4
     1.68     6.13   0.021  247     55.2   -203.3
     1.54     6.46   0.020  248    127.6   -202.8
     2.30     6.06   0.021  249    303.5   -244.9
     3.34     6.06   0.020  250    548.6   -424.6
     3.76     6.73   0.020  251    653.8   -667.3
     3.61     4.15   0.020  253     38.2   -710.9
     4.00     4.87   0.021  254    167.0   -512.8
     3.41     1.58   0.020  255    295.2   -150.5
     2.13     4.27   0.021    0   -177.6   -294.6
     5.42     4.36   0.020    1   -835.5   1090.8
     5.74     8.75   0.021    2   1036.7   -913.9
     2.70     3.62   0.021    4    368.7   -297.7
     2.57     2.14   0.020    5    426.7   -183.2
     1.18     1.00   0.021    6     47.1   -144.6
     1.11     0.90   0.020    7    103.7    -80.1
     1.16     0.82   0.021    8     73.0    -95.0
     1.36     0.24   0.020    9     53.0   -124.3
     1.06     0.33   0.020   11     52.4    -61.6
     1.05     0.41   0.021   12     44.2    -57.1
     1.02     0.43   0.020   13     41.1    -45.8
     1.01     0.44   0.021   14     41.1    -39.6
     1.00     0.44   0.020   15     35.2    -30.6
     0.99     0.44   0.021   16     31.1    -24.5
     0.97     0.20   0.021   18     19.4    -20.1
     0.97     0.20   0.020   19     13.5    -22.7
     0.95     0.21   0.020   20     16.0    -18.2
     0.96     0.24   0.021   21     11.5    -14.6
     0.94     0.22   0.020   22     10.3    -15.3
     0.96     0.18   0.021   23     18.7     -6.7
     0.97     0.17   0.021   25     18.4     -1.5
     0.97     0.27   0.020   26      8.9     -7.6
     0.97     0.28   0.021   27      3.0    -13.0
     0.97     0.39   0.020   28      1.4     -6.9
     0.97     0.43   0.021   29      4.3     -6.2
     0.98     0.50   0.020   30      5.1      3.9
     0.96     1.49   0.020   32    -16.9     84.0
     1.21     3.92   0.021   33    -25.9    155.8
     2.99     5.93   0.020   34   -102.4    184.0
     2.92    13.39   0.021   35   -378.6    476.9
     5.54    13.06   0.020   36    143.3    168.4
     3.21     2.50   0.021   37   -265.1    609.7
     1.70     1.24   0.021   39    -84.1    401.8
     1.21     1.04   0.020   40    -87.7    297.9
     1.08     1.15   0.021   41   -133.8    239.9
     1.15     1.85   0.020   42   -176.6    232.9
     1.13     2.69   0.021   43   -197.2    201.9
     1.21     3.10   0.020   44   -202.1    180.6
     1.14     4.97   0.021   46    -85.3     50.2
     1.21     5.68   0.020   47    -42.5    -36.6
     1.33     6.11   0.021   48     34.6   -103.2
     1.47     6.12   0.020   49    129.4   -135.7
     1.67     6.26   0.021   50    137.2   -273.2
     2.53     6.19   0.020   51    371.5   -344.7
     4.11     6.63   0.020   53    727.2   -760.0
     3.26     6.81   0.021   54    301.8   -606.7
     3.64     4.40   0.020   55    -80.7   -632.4
     3.80     3.59   0.021   56    -58.0   -407.1
     3.03     1.10   0.020   57    101.5   -195.1
     1.46     4.45   0.021   58    131.5   -348.2
     3.96     6.25   0.021   60    340.4   -799.4
     2.75     4.75   0.020   61    198.6   -572.8
     1.79     3.02   0.021   62    393.7   -113.9
     2.36     2.02   0.020   63    290.5   -352.8
     1.53     0.66   0.021   64    151.6   -209.3
     1.29     0.39   0.020   65    109.0   -156.0
     1.13     0.26   0.020   67    108.6   -112.1
     1.04     0.25   0.021   68     94.1    -85.4
     1.03     0.21   0.020   69     85.8    -88.0
     1.01     0.31   0.020   70     77.5    -75.3
     0.99     0.31   0.021   71     70.6    -58.5
     0.99     0.26   0.020   72     61.3    -53.6
     0.96     0.23   0.020   74     48.1    -39.6
     0.96     0.16   0.021   75     44.6    -31.6
     0.95     0.14   0.020   76     40.1    -30.6
     0.96     0.15   0.021   77     34.5    -34.8
     0.99     0.19   0.020   78     34.7    -36.5
     1.00     0.25   0.021   79     27.7    -38.9
     0.97     0.23   0.021   81     27.3    -14.7
     0.98     0.19   0.020   82     27.5    -14.1
     0.97     0.20   0.021   83     22.2     -4.8
     0.96     0.28   0.020   84     12.6    -13.9
     0.97     0.38   0.021   85      2.6    -17.7
     0.98     0.47   0.020   86     13.9    -14.7
     0.98     0.54   0.020   88     17.5     23.2
     1.00     0.87   0.021   89    -25.6     51.4
     1.41     2.40   0.020   90    -31.7    118.8
     2.02     5.33   0.021   91   -119.1    221.1
     2.59     8.71   0.020   92   -190.4    365.5
     2.97    13.21   0.021   93    -71.3    229.3
     2.17     3.49   0.020   95   -210.1    446.4
     2.09     2.85   0.021   96   -207.2    466.1
     1.77     1.96   0.020   97   -200.7    399.4
     1.50     1.64   0.021   98   -190.0    331.7
     1.26     2.00   0.020   99   -162.6    276.8
     1.10     2.81   0.021  100   -143.6    232.5
     1.17     4.09   0.021  102    -89.9    174.7
     1.11     5.01   0.020  103    -50.3     95.3
     1.15     5.55   0.021  104    -27.2     10.2
     1.50     5.95   0.020  105      0.5    -73.7
     1.53     6.20   0.021  106     55.8   -156.1
     1.35     6.35   0.020  107     56.7   -202.0
     3.08     6.10   0.020  109    409.3   -388.3
     3.63     7.11   0.021  110    626.3   -541.5
     3.43     7.00   0.020  111    572.3   -666.2
     3.05     4.86   0.021  112    221.2   -616.9
     3.59     3.70   0.020  113   -109.1   -681.6
     3.74     1.63   0.021  114    150.5   -526.3
     2.69     3.66   0.021  116   -327.8    446.1
     4.66     8.24   0.020  117    969.9   -662.0
     3.49     5.79   0.021  118    -86.0   -760.2
     2.26     4.08   0.020  119    225.9   -312.6
     2.03     3.56   0.020  120    449.6    -18.2
     2.36     2.25   0.021  121    232.0   -306.3
     1.22     0.78   0.021  123     77.4   -107.2
     1.45     0.54   0.020  124     64.0   -138.9
     1.23     0.19   0.021  125     82.0   -101.5
     1.07     0.14   0.020  126     60.6    -76.0
     1.03     0.26   0.021  127     59.2    -62.8
     1.01     0.30   0.020  128     52.9    -52.6
     1.00     0.36   0.020  130     43.5    -44.6
     0.96     0.40   0.021  131     41.3    -25.2
     0.94     0.26   0.020  132     36.7    -14.7
     0.98     0.16   0.021  133     33.8    -24.7
     0.98     0.14   0.020  134     30.1    -26.4
     0.99     0.13   0.021  135     24.6    -26.4
     0.98     0.17   0.021  137     18.4    -22.9
     0.98     0.19   0.020  138     17.1    -19.3
     0.95     0.14   0.021  139     16.9     -3.2
     0.96     0.19   0.020  140     16.9     -2.5
     0.97     0.27   0.021  141     16.0     -7.4
     0.97     0.32   0.020  142      0.7    -12.5
     0.97     0.43   0.020  144      2.6     -7.1
     0.98     0.46   0.020  145      5.2     -5.8
     1.00     0.58   0.021  146     13.1      5.4
     0.97     1.33   0.020  147    -17.8     49.6
     1.17     3.65   0.021  148    -40.4    148.2
     1.55     5.09   0.020  149    -16.5    152.9
     5.27    13.25   0.020  151     -9.9    469.4
     2.40     3.15   0.021  152   -196.4    515.6
     2.15     2.00   0.020  153    -72.4    495.2
     1.51     1.52   0.021  154     -8.1    377.6
     0.97     1.49   0.020  155    -56.0    232.2
     1.00     0.79   0.021  156    -91.8    239.5
     1.18     2.63   0.021  158   -167.3    190.6
     1.17     3.21   0.020  159   -180.9    133.2
     1.17     4.11   0.021  160   -144.5     72.7
     1.14     4.93   0.020  161   -137.2     -9.5
     1.15     5.52   0.021  162    -96.7    -73.2
     1.17     5.75   0.020  163     16.0    -98.7
     1.33     5.92   0.020  165    137.3   -170.1
     1.66     5.62   0.021  166    177.2   -224.4
     3.13     5.74   0.020  167    529.5   -390.8
     3.52     6.33   0.021  168    688.7   -533.4
     3.55     6.38   0.020  169    575.7   -680.6
     3.46     4.62   0.020  170    253.4   -675.0
     3.74     1.61   0.020  172    -10.8   -429.7
     1.41     4.56   0.021  173    -17.4   -360.9
     4.18     5.55   0.020  174   -556.5    886.7
     4.61     6.06   0.021  175   1007.0   -583.2
     2.90     4.35   0.020  176   -124.3   -555.5
     1.96     3.34   0.021  177    170.6   -305.1
     1.21     0.50   0.021  179     42.8   -185.8
     1.14     0.59   0.020  180    158.4    -85.9
     1.14     0.61   0.021  181     85.5    -79.7
     1.40     0.13   0.020  182     66.1   -134.2
     1.08     0.17   0.021  183     71.7    -76.1
     1.04     0.25   0.020  184     62.9    -66.2
     0.99     0.31   0.020  186     50.4    -46.2
     0.98     0.30   0.021  187     45.2    -37.5
     0.97     0.27   0.020  188     42.0    -26.3
     0.97     0.18   0.021  189     40.7    -25.8
     0.98     0.14   0.020  190     34.1    -31.6
     0.97     0.10   0.021  191     30.2    -27.9
     0.98     0.12   0.021  193     22.4    -26.0
     0.99     0.13   0.020  194     18.7    -27.9
     0.98     0.15   0.020  195     18.4    -22.7
     0.96     0.14   0.021  196     17.9     -9.6
     0.96     0.14   0.020  197     17.1     -8.9
     0.96     0.19   0.021  198     13.7     -3.6
     0.98     0.38   0.021  200      7.6    -14.6
     0.99     0.41   0.020  201      5.4    -13.2
     0.97     0.44   0.021  202      4.5     -1.6
     0.97     0.65   0.020  203      5.4     54.6
     1.06     2.03   0.021  204    -14.6    112.8
     1.20     4.53   0.020  205    -46.6    189.1
     2.59    13.35   0.020  207   -256.1    468.2
     5.68     9.21   0.021  208   -153.8    348.3
     2.96     2.29   0.020  209   -312.7    544.1
     2.02     1.31   0.021  210   -106.8    454.2
     1.49     0.89   0.020  211    -82.4    353.5
     1.16     0.65   0.021  212   -146.3    258.3
     1.22     2.09   0.021  214   -199.4    214.2
     1.20     3.22   0.020  215   -185.7    185.2
     0.91     3.75   0.021  216   -107.1    120.9
     0.88     4.50   0.020  217    -77.1     71.1
     0.99     4.95   0.021  218    -59.4      9.9
     1.13     5.50   0.020  219    -31.7    -50.3
     1.56     5.89   0.021  221     84.1   -162.4
     1.55     6.02   0.020  222    159.0   -197.1
     2.50     5.78   0.021  223    360.4   -290.7
     3.53     6.08   0.020  224    601.9   -483.2
     3.53     6.79   0.021  225    619.5   -650.3
     3.09     6.37   0.020  226    342.4   -606.6
     3.55     3.68   0.020  228    -22.8   -552.8
     3.34     1.73   0.021  229    271.3   -208.4
     1.96     6.00   0.020  230    271.6   -409.6
     2.48     8.15   0.021  231    572.0   -264.4
     4.32     4.72   0.020  232    392.0   -757.2
     2.13     3.94   0.021  233     42.9   -437.0
     2.30     2.48   0.021  235    326.4   -247.5
     1.39     0.91   0.020  236     86.0   -203.3
     1.34     0.24   0.021  237    147.3   -117.0
     1.26     0.19   0.020  238     75.6   -105.3
     1.16     0.10   0.021  239    103.2    -94.4
     1.13     0.25   0.020  240     72.7    -91.2
     1.03     0.38   0.020  242     65.5    -59.5
     1.01     0.44   0.021  243     58.3    -50.2
     0.99     0.42   0.020  244     50.9    -38.4
     0.97     0.37   0.020  245     44.6    -29.7
     0.96     0.22   0.021  246     42.0    -22.2
     0.97     0.11   0.020  247     37.8    -20.6
     0.98     0.10   0.020  249     29.1    -34.5
     0.98     0.10   0.021  250     23.6    -26.7
     0.97     0.12   0.020  251     26.5    -19.9
     0.94     0.13   0.021  252     15.1    -13.6
     0.97     0.11   0.020  253     24.3     -5.4
     0.94     0.15   0.021  254     19.4     -8.7
     1.02     0.31   0.021    0      3.4    -21.5
     0.97     0.34   0.020    1     -4.8     -3.9
     0.98     0.46   0.021    2      5.9    -12.7
     0.98     0.47   0.020    3      7.0     -6.4
     0.99     0.53   0.021    4     15.3     22.3
     1.01     0.95   0.020    5    -27.5     73.3
     2.72     7.35   0.020    7   -103.5    259.9
     2.65    10.85   0.021    8   -314.2    420.4
     5.16    13.08   0.020    9     32.4    253.5
     2.79     3.98   0.021   10   -295.6    536.9
     2.03     2.47   0.020   11   -224.0    428.9
     1.78     1.26   0.021   12   -146.7    416.8
     1.28     1.22   0.020   14   -143.0    294.4
     1.21     2.06   0.021   15   -177.5    248.7
     1.20     3.16   0.020   16   -171.1    211.0
     1.11     4.03   0.021   17   -114.5    169.4
     1.05     4.35   0.020   18    -75.6    113.9
     1.15     4.85   0.021   19    -47.1     46.4
     1.52     5.82   0.021   21     78.8    -77.2
     1.46     5.95   0.020   22    122.4   -132.1
     1.47     5.91   0.021   23    142.6   -177.3
     1.55     5.71   0.020   24    195.9   -201.6
     2.26     5.77   0.021   25    330.0   -316.6
     3.25     6.64   0.020   26    481.0   -655.5
     3.08     4.63   0.020   28     46.4   -573.2
     3.60     3.67   0.021   29    -24.9   -576.0
     3.19     3.09   0.020   30    258.6   -190.2
     0.83     3.50   0.021   31    -57.7    -35.6
     3.87     4.94   0.020   32   -511.5    838.0
     5.03    10.09   0.021   33    766.4  -1012.3
     2.85     4.18   0.021   35    279.7   -428.1
     2.17     2.58   0.020   36    420.4   -134.1
     1.58     2.34   0.021   37     48.5   -268.6
     1.74     0.87   0.020   38     94.0   -220.1
     1.37     0.19   0.020   39    100.1   -146.4
     1.16     0.45   0.021   40     79.4   -112.7
     1.00     0.48   0.021   42     56.6    -70.4
     0.99     0.52   0.020   43     52.0    -68.9
     0.98     0.58   0.021   44     50.4    -47.5
     0.95     0.47   0.020   45     45.9    -37.1
     0.97     0.40   0.021   46     38.5    -42.7
     0.96     0.33   0.020   47     35.8    -32.0
     0.96     0.17   0.020   49     31.4    -27.4
     0.99     0.18   0.021   50     30.3    -32.7
     0.99     0.16   0.020   51     26.2    -32.0
     1.00     0.13   0.021   52     20.4    -30.6
     1.00     0.12   0.020   53     16.8    -29.5
     0.98     0.15   0.021   54     12.2    -24.4
     0.97     0.12   0.021   56     15.5     -5.3
     0.96     0.23   0.020   57     12.7     -9.1
     0.97     0.30   0.021   58      7.2     -7.0
     0.95     0.48   0.020   59      2.0    -13.3
     0.99     0.51   0.021   60      7.0    -18.7
     1.02     0.46   0.020   61      2.7    -11.9
     0.97     0.51   0.021   62     -1.2     28.0
     1.05     0.91   0.020   63    -59.6    101.1
     1.19     3.19   0.020   64    -32.9    161.2
     2.75     4.71   0.021   65   -164.2    161.7
     2.43    10.34   0.020   66   -301.6    346.5
     3.68    13.76   0.021   67    -65.7    163.7
     3.08     5.33   0.020   68   -318.8    454.3
     1.78     2.73   0.020   70   -118.8    402.9
     1.47     2.25   0.021   71    -80.5    360.3
     1.11     2.13   0.020   72   -101.9    264.1
     1.04     1.73   0.021   73   -137.3    218.7
     1.08     2.22   0.020   74   -143.6    192.6
     1.08     2.78   0.021   75   -103.1    161.8
     1.08     4.67   0.021   77    -59.2     31.0
     1.05     5.38   0.020   78      8.8    -13.0
     1.02     5.59   0.021   79     55.9    -45.5
     1.16     5.60   0.020   80     65.8    -97.6
     1.44     5.85   0.021   81     94.4   -176.9
     1.54     5.86   0.020   82    156.5   -188.4
     1.94     5.53   0.021   83    307.4   -200.9
     3.16     5.88   0.020   84    539.5   -407.4
     3.57     6.78   0.021   85    642.3   -616.7
     3.35     6.08   0.020   86    493.4   -623.2
     3.35     3.37   0.021   87    234.8   -522.3
     3.52     2.92   0.020   88      4.2   -546.9
     3.30     2.09   0.020   89    167.1   -411.8
     1.75     3.03   0.021   90    -28.1   -365.9
     3.41     9.90   0.020   91   -597.5    634.9
     1.85     3.85   0.021   92    -67.4   -390.7
     2.10     4.01   0.020   93    124.9   -369.9
     3.09     4.19   0.021   94    500.2   -312.7
     1.63     2.23   0.020   95    -11.1   -282.4
     1.22     0.98   0.021   96     48.2   -146.0
     1.17     0.63   0.020   97     54.7   -119.6
     1.18     0.22   0.021   98     59.1   -128.6
     1.08     0.23   0.020   99     54.1   -106.0
     1.01     0.37   0.021  100     48.9    -78.0
     1.00     0.33   0.020  101     42.7    -74.4
     0.99     0.33   0.021  102     38.0    -63.6
     0.97     0.30   0.020  103     32.5    -51.9
     0.96     0.23   0.021  104     32.5    -34.9
     0.98     0.03   0.020  105     30.6    -40.7
     0.97     0.10   0.021  106     26.9    -35.3
     0.97     0.21   0.020  107     21.2    -35.3
     0.98     0.22   0.021  108     18.2    -42.3
     1.01     0.17   0.020  109     16.2    -42.2
     0.98     0.11   0.021  110     13.6    -32.8
     0.98     0.11   0.020  111     11.5    -31.2
     0.98     0.15   0.021  112     11.4    -25.5
     0.98     0.15   0.020  113     12.3    -20.3
     0.98     0.13   0.020  114     11.0    -19.1
     0.97     0.12   0.021  115      8.4    -11.6
     0.96     0.24   0.020  116      8.5      5.5
     0.97     0.36   0.021  117      5.0     -8.5
     0.97     0.41   0.020  118      6.0     -6.9
     0.98     0.47   0.021  119      3.8     -9.1
     1.00     0.77   0.020  120     -4.1     21.0
     0.93     2.15   0.021  121    -38.7     88.8
     1.10     5.26   0.020  122    -95.7    208.3
     2.61     8.58   0.021  123   -164.1    225.7
     2.65    12.68   0.020  124   -248.9    413.6
     3.37     9.67   0.021  125   -224.2    395.6
     2.18     2.65   0.020  126   -208.1    385.8
     1.78     2.10   0.021  127    -58.6    402.0
     0.97     0.70   0.021  129   -125.7    213.8
     0.97     1.18   0.020  130   -168.5    181.3
     0.96     2.12   0.020  132   -154.6    142.5
     1.11     2.87   0.021  133   -137.4    108.1
     1.03     3.90   0.020  134   -100.6     56.0
     1.01     4.76   0.021  135    -70.8     -4.5
     1.07     5.37   0.020  136    -14.2    -53.0
     1.16     5.62   0.021  137     71.5    -80.0
     1.31     5.96   0.020  138    142.6   -109.2
     1.54     6.20   0.020  139    182.7   -166.8
     1.69     6.18   0.021  140    253.8   -207.0
     2.22     5.87   0.020  141    398.7   -280.8
     3.25     5.98   0.021  142    591.9   -507.3
     3.72     6.53   0.020  143    632.2   -710.9
     3.25     5.40   0.021  144    367.8   -592.4
     3.22     2.61   0.020  145     48.9   -504.6
     3.48     2.89   0.021  146    -13.9   -503.5
     2.73     1.97   0.020  147     93.5    132.5
     2.05     3.39   0.021  148     63.7   -486.1
     1.78    10.92   0.020  149    422.0    -81.0
     3.57     5.50   0.021  150    275.2   -684.8
     2.75     5.30   0.020  151    129.6   -591.1
     3.61     2.74   0.021  152    684.2   -374.4
     1.91     1.28   0.020  153    -66.1   -318.7
     1.86     0.55   0.021  154    166.1   -254.6
     1.26     0.43   0.020  155     92.7   -169.9
     1.05     0.38   0.021  156     69.7   -128.7
     1.01     0.25   0.020  157     79.5    -90.6
     0.98     0.17   0.021  158     47.5    -93.4
     1.00     0.15   0.020  159     60.4    -82.9
     0.99     0.14   0.021  160     52.9    -72.3
     1.00     0.11   0.020  161     47.3    -64.7
     0.99     0.06   0.021  162     45.0    -58.3
     0.98     0.05   0.020  163     36.0    -54.5
     0.97     0.05   0.020  164     29.1    -48.2
     0.97     0.07   0.021  165     26.0    -47.2
     0.97     0.10   0.020  166     23.6    -43.6
     0.97     0.17   0.021  167     22.3    -37.5
     0.98     0.23   0.020  168     17.6    -36.0
     0.98     0.25   0.021  169     19.0    -27.2
     0.97     0.23   0.020  170     21.2    -23.4
     0.97     0.21   0.021  171     18.6    -22.3
     0.98     0.18   0.020  172     10.4    -26.4
     0.96     0.19   0.021  173      4.3    -24.1
     0.94     0.27   0.020  174      3.3      3.5
     0.96     0.36   0.021  175      2.4    -13.4
     0.97     0.49   0.020  176      8.0    -10.1
     1.00     0.52   0.021  177     10.9    -10.3
     1.00     0.53   0.020  178      5.7      0.2
     1.00     1.09   0.021  179     -4.9     50.7
     1.20     1.91   0.020  180    -28.2    138.1
     1.91     4.71   0.021  181    -27.6    147.8
     2.90    11.18   0.020  182   -129.0    354.2
     2.32    14.94   0.021  183   -360.3    439.5
     2.92     2.84   0.021  185   -305.3    582.4
     1.91     1.86   0.020  186   -121.4    440.7
     1.36     1.42   0.021  187    -33.5    341.2
     1.14     1.13   0.020  188    -44.5    286.1
     1.13     1.69   0.020  189    -75.7    265.4
     1.01     2.20   0.021  190    -82.9    206.0
     1.36     3.82   0.021  192    -71.8     85.2
     1.19     4.87   0.020  193    -68.7      3.5
     1.09     5.17   0.021  194    -43.6    -62.1
     1.16     5.38   0.020  195     13.8    -94.1
     1.35     5.50   0.021  196     89.5   -121.8
     1.48     5.69   0.020  197    125.4   -166.6
     1.54     5.84   0.020  199    149.3   -251.1
     2.28     5.46   0.021  200    320.0   -368.0
     2.76     5.65   0.020  201    410.8   -504.7
     2.79     5.79   0.021  202    399.9   -588.1
     2.62     5.04   0.020  203    326.9   -556.3
     2.51     4.40   0.021  204    144.5   -493.9
     2.67     2.52   0.021  206     58.6   -224.5
     2.09     2.92   0.020  207    272.2   -110.9
     0.56     5.87   0.021  208    -86.3     21.5
     3.08    10.60   0.020  209    604.1   -425.4
     5.13     5.69   0.021  210    278.1   -976.0
     2.85     3.58   0.020  211    130.8   -518.6
     2.52     2.97   0.020  213    282.3   -281.8
     2.06     1.90   0.020  214    -71.6   -278.7
     1.51     0.15   0.021  215     82.8   -190.7
     1.14     0.26   0.020  216     67.2   -118.1
     1.02     0.16   0.021  217     46.3    -87.0
     0.97     0.10   0.020  218     30.5    -71.6
     0.98     0.22   0.020  220     32.7    -70.2
     0.99     0.24   0.021  221     29.1    -56.9
     0.99     0.27   0.020  222     28.2    -51.0
     0.98     0.29   0.021  223     26.4    -41.3
     0.98     0.24   0.020  224     28.0    -38.1
     0.99     0.19   0.021  225     24.9    -33.9
     0.98     0.18   0.021  227     19.5    -29.0
     0.98     0.17   0.020  228     15.0    -25.6
     1.01     0.14   0.021  229     19.1    -28.9
     0.98     0.15   0.020  230      9.8    -21.3
     0.98     0.16   0.021  231     11.5    -15.5
     1.01     0.16   0.020  232      9.6    -18.2
     0.98     0.13   0.020  234      5.7    -16.3
     0.98     0.12   0.021  235      3.8    -15.3
     0.98     0.15   0.020  236      0.7    -14.2
     0.97     0.21   0.021  237     -3.3    -11.6
     0.97     0.27   0.020  238     -3.2     -5.2
     0.98     0.39   0.020  239     -3.2    -10.6
     0.99     0.86   0.020  241    -20.9     32.0
     1.05     1.32   0.021  242    -63.4     52.4
     1.53     3.53   0.020  243   -135.6    101.5
     2.54     7.26   0.021  244   -382.0    112.5
     2.05    12.38   0.020  245   -432.0    100.7
     2.82    12.53   0.021  246   -334.9    -70.2
     1.57     3.34   0.021  248   -289.4     27.0
     1.17     3.33   0.020  249   -268.5      1.2
     1.33     3.13   0.021  250   -279.2     41.1
     0.95     3.06   0.020  251   -225.4     36.1
     1.07     3.19   0.021  252   -270.7    -43.2
     1.56     3.93   0.020  253   -363.5    -96.7
     1.43     6.04   0.020  255   -260.8   -217.1
     1.44     6.66   0.021    0   -175.7   -252.8
     1.69     6.98   0.020    1     12.4   -231.7
     1.69     7.47   0.021    2    117.3   -253.2
     1.64     7.51   0.020    3    203.5   -237.8
     1.68     7.09   0.021    4    272.3   -197.7
     3.39     5.96   0.021    6    693.2    -79.1
     3.21     6.23   0.020    7    786.6     69.3
     2.62     5.57   0.020    8    630.7    139.3
     2.59     3.57   0.021    9    522.9     94.5
     2.72     2.75   0.020   10    473.3    115.3
     2.63     1.61   0.021   11    317.4    319.0
     4.56     4.05   0.021   13  -1136.5   -215.4
     4.61     8.03   0.020   14    847.9    746.9
     2.90     5.05   0.021   15    500.4   -166.6
     2.57     3.44   0.020   16    402.0   -157.2
     1.36     2.34   0.021   17     83.9    228.7
     1.95     1.54   0.020   18    250.4     99.6
     1.31     0.51   0.020   20    120.5    -10.4
     1.43     0.11   0.021   21    141.8    -24.8
     1.07     0.46   0.020   22     81.8     -3.6
     1.01     0.43   0.021   23     62.4      0.1
     1.02     0.57   0.020   24     72.1     -7.1
     1.01     0.62   0.021   25     53.7     -7.1
     0.98     0.33   0.021   27     31.5     17.0
     0.98     0.23   0.020   28     34.9      8.8
     0.98     0.18   0.021   29     26.9     10.4
     0.98     0.11   0.020   30     27.7      7.9
     0.98     0.09   0.021   31     27.7      3.4
     0.99     0.08   0.020   32     24.5      1.3
     1.01     0.06   0.021   34     31.1     -7.3
     1.01     0.10   0.020   35     24.4     -3.8
     0.97     0.24   0.021   36     16.5      7.3
     0.95     0.24   0.020   37     -2.9      3.9
     0.96     0.09   0.021   38      8.4      8.3
     1.00     0.07   0.020   39     10.1      5.3
     0.95     0.22   0.020   41      3.8     -7.1
     0.97     0.33   0.021   42     -2.4     -1.2
     0.97     0.40   0.020   43     -4.5      1.0
     0.98     0.48   0.021   44     -0.2     -2.1
     0.99     0.70   0.020   45    -36.7      4.6
     1.02     1.47   0.021   46    -71.5    -31.1
     2.53     4.49   0.021   48   -220.4   -102.6
     2.32    10.11   0.020   49   -300.3   -246.4
     2.16    13.74   0.021   50   -447.7   -201.8
     4.11     8.91   0.020   51   -228.0    -57.9
     2.92     2.90   0.021   52   -634.5   -204.0
     1.74     2.53   0.020   53   -422.0    -26.3
     1.27     1.23   0.020   55   -323.2     -6.7
     1.26     1.63   0.021   56   -303.8    -41.1
     1.10     2.88   0.020   57   -254.2    -60.4
     1.02     3.23   0.020   58   -208.4    -73.7
     1.15     4.15   0.021   59   -149.3    -82.7
     0.95     5.03   0.020   60    -66.9    -54.1
     1.01     5.63   0.020   62     48.4     -4.0
     1.38     5.84   0.021   63    120.3     28.5
     1.41     6.32   0.020   64    188.9     66.2
     1.45     6.18   0.021   65    237.1    100.1
     1.92     6.05   0.020   66    332.7    145.7
     3.37     6.49   0.021   67    676.8    355.7
     3.21     6.16   0.021   69    742.4    173.8
     3.51     4.53   0.020   70    570.9   -111.5
     3.63     4.19   0.021   71    294.4      0.1
     2.88     2.57   0.020   72    236.4    266.8
     1.53     3.75   0.021   73    185.2   -165.4
     5.64     3.68   0.020   74  -1323.1   -408.1
     2.92     5.63   0.020   76    543.6   -424.6
     2.78     5.23   0.021   77    469.3    229.0
     3.26     3.03   0.020   78    564.0    229.2
     1.30     1.19   0.021   79    182.6    -66.7
     1.21     1.03   0.020   80    155.9    -34.4
     1.23     0.55   0.021   81    141.4      3.4
     1.09     0.16   0.020   83    108.1      3.3
     1.06     0.20   0.021   84     99.2      6.2
     1.02     0.22   0.020   85     80.7      2.6
     1.00     0.20   0.021   86     71.1      2.4
     0.98     0.22   0.020   87     59.6     -0.7
     0.98     0.23   0.021   88     54.5      3.9
     0.97     0.21   0.021   90     39.2     10.2
     0.98     0.20   0.020   91     37.5      4.9
     0.98     0.22   0.021   92     36.8      4.0
     0.97     0.23   0.020   93     34.4      0.3
     0.98     0.23   0.021   94     30.5      3.0
     0.96     0.25   0.020   95     28.5      0.6
     0.97     0.22   0.020   97     20.6      9.8
     0.97     0.16   0.021   98     13.7     12.3
     0.94     0.16   0.020   99      4.3      6.3
     0.88     0.21   0.021  100     -9.6    -12.7
     0.95     0.32   0.020  101      9.5     -8.5
     0.95     0.44   0.021  102     -0.0     -4.4
     1.00     0.86   0.021  104    -30.1      6.5
     1.18     2.39   0.020  105   -186.2      9.1
     2.52     3.85   0.021  106   -240.3    -44.7
     2.94     9.66   0.020  107   -548.5   -142.2
     3.02    13.68   0.020  108   -132.7    -81.9
     3.23     5.80   0.021  109   -482.3   -177.4
     1.60     2.65   0.021  111   -370.6     28.2
     1.33     2.04   0.020  112   -327.9     25.5
     1.16     1.41   0.021  113   -291.5     -8.6
     1.13     1.26   0.020  114   -277.5    -34.1
     1.06     1.65   0.021  115   -241.9    -52.8
     1.04     2.67   0.020  116   -210.2    -73.8
     0.93     4.20   0.020  118    -90.0    -32.1
     0.97     4.76   0.021  119    -13.1    -31.6
     1.17     5.00   0.020  120     59.1    -29.1
     1.29     5.44   0.021  121    127.2      1.6
     1.43     5.60   0.020  122    193.0     43.7
     1.49     5.72   0.021  123    261.2     79.3
     2.71     5.69   0.021  125    524.6    256.5
     3.54     6.18   0.020  126    776.6    340.8
     3.56     6.26   0.021  127    875.4    241.1
     2.88     4.24   0.020  128    564.6     46.1
     3.51     3.93   0.021  129    493.5   -228.8
     3.81     3.09   0.020  130    289.9     -2.0
     4.09     9.74   0.020  132   -926.1   -332.6
     3.63     5.29   0.020  133    680.2   -291.8
     2.60     6.25   0.021  134    511.3     93.1
     2.05     3.38   0.020  135    401.4    100.7
     1.65     1.47   0.021  136    274.2    -20.7
     1.53     0.47   0.020  137    261.5    -57.7
     1.05     0.46   0.020  139    128.8     18.3
     1.03     0.32   0.021  140    115.2     17.7
     1.01     0.22   0.020  141    106.2      3.9
     1.00     0.27   0.021  142     99.8      3.5
     0.99     0.33   0.020  143     83.5      9.7
     0.98     0.32   0.021  144     68.7      8.0
     0.97     0.18   0.021  146     56.1      8.8
     0.98     0.12   0.020  147     50.5     10.7
     0.97     0.09   0.021  148     42.6      7.1
     0.97     0.11   0.020  149     42.5      2.1
     0.99     0.14   0.021  150     44.1     -1.4
     0.98     0.15   0.020  151     36.1      1.1
     0.98     0.16   0.020  153     29.3      0.4
     0.98     0.17   0.021  154     29.5      2.5
     0.98     0.19   0.020  155     24.4     -1.9
     0.98     0.22   0.021  156     21.1      0.4
     0.96     0.22   0.020  157     13.0      5.9
     0.95     0.23   0.020  158     -1.3      6.3
     0.98     0.39   0.020  160      8.4      0.1
     0.99     0.47   0.021  161      5.2      4.5
     0.99     0.63   0.020  162    -12.9     18.2
     0.98     0.99   0.021  163    -47.2      0.1
     1.07     2.95   0.020  164   -138.8     25.0
     2.12     7.45   0.021  165   -216.8     28.5
     4.63    10.87   0.021  167   -322.5     -2.7
     2.48     4.96   0.020  168   -524.4   -132.6
     1.66     2.10   0.021  169   -400.0    -31.3
     1.35     1.87   0.020  170   -334.6     14.7
     1.19     1.24   0.021  171   -301.7      1.2
     1.13     0.80   0.020  172   -284.4    -26.4
     1.07     2.22   0.020  174   -223.0    -73.5
     1.11     3.17   0.021  175   -173.8    -64.7
     1.08     4.08   0.020  176   -112.5    -50.4
     1.05     4.38   0.021  177    -20.2    -43.1
     1.13     5.04   0.020  178     37.6    -19.6
     1.22     5.30   0.021  179     94.9     15.0
     1.49     5.60   0.021  181    230.4     67.9
     1.69     5.59   0.020  182    306.9    113.0
     2.60     5.54   0.020  183    503.2    213.8
     3.34     6.11   0.021  184    732.7    313.9
     3.39     6.35   0.020  185    834.1    240.4
     2.98     4.97   0.021  186    658.6     70.3
     3.57     3.51   0.021  188    420.6   -157.4
     3.10     0.72   0.020  189    196.0    123.3
     1.12     3.61   0.021  190     49.3   -139.3
     5.05    10.46   0.020  191  -1271.7   -215.1
     4.55     7.54   0.021  192   1065.9    358.3
     3.02     4.72   0.020  193    494.3   -397.1
     2.45     2.13   0.020  195    347.4    359.2
     1.57     1.28   0.021  196    195.1    -80.9
     1.68     0.70   0.020  197    216.4    -32.5
     1.09     0.35   0.021  198    127.1     21.6
     1.04     0.28   0.020  199     98.7     33.7
     1.03     0.16   0.021  200    105.2     15.8
     1.01     0.13   0.020  201     89.4     10.2
     1.00     0.10   0.021  202     82.1      8.9
     0.97     0.13   0.020  203     65.8      6.0
     0.99     0.14   0.021  204     60.4      7.9
     0.98     0.16   0.020  205     54.0     13.6
     0.98     0.16   0.021  206     47.2     11.4
     0.96     0.14   0.020  207     44.9      4.5
     0.98     0.16   0.021  209     39.5      6.1
     0.99     0.17   0.020  210     35.1      5.6
     0.98     0.17   0.021  211     31.9      1.7
     0.98     0.22   0.020  212     32.3     -0.8
     0.98     0.24   0.021  213     24.4      4.7
     0.98     0.25   0.020  214     17.9      5.9
     0.96     0.27   0.020  216      9.2      4.6
     0.98     0.34   0.021  217     15.8     -2.1
     0.98     0.41   0.020  218     14.4      2.8
     0.99     0.41   0.021  219      9.3     10.9
     0.99     0.44   0.020  220     -0.8      5.2
     0.99     0.69   0.021  221    -40.2     19.2
     1.57     5.46   0.021  223   -200.6     51.3
     2.86    11.72   0.020  224   -347.3     31.8
     1.98    13.64   0.021  225   -439.1   -166.8
     3.98    13.76   0.020  226   -418.9   -175.6
     3.48     3.25   0.021  227   -605.0    -49.7
     2.15     2.24   0.020  228   -513.5     -0.1
     1.45     1.02   0.020  230   -358.6     83.4
     0.90     1.71   0.021  231   -229.6     21.9
     0.79     2.74   0.020  232   -196.2    -28.8
     1.11     3.28   0.020  233   -218.4    -55.4
     1.18     3.72   0.021  234   -158.6    -43.6
     1.05     4.79   0.020  235    -75.2    -29.4
     1.35     5.53   0.020  237     54.2    -59.0
     1.40     5.91   0.021  238    123.2    -28.1
     1.18     6.00   0.020  239    172.1     41.2
     1.09     5.66   0.021  240    189.8     93.0
     1.84     4.93   0.020  241    235.4     96.7
     2.90     5.18   0.021  242    440.0    189.0
     2.62     6.06   0.021  244    624.2    172.4
     2.47     5.26   0.020  245    631.1     11.1
     2.62     4.08   0.021  246    597.6   -178.5
     3.14     3.66   0.020  247    523.8   -214.9
     2.90     0.95   0.021  248    380.2     39.9
     0.65     2.57   0.020  249    -22.1   -157.2
     4.86     4.86   0.021  250  -1242.7    -51.9
     5.10     8.50   0.020  251   1104.4    551.3
     3.81     4.90   0.021  252    481.2   -354.4
     2.41     3.18   0.020  253    284.7    -22.0
     1.86     1.49   0.021  254    224.3    303.6
     1.40     1.08   0.020  255    109.1    -42.8
     1.31     1.06   0.021    0     81.9     -9.2
     1.50     0.37   0.020    1    127.7      3.7
     1.21     0.43   0.020    2     98.5     17.5
     1.09     0.46   0.021    3     74.5     13.9
     0.98     0.28   0.020    4     49.3     23.8
     1.01     0.17   0.021    5     48.0     22.7
     0.98     0.15   0.020    6     37.3     17.2
     0.98     0.15   0.021    7     32.1     16.3
     0.99     0.13   0.020    8     35.3     15.9
     0.97     0.12   0.021    9     35.6     12.7
     1.01     0.12   0.020   10     35.3      7.5
     1.00     0.09   0.021   11     30.0     11.6
     0.97     0.09   0.020   12     21.6      5.9
     1.01     0.07   0.021   13     26.0     10.0
     1.01     0.06   0.020   14     20.3      8.1
     0.99     0.06   0.021   15     17.9      8.5
     1.01     0.06   0.020   16     18.9      7.5
     0.99     0.06   0.021   17     16.1      2.2
     1.00     0.10   0.020   18     15.5      7.8
     1.00     0.16   0.021   19     13.5      9.0
     0.99     0.20   0.020   20      7.2      8.4
     0.98     0.19   0.021   21      4.6      4.0
     0.97     0.18   0.020   22     -1.2     17.8
     0.99     0.17   0.021   23      1.5      5.7
     0.98     0.16   0.020   24      6.0     -3.6
     0.98     0.13   0.021   25      3.9     -2.7
     0.98     0.11   0.020   26      4.7      0.9
     0.97     0.11   0.020   27      4.9     -2.6
     0.96     0.09   0.021   28     -0.3      1.8
     0.97     0.05   0.020   29     -0.4      4.8
     0.97     0.04   0.021   30      0.9     -0.3
     0.97     0.04   0.020   31      0.8     -0.1
     0.97     0.06   0.021   32      1.6     -1.0
     0.97     0.07   0.020   33     -1.8      2.0
     0.98     0.07   0.021   34      0.8      2.9
     0.98     0.06   0.020   35      1.5      1.8
     0.98     0.06   0.021   36      4.1      0.8
     0.99     0.08   0.020   37      0.9     -2.5
     0.98     0.08   0.021   38     -1.3      1.7
     0.97     0.08   0.020   39     -1.3      3.5
     0.98     0.08   0.021   40     -0.3      2.1
     0.96     0.08   0.020   41     -4.1      0.9
     0.97     0.07   0.021   42     -2.1      2.7
     0.98     0.07   0.020   43     -0.2      2.3
     0.95     0.06   0.021   44     -4.4     -2.5
     0.95     0.06   0.020   45     -4.9     -4.3
     0.98     0.06   0.021   46     -0.5      2.8
     0.98     0.06   0.020   47      0.3      1.6
     1.02     0.07   0.021   48      6.1      7.2
     1.00     0.07   0.020   49      2.9      3.7
     0.98     0.07   0.021   50     -1.1      1.3
     0.98     0.07   0.020   51     -0.0      1.3
