     0.99     0.03   0.021  156     -1.0      0.0
     1.00     0.02   0.020  157     -0.2      0.1
     1.00     0.03   0.021  158     -2.2     -0.0
     1.02     0.03   0.020  159      3.4     -0.6
     0.99     0.02   0.020  160     -2.6      4.8
     0.99     0.02   0.021  161     -1.2     -0.5
     1.00     0.02   0.020  162     -0.2     -0.3
     0.99     0.02   0.021  163     -1.2     -0.4
     0.99     0.02   0.020  164     -1.1     -0.3
     0.97     0.02   0.021  165     -3.8      4.3
     1.01     0.02   0.020  166     -0.4      0.3
     0.99     0.02   0.021  167     -0.8     -0.8
     0.99     0.02   0.020  168     -1.7      0.2
     1.01     0.02   0.021  169      3.9     -3.2
     0.97     0.02   0.020  170      0.5     -0.3
     1.00     0.03   0.021  171      3.9     -4.8
     0.98     0.02   0.021  173     -1.7      0.6
     0.99     0.02   0.020  174     -2.1      0.7
     1.04     0.02   0.021  175     -1.1     -1.1
     0.99     0.02   0.020  176     -1.9      0.7
     1.00     0.02   0.021  177     -1.9      0.7
     0.99     0.02   0.020  178     -0.5     -0.3
     0.99     0.03   0.020  180     -2.5      0.5
     1.01     0.03   0.021  181      2.1     -0.2
     1.01     0.03   0.020  182      2.2     -4.1
     1.00     0.04   0.021  183     -1.5      0.9
     1.00     0.05   0.020  184     -2.2     -0.4
     1.01     0.06   0.020  185     -2.6     -1.4
     1.01     0.07   0.021  186     -4.2     -3.6
     1.00     0.11   0.020  187     -3.1     -0.7
     1.00     0.14   0.021  188     -0.2     -1.0
     1.00     0.15   0.020  189     -1.7      1.3
     1.00     0.17   0.021  190     -0.9     -0.4
     0.99     0.18   0.020  191      2.7      3.1
     0.99     0.16   0.021  192      2.0      1.2
     0.99     0.12   0.020  193      1.6      0.6
     0.99     0.09   0.021  194      2.0      3.2
     0.99     0.05   0.020  195     -0.2      1.5
     1.00     0.03   0.021  196     -0.6      1.2
     1.00     0.03   0.020  197     -4.6     -1.3
     1.00     0.06   0.021  198     -1.4     -0.3
     1.01     0.07   0.020  199     -0.4     -2.5
     1.00     0.22   0.020  201      2.1      3.7
     0.94     0.13   0.021  202     13.8     19.5
     0.94     0.38   0.020  203     21.3     32.8
     0.95     0.94   0.021  204    -22.8     32.5
     1.15     1.36   0.020  205    -81.0    105.1
     1.78     2.94   0.021  206     65.5    109.9
     2.50     2.14   0.020  207    202.1    190.1
     1.65     1.63   0.021  208      7.3    274.0
     1.64     1.07   0.020  209    -97.7    316.4
     1.63     0.55   0.020  210    -26.0    330.8
     1.56     0.62   0.021  211    -15.7    327.1
     1.39     0.91   0.020  212    -23.1    300.4
     1.24     1.31   0.021  213    -10.6    250.3
     1.12     1.70   0.020  214    -17.4    195.1
     1.20     1.88   0.021  215    -27.3    136.6
     1.55     2.32   0.020  216     10.5     21.6
     1.35     3.00   0.021  217     40.1    -44.3
     1.07     3.09   0.020  218      7.7    -73.9
     1.18     2.89   0.021  219    -14.7   -126.7
     1.28     2.85   0.020  220     25.4   -181.0
     1.53     2.35   0.020  222     13.8   -262.1
     1.56     2.47   0.021  223     32.0   -322.2
     1.24     2.24   0.020  224     28.3   -304.3
     1.26     1.51   0.021  225     -2.5   -321.5
     1.25     0.62   0.020  226    -18.0   -313.5
     1.34     0.50   0.021  227    -37.5   -338.9
     0.66     1.82   0.021  229     28.1   -149.4
     1.45     4.90   0.020  230    -46.8    354.8
     1.46     6.55   0.021  231    292.4   -128.9
     2.93     3.70   0.020  232    -43.0    -55.1
     2.26     2.44   0.021  233   -277.3    -11.7
     1.10     2.47   0.020  234     45.5     47.0
     1.86     1.62   0.020  235    279.7     29.9
     1.47     0.83   0.021  236    -83.9     34.7
     1.21     0.70   0.020  237     15.3     39.1
     1.33     0.68   0.021  238    -37.5     50.0
     1.15     0.50   0.020  239    -23.0     61.3
     1.09     0.16   0.021  240    -17.7     50.7
     1.09     0.05   0.020  241    -14.7     41.9
     1.07     0.13   0.021  242     -9.0     38.8
     1.06     0.23   0.020  243    -10.9     33.8
     1.04     0.35   0.021  244     -4.0     34.0
     1.03     0.37   0.020  245      4.9     30.8
     1.03     0.30   0.021  246      3.9     29.2
     1.05     0.30   0.020  247      4.4     23.7
     1.03     0.19   0.021  248     14.9     26.3
     1.04     0.13   0.020  249      3.4     19.4
     1.04     0.11   0.021  250      2.5     17.5
     1.01     0.07   0.020  251      3.0     15.3
     0.99     0.05   0.021  252      1.6     14.6
     1.02     0.03   0.020  253     -2.8     11.0
     1.04     0.03   0.021  254     -2.4      7.1
     1.03     0.07   0.020  255      2.3      8.8
     1.05     0.10   0.021    0      0.5      3.8
     1.04     0.10   0.020    1      1.5      7.6
     1.03     0.07   0.021    2     -3.2     10.4
     1.03     0.12   0.020    3     -4.3      8.1
     1.02     0.10   0.020    4     -0.8      8.8
     1.02     0.16   0.021    5     -5.5      8.9
     1.07     0.34   0.020    6    -16.4      2.3
     1.07     0.42   0.021    7    -12.9     16.9
     1.03     0.95   0.020    8     10.4     59.5
     1.08     2.87   0.021    9     36.9    144.1
     1.93     5.51   0.020   10   -118.6    125.9
     2.97     6.55   0.021   11     32.7    450.9
     2.83     4.16   0.020   12    112.5    424.8
     2.17     4.16   0.021   13   -185.7    438.1
     1.77     2.67   0.020   14    -30.1    413.5
     1.59     2.92   0.021   15    -78.6    383.3
     1.71     3.05   0.020   16      7.4    386.6
     1.64     2.45   0.021   17    116.9    356.0
     1.37     1.94   0.020   18    117.7    306.5
     1.30     1.84   0.021   19     95.3    277.9
     1.14     2.24   0.020   20     42.9    237.4
     1.33     2.95   0.021   21     -8.5    194.4
     1.21     3.80   0.020   22    -22.5    126.6
     1.12     4.37   0.021   23    -31.7     57.7
     1.04     4.61   0.020   24    -27.6      2.6
     1.05     4.50   0.021   25    -25.8    -48.3
     1.32     4.37   0.020   26      5.0   -105.7
     1.52     4.19   0.021   27     28.6   -149.3
     2.28     4.02   0.020   28     55.2   -307.1
     2.47     4.41   0.020   29     45.8   -435.4
     2.25     4.58   0.021   30     79.3   -501.7
     2.51     3.91   0.020   31     85.4   -622.7
     2.73     3.59   0.021   32    -14.2   -697.2
     2.53     3.16   0.020   33   -107.2   -538.0
     2.39     1.81   0.021   34    -17.6   -391.8
     2.08     1.05   0.020   35    122.4   -403.2
     1.21     4.78   0.021   36    129.4   -135.8
     1.80     3.95   0.020   37     38.3    313.5
     3.08     7.65   0.021   38    216.0   -689.9
     3.53     4.30   0.020   39   -428.4   -462.4
     1.28     3.43   0.021   40     84.8   -130.6
     2.30     2.88   0.020   41    474.8    -93.9
     1.42     1.98   0.021   42    -83.0   -151.7
     1.71     0.96   0.020   43      4.0   -127.3
     1.47     0.25   0.021   44     -3.8    -87.4
     1.16     0.08   0.020   45     14.1    -59.4
     1.12     0.06   0.021   46     -2.6    -58.4
     1.08     0.16   0.020   47     13.8    -48.2
     1.06     0.20   0.021   48     11.6    -41.8
     1.05     0.25   0.020   49      8.8    -37.9
     1.02     0.24   0.021   50     22.9    -21.2
     1.01     0.15   0.020   51     18.8    -16.8
     1.02     0.04   0.021   52     16.6    -20.3
     1.03     0.09   0.020   53     14.8    -16.9
     1.05     0.14   0.020   54      5.0    -23.1
     1.02     0.10   0.021   55      5.2    -18.6
     1.00     0.13   0.020   56      5.3    -16.8
     1.02     0.08   0.021   57      0.6    -19.9
     1.05     0.05   0.020   58     -1.5    -17.4
     1.04     0.09   0.021   59     -1.8    -18.8
     1.05     0.18   0.020   60      0.5    -16.9
     1.02     0.25   0.021   61      6.2     -7.4
     1.01     0.11   0.020   62     12.5      2.8
     1.01     0.08   0.021   63      5.6     -0.4
     1.04     0.10   0.020   64    -10.6    -14.7
     1.04     0.18   0.021   65     -9.2     -2.0
     1.05     0.39   0.020   66     -7.2     -3.2
     1.04     0.55   0.021   67      5.7     20.1
     1.05     1.29   0.020   68    -10.5     97.4
     1.22     3.71   0.021   69    -20.5    185.1
     1.63     5.45   0.020   70    -29.5     96.2
     2.73     7.30   0.021   71   -253.6    305.5
     4.48     6.48   0.020   72    380.1    334.4
     2.45     3.64   0.021   73   -108.1    520.7
     2.50     2.04   0.020   74    -28.0    555.8
     2.05     1.04   0.021   75   -115.6    488.4
     1.88     1.24   0.020   76   -199.6    430.9
     1.65     1.62   0.021   77   -118.9    388.9
     1.47     2.39   0.020   78    -63.4    334.1
     1.24     3.10   0.020   79    -66.1    258.9
     1.07     3.63   0.021   80    -50.1    186.7
     1.20     4.07   0.020   81    -58.3    125.9
     1.40     4.76   0.021   82    -78.0     33.0
     1.37     5.03   0.020   83    -63.4    -54.9
     1.23     5.23   0.021   84    -47.3   -124.4
     1.34     4.99   0.020   85    -44.4   -170.3
     2.03     4.97   0.021   86     92.0   -264.6
     2.66     5.58   0.020   87    216.0   -410.6
     2.46     5.66   0.021   88    178.9   -498.3
     2.42     4.59   0.020   89    188.2   -580.8
     2.38     3.75   0.021   90    117.0   -586.1
     2.60     2.72   0.020   91     -8.3   -624.3
     2.51     1.69   0.021   92     82.3   -517.3
     2.28     1.46   0.020   93    189.3   -422.2
     1.89     2.97   0.021   94    205.7   -393.5
     1.26     3.65   0.020   95    232.8    -99.8
     2.61     6.16   0.021   96    -67.0    663.6
     4.86     5.72   0.020   97    232.3   -931.0
     3.75     2.85   0.021   98   -431.3   -509.2
     1.39     2.65   0.020   99    266.4    -41.9
     1.07     2.35   0.021  100    182.1     -2.6
     1.67     1.56   0.020  101    120.0    -90.3
     1.17     1.26   0.021  102    -54.7   -135.7
     1.40     0.64   0.020  103     87.5   -100.4
     1.34     0.41   0.020  104    -26.9    -55.0
     1.16     0.18   0.021  105     -5.6    -47.5
     1.20     0.22   0.020  106      0.6    -60.0
     1.11     0.24   0.021  107      8.4    -43.3
     1.06     0.23   0.020  108     11.5    -26.8
     1.02     0.20   0.021  109     20.5    -14.9
     1.04     0.26   0.020  110     19.0    -16.7
     1.07     0.21   0.021  111     13.5    -24.8
     1.01     0.22   0.020  112      3.9    -20.6
     1.02     0.22   0.021  113      4.9    -16.1
     1.04     0.22   0.020  114      1.5    -22.6
     1.05     0.17   0.021  115     -0.9    -20.1
     1.05     0.10   0.020  116     -1.5    -16.8
     1.05     0.09   0.021  117     -0.2    -13.5
     1.02     0.12   0.020  118      3.4     -8.8
     1.04     0.12   0.021  119      5.3     -6.2
     1.08     0.09   0.020  120      3.0     -9.1
     1.04     0.16   0.021  121    -10.9    -16.7
     1.03     0.26   0.020  122    -12.3     -1.7
     1.05     0.46   0.021  123      4.2     15.5
     1.01     0.60   0.020  124     16.4     55.2
     1.08     1.22   0.021  125     -3.5     67.6
     1.18     2.72   0.020  126    -23.2    126.1
     1.30     4.89   0.021  127    -49.5     98.2
     2.36     5.90   0.020  128    -94.9    174.7
     2.68     8.27   0.020  129     60.3    377.8
     2.19     3.41   0.020  131    -39.5    497.2
     2.20     2.27   0.021  132    -48.5    515.0
     1.94     0.97   0.020  133   -155.1    451.1
     1.92     1.03   0.021  134   -199.2    423.6
     1.81     1.65   0.020  135   -144.6    384.8
     1.35     2.95   0.021  136    -98.2    284.2
     1.13     3.69   0.020  137    -98.6    207.0
     1.10     4.03   0.021  138    -68.0    144.4
     1.09     4.45   0.020  139    -31.5     78.6
     1.12     4.79   0.021  140    -26.5     12.9
     1.35     4.92   0.020  141    -35.5    -59.1
     1.46     5.28   0.021  142     -3.1   -130.9
     1.40     5.45   0.020  143     17.6   -172.3
     2.28     5.26   0.020  145    201.2   -367.4
     2.62     5.43   0.021  146    219.3   -533.0
     2.59     5.28   0.020  147    177.4   -622.4
     2.51     4.31   0.021  148     95.1   -625.5
     2.63     3.10   0.020  149      9.7   -605.0
     2.56     2.54   0.021  150    128.4   -464.7
     2.40     1.38   0.020  151    242.2   -379.8
     1.88     6.23   0.021  152    228.2   -185.8
     3.77     3.37   0.020  153   -400.6    772.4
     5.02    10.00   0.020  154    129.5  -1160.4
     2.81     3.39   0.021  155   -249.6   -382.6
     1.20     3.71   0.020  156    252.8    -21.8
     2.28     3.24   0.021  157    253.3   -189.9
     1.10     0.74   0.021  159     78.1    -81.3
     1.53     0.51   0.020  160    -16.4   -116.6
     1.20     0.06   0.021  161     -9.7    -71.1
     1.12     0.27   0.020  162      3.7    -55.1
     1.10     0.28   0.021  163      7.0    -51.5
     1.10     0.36   0.020  164      5.8    -52.1
     1.05     0.39   0.020  166     12.3    -23.4
     1.03     0.25   0.021  167     15.0    -15.7
     1.04     0.13   0.020  168     10.6    -22.3
     1.04     0.06   0.021  169      8.5    -18.7
     1.03     0.06   0.020  170      5.9    -13.7
     1.02     0.10   0.021  171      1.4    -20.4
     1.00     0.11   0.020  172      0.6    -16.6
     1.01     0.11   0.021  173     -1.0    -17.1
     1.08     0.08   0.020  174     -9.6    -25.4
     1.08     0.24   0.021  175     -3.6    -20.2
     1.03     0.29   0.020  176      4.0     -6.6
     1.03     0.17   0.021  177     12.0     -2.0
     1.02     0.08   0.020  178     10.8      4.9
     1.08     0.12   0.021  180    -10.7    -18.9
     1.04     0.18   0.020  181     -9.9      3.9
     1.04     0.34   0.021  182     -6.7     10.1
     1.03     0.63   0.020  183     -2.1     19.1
     1.04     1.49   0.021  184      0.4     69.5
     1.12     2.28   0.020  185    -27.2     98.6
     2.03     6.68   0.020  187   -163.0    181.5
     2.30     9.18   0.021  188   -120.7    323.7
     4.66     4.86   0.020  189    444.7    360.5
     2.01     3.53   0.021  190    -57.8    447.8
     2.07     2.17   0.020  191    -59.8    456.9
     2.04     1.52   0.021  192   -184.5    459.0
     1.63     2.08   0.021  194   -221.7    336.0
     1.34     3.15   0.020  195   -151.9    278.0
     1.16     3.67   0.021  196    -97.6    218.5
     1.09     4.02   0.020  197    -50.3    163.3
     1.10     4.21   0.021  198    -14.3    105.0
     1.11     4.69   0.020  199    -14.5     31.0
     1.18     4.94   0.020  201    -10.2    -80.7
     1.42     4.99   0.021  202     19.1   -138.9
     1.61     5.03   0.020  203     50.3   -206.3
     1.89     4.95   0.020  204     66.5   -266.0
     2.83     5.19   0.021  205    200.7   -470.6
     3.24     5.95   0.020  206    310.6   -660.7
     2.90     3.45   0.020  208     26.4   -660.5
     3.30     2.56   0.021  209     65.8   -616.8
     3.18     2.43   0.020  210    308.8   -404.7
     2.32     4.10   0.021  211    246.1   -368.0
     3.64     3.88   0.020  212    -79.0    901.4
     5.90     8.76   0.021  213    331.0  -1157.3
     1.58     3.78   0.021  215    304.6    -62.5
     1.43     2.54   0.020  216    203.8    -99.8
     2.43     2.24   0.021  217    118.3   -310.0
     1.70     1.39   0.020  218    -11.5   -157.4
     1.31     0.61   0.021  219     43.1   -104.7
     1.18     0.48   0.020  220     19.1    -87.3
     1.20     0.16   0.020  222     15.3    -80.4
     1.10     0.35   0.021  223     20.9    -54.2
     1.05     0.37   0.020  224     17.6    -40.6
     1.08     0.37   0.021  225     26.7    -39.3
     1.05     0.38   0.020  226     27.8    -29.0
     1.01     0.23   0.021  227     25.3    -18.1
     1.03     0.35   0.020  229     10.3    -32.3
     1.06     0.30   0.021  230      5.8    -35.9
     1.02     0.13   0.020  231      6.1    -25.3
     1.05     0.08   0.021  232      4.5    -15.8
     1.07     0.09   0.020  233      3.1    -22.9
     1.08     0.05   0.021  234      5.3    -20.6
     1.05     0.07   0.021  236     10.1     -7.5
     1.04     0.06   0.020  237      9.7      0.3
     1.06     0.21   0.021  238     -2.6     -8.7
     1.07     0.22   0.020  239     -3.9    -10.4
     1.06     0.28   0.021  240     -8.5     -8.7
     1.04     0.46   0.020  241      0.9     14.4
     1.09     1.36   0.020  243    -20.1     81.9
     1.39     2.90   0.021  244     -8.0    147.7
     2.19     5.81   0.020  245   -123.8    112.8
     2.33     9.15   0.021  246   -121.0    357.8
     4.52     6.95   0.020  247    255.0    310.8
     2.07     3.12   0.021  248   -153.2    420.6
     1.76     1.24   0.021  250   -145.0    409.6
     1.60     1.04   0.020  251   -230.3    335.6
     1.37     1.37   0.021  252   -162.7    300.3
     1.19     2.19   0.020  253    -91.9    271.7
     1.11     2.80   0.020  254    -95.8    224.8
     1.15     3.05   0.021  255    -80.9    183.5
     1.24     4.28   0.021    1    -21.7     57.8
     1.38     4.83   0.020    2     -1.6    -26.0
     1.48     5.41   0.021    3     33.0   -101.8
     1.49     5.65   0.020    4     55.0   -157.3
     1.54     5.60   0.021    5     66.0   -210.4
     1.83     5.49   0.020    6     96.1   -293.1
     2.88     5.21   0.020    8    266.4   -609.8
     3.10     5.08   0.021    9    269.9   -743.4
     2.58     3.80   0.020   10    116.8   -565.0
     2.89     2.55   0.021   11     57.4   -534.7
     2.89     1.93   0.020   12    205.7   -422.9
     2.93     4.72   0.021   13    252.5   -233.9
     5.42     9.10   0.021   15    880.4  -1000.1
     3.65     3.87   0.020   16   -267.1   -610.2
     1.34     3.36   0.021   17     45.9   -220.3
     1.74     3.23   0.020   18    336.2    -10.4
     1.59     1.90   0.021   19     39.0   -276.3
     1.32     0.77   0.020   20     89.2   -127.9
     1.32     0.38   0.020   22     43.0   -121.5
     1.23     0.15   0.020   23     31.5   -105.8
     1.16     0.11   0.021   24     30.5    -92.6
     1.09     0.09   0.020   25     33.8    -69.6
     1.10     0.10   0.021   26     28.7    -67.0
     1.08     0.11   0.020   27     29.0    -55.5
     1.07     0.05   0.020   29     24.2    -44.8
     1.05     0.06   0.021   30     25.3    -34.4
     1.07     0.08   0.020   31     16.3    -33.9
     1.02     0.10   0.021   32      9.5    -34.2
     1.01     0.13   0.020   33     11.8    -28.1
     1.04     0.12   0.021   34     10.9    -28.4
     1.07     0.19   0.021   36      5.5    -27.8
     1.06     0.22   0.020   37      8.0    -22.4
     1.06     0.22   0.021   38     11.5    -18.2
     1.08     0.19   0.020   39     14.1    -11.9
     1.05     0.12   0.021   40      5.6    -11.6
     1.05     0.15   0.020   41      0.0    -12.4
     1.04     0.47   0.020   43     -2.9      9.4
     1.05     0.54   0.021   44      5.5     12.0
     1.07     1.04   0.020   45     -4.4     29.9
     1.10     2.36   0.021   46    -27.7    101.0
     1.28     4.64   0.020   47    -20.4    155.2
     2.48     8.83   0.020   48   -141.6    173.4
     5.04     6.67   0.020   50     79.0    431.3
     2.56     2.54   0.021   51   -225.2    534.0
     2.19     1.04   0.020   52   -153.5    494.7
     1.77     1.21   0.021   53   -160.3    415.6
     1.48     1.62   0.020   54   -182.8    328.6
     1.29     2.38   0.021   55   -135.8    290.5
     1.26     3.24   0.021   57   -105.1    180.0
     1.42     3.82   0.020   58    -73.0    126.0
     1.34     4.61   0.021   59    -47.7     48.9
     1.26     5.20   0.020   60    -49.0    -36.6
     1.41     5.44   0.021   61    -29.5   -102.2
     1.51     5.49   0.020   62     19.6   -147.6
     2.70     5.37   0.020   64    196.8   -368.7
     2.86     5.90   0.021   65    296.1   -519.8
     2.64     6.06   0.020   66    277.3   -605.6
     2.60     4.64   0.021   67    137.2   -634.8
     2.83     3.26   0.020   68     21.9   -652.6
     2.73     3.48   0.021   69    186.9   -464.1
     0.61     2.95   0.021   71    -63.2   -139.3
     1.86     3.05   0.020   72    -98.4    270.2
     3.97    10.31   0.020   73    838.4   -573.2
     3.85     4.68   0.021   74   -359.9   -705.6
     1.97     4.02   0.020   75     35.3   -276.7
     1.68     3.55   0.021   76    299.4    -30.1
     1.53     0.51   0.021   78     40.5   -147.0
     1.36     0.33   0.020   79     -1.0   -132.3
     1.24     0.18   0.021   80     -3.2    -96.0
     1.11     0.16   0.020   81      9.5    -79.9
     1.12     0.14   0.021   82      2.2    -83.8
     1.16     0.29   0.020   83      4.5    -84.5
     1.06     0.51   0.020   85      9.3    -50.5
     1.07     0.48   0.021   86      9.1    -44.1
     1.03     0.37   0.020   87     22.0    -25.6
     1.03     0.15   0.021   88     15.4    -26.5
     1.04     0.17   0.020   89     11.5    -25.8
     1.03     0.29   0.021   90      4.5    -35.4
     1.03     0.27   0.021   92      7.2    -16.4
     1.09     0.33   0.020   93      1.3    -28.8
     1.11     0.15   0.021   94     -3.4    -36.2
     1.07     0.07   0.020   95      0.9    -20.5
     1.06     0.06   0.021   96      3.5    -13.5
     1.06     0.12   0.020   97      3.8    -11.3
     1.07     0.20   0.021   99     -5.9    -13.9
     1.07     0.24   0.020  100     -6.1     -6.1
     1.07     0.32   0.021  101    -10.5     -7.7
     1.08     0.46   0.020  102      5.4     11.0
     1.09     0.74   0.021  103     -3.7     30.0
     1.12     1.62   0.020  104    -20.2     89.8
     1.88     6.52   0.020  106   -134.3    204.4
     2.35     9.65   0.021  107   -132.1    379.7
     4.36     8.83   0.020  108     79.5    293.0
     2.13     3.21   0.021  109   -117.0    456.7
     2.24     2.45   0.020  110    -68.6    503.6
     1.78     0.98   0.021  111    -92.7    430.8
     1.38     1.23   0.021  113   -163.5    309.8
     1.24     1.64   0.020  114   -139.2    273.2
     1.20     2.37   0.021  115   -116.4    244.6
     1.31     2.97   0.020  116    -93.8    219.3
     1.49     3.76   0.021  117    -79.7    165.4
     1.40     4.58   0.020  118    -70.7     84.6
     1.37     5.17   0.020  120     13.1    -50.5
     1.45     5.34   0.021  121     38.7    -98.9
     1.53     5.29   0.020  122     42.6   -150.2
     1.64     5.00   0.020  123     52.1   -194.5
     2.45     4.85   0.021  124    160.0   -357.5
     3.16     5.49   0.020  125    268.5   -601.8
     2.51     4.39   0.020  127    159.4   -591.7
     2.76     2.98   0.021  128     68.5   -598.7
     2.78     1.64   0.020  129    159.9   -490.8
     2.70     2.77   0.021  130    235.5   -409.9
     2.30     3.28   0.020  131    333.0   -378.4
     3.94    10.91   0.021  132   -392.0    927.0
     3.03     4.66   0.021  134   -258.4   -414.7
     2.10     2.84   0.020  135    401.2     16.3
     2.12     1.46   0.021  136      9.3   -308.8
     1.67     0.33   0.020  137     46.6   -149.8
     1.34     0.22   0.021  138     -2.9    -77.6
     1.28     0.21   0.020  139     20.2    -79.7
     1.13     0.29   0.020  141      8.5    -50.3
     1.12     0.34   0.021  142     18.2    -53.8
     1.11     0.42   0.020  143     17.1    -45.9
     1.08     0.43   0.021  144     12.4    -41.7
     1.04     0.32   0.020  145     13.1    -24.0
     1.04     0.23   0.021  146     15.9    -14.9
     1.03     0.16   0.020  148     16.0     -8.7
     1.06     0.27   0.021  149     11.4    -14.8
     1.00     0.37   0.020  150      7.5    -12.5
     1.00     0.39   0.021  151      6.6    -18.0
     1.07     0.36   0.020  152      1.1    -22.2
     1.14     0.13   0.021  153     -3.0    -34.5
     1.08     0.18   0.021  155      4.2    -13.1
     1.04     0.09   0.020  156      7.4     -6.1
     1.04     0.17   0.021  157      7.5     10.3
     1.11     0.31   0.020  158      4.8     -6.1
     1.06     0.34   0.021  159     -2.3      5.8
     1.06     0.44   0.020  160      0.5     -0.7
     1.08     0.67   0.020  162      1.0     24.5
     1.03     1.10   0.021  163    -15.7     63.9
     1.26     2.46   0.020  164      7.9     92.8
     1.71     3.57   0.021  165    -49.6    100.0
     2.69     6.25   0.020  166   -227.3    241.0
     2.30    10.33   0.021  167    -47.8    415.3
     2.08     2.17   0.021  169   -134.6    465.1
     1.88     1.33   0.020  170    -70.4    438.3
     1.42     0.60   0.021  171    -78.2    348.8
     1.20     0.68   0.020  172   -112.2    283.7
     1.12     1.11   0.020  173   -116.3    248.0
     1.03     1.89   0.021  174    -82.6    213.3
     1.31     2.99   0.021  176    -38.5    118.3
     1.30     3.82   0.020  177    -14.5     56.6
     1.18     4.16   0.021  178    -21.9     -5.8
     1.29     4.46   0.020  179    -13.7    -68.9
     1.40     4.68   0.021  180     10.9   -117.3
     1.54     4.80   0.020  181     25.8   -161.1
     2.05     4.61   0.020  183    116.1   -295.1
     2.48     4.75   0.021  184    213.3   -404.7
     2.42     5.29   0.020  185    280.5   -441.3
     2.41     5.32   0.021  186    299.9   -516.6
     2.62     4.78   0.020  187    249.4   -612.7
     2.80     3.84   0.021  188     86.4   -578.6
     3.00     0.55   0.021  190    221.9   -227.3
     1.58     3.90   0.020  191     74.4    -86.6
     4.99     3.81   0.021  192   -635.0    966.5
     5.05    10.47   0.020  193    567.1  -1141.7
     3.34     4.49   0.021  194   -127.3   -667.0
     2.02     3.31   0.020  195    319.4   -234.0
     1.83     2.71   0.020  197     55.2   -291.3
     1.55     1.38   0.020  198     21.5   -231.6
     1.32     0.22   0.021  199     70.3   -162.5
     1.11     0.35   0.020  200     68.8    -95.5
     1.21     0.35   0.021  201     57.9   -136.0
     1.15     0.29   0.020  202     61.0   -113.1
     1.08     0.30   0.020  204     51.5    -75.0
     1.07     0.24   0.021  205     48.9    -63.7
     1.08     0.20   0.020  206     42.3    -66.3
     1.08     0.13   0.021  207     42.9    -54.9
     1.08     0.05   0.020  208     39.2    -46.7
     1.06     0.04   0.021  209     31.5    -44.2
     1.02     0.02   0.021  211     19.9    -41.5
     1.03     0.05   0.020  212     17.0    -41.8
     1.04     0.09   0.021  213     17.3    -29.2
     1.05     0.06   0.020  214     15.1    -24.9
     1.07     0.08   0.021  215     14.4    -25.6
     1.08     0.09   0.020  216     17.5    -23.1
     1.08     0.10   0.020  218     11.5    -17.4
     1.07     0.10   0.021  219     10.4    -14.4
     1.06     0.16   0.020  220     -3.0    -16.0
     1.07     0.34   0.021  221     -3.8     -6.5
     1.08     0.44   0.020  222     -0.1     -7.4
     1.05     0.52   0.020  223      1.9     10.5
     1.10     1.95   0.020  225    -19.1     84.6
     1.30     4.22   0.021  226    -31.4    169.1
     2.52     8.53   0.020  227   -146.4    208.0
     2.19    11.82   0.021  228   -193.5    392.3
     4.54     9.78   0.020  229     62.1    357.8
     2.27     3.22   0.021  230   -177.4    491.7
     1.93     1.19   0.021  232   -174.0    457.1
     1.78     1.27   0.020  233   -179.2    412.2
     1.71     2.24   0.021  234   -208.1    361.9
     1.31     2.84   0.020  235   -188.6    250.5
     1.09     3.45   0.021  236   -136.5    189.8
     1.09     3.80   0.020  237    -76.8    150.3
     1.49     4.80   0.020  239    -27.6     51.4
     1.38     4.98   0.021  240     25.1    -15.2
     1.27     4.78   0.020  241     43.5    -68.8
     1.32     4.54   0.021  242     25.1   -105.4
     1.76     4.21   0.020  243     50.0   -149.8
     2.08     4.35   0.021  244    127.1   -214.6
     2.02     4.68   0.021  246    138.1   -331.8
     2.01     4.41   0.020  247    142.5   -373.5
     2.22     4.45   0.020  248    178.1   -463.0
     1.72     4.31   0.021  249    170.3   -389.9
     1.65     3.67   0.020  250    173.7   -381.2
     1.75     3.26   0.021  251    158.6   -419.1
     1.69     0.49   0.021  253    118.7   -215.7
     1.59     1.22   0.020  254    180.8   -312.4
     1.62     1.16   0.021  255    223.3   -346.2
     5.87    11.33   0.021    1   -549.5   1335.8
     4.97     4.71   0.020    2   -513.0  -1068.9
     1.33     3.32   0.020    4     26.2   -159.4
     3.04     3.26   0.021    5     83.1   -410.0
     2.06     2.77   0.020    6   -122.2   -183.6
     1.64     1.29   0.021    7    -36.1   -152.2
     1.36     0.58   0.020    8      5.8   -124.1
     1.17     0.24   0.021    9     10.4    -72.5
     1.11     0.50   0.021   11     -0.5    -53.8
     1.09     0.49   0.020   12     11.6    -44.9
     1.09     0.39   0.021   13     11.4    -50.5
     1.09     0.27   0.020   14     -2.0    -42.8
     1.08     0.27   0.021   15     -2.6    -37.1
     1.11     0.27   0.020   16     14.9    -36.6
     1.08     0.19   0.021   18     -0.4    -28.2
     1.12     0.16   0.020   19      6.9    -30.8
     1.08     0.14   0.021   20      0.4    -19.3
     1.09     0.13   0.020   21      0.6    -21.1
     1.03     0.13   0.021   22     -5.7    -18.2
     1.02     0.15   0.020   23     -5.8    -15.5
     1.07     0.14   0.020   25      2.9    -15.3
     1.09     0.12   0.021   26      1.3    -16.7
     1.09     0.10   0.020   27      0.7    -12.2
     1.09     0.07   0.021   28      2.3     -8.4
     1.10     0.06   0.020   29     -3.2    -15.4
     1.10     0.14   0.021   30     -1.2    -18.1
     1.09     0.22   0.021   32     -2.6     -7.5
     1.10     0.27   0.020   33     -5.1    -10.8
     1.10     0.37   0.021   34     -2.5     -6.1
     1.09     0.39   0.020   35     -0.7     -1.3
     1.05     0.24   0.021   36     12.2     29.4
     1.07     0.07   0.020   37      5.4      4.3
     1.09     0.10   0.020   39    -18.4     -7.8
     1.10     0.15   0.021   40    -12.3     -3.0
     1.08     0.23   0.020   41     -8.3     -1.2
     1.07     0.34   0.020   42     -3.8      2.3
     1.08     0.41   0.021   43     -4.9      8.1
     1.07     0.61   0.020   44     -1.5     11.0
     1.13     1.16   0.020   46    -22.4     43.3
     1.51     2.54   0.021   47   -102.4     81.4
     2.00     4.34   0.020   48   -196.5     36.0
     1.69     4.73   0.021   49    -34.9     70.1
     1.74     2.75   0.020   50    -95.0     80.4
     1.51     2.27   0.021   51   -303.4     18.4
     1.20     3.75   0.021   53   -208.8    -18.3
     1.22     3.97   0.020   54   -222.5    -28.6
     1.37     4.10   0.021   55   -201.0    -15.5
     1.34     4.08   0.020   56   -136.3     10.1
     1.09     3.88   0.021   57   -118.0      9.1
     1.11     3.71   0.020   58   -140.6    -44.6
     1.17     3.87   0.021   59   -136.7    -97.5
     1.10     4.08   0.020   60    -91.0   -112.4
     1.14     3.96   0.021   61    -26.2    -91.3
     1.28     4.07   0.020   62      2.3    -90.0
     1.69     4.26   0.021   63     34.7   -134.6
     1.76     4.84   0.020   64    172.2   -126.3
     1.31     5.15   0.021   65    195.0    -80.0
     1.31     4.02   0.020   67    254.4    -42.8
     1.56     3.64   0.021   68    354.8     -5.8
     1.18     3.22   0.020   69    301.0     29.3
     1.27     2.08   0.021   70    316.7    -16.2
     1.31     1.17   0.020   71    309.9     -9.5
     1.26     1.23   0.021   72    311.8     33.2
     2.79     7.13   0.021   74   -642.1    187.3
     3.93     8.55   0.020   75    458.6     78.8
     3.80     3.36   0.021   76    -47.5   -278.9
     1.72     2.64   0.020   77     59.4     58.4
     1.02     2.15   0.021   78     20.5    223.9
     1.38     1.86   0.020   79    -13.4     68.9
     1.44     0.42   0.021   80    -10.8   -113.8
     1.25     0.24   0.020   81    -25.3     14.8
     1.16     0.13   0.021   82    -61.2    -18.2
     1.07     0.12   0.020   83    -53.2     -7.4
     1.07     0.19   0.021   84    -43.1    -24.7
     1.07     0.41   0.020   85    -35.6    -26.2
     1.04     0.38   0.021   86    -28.2     -2.2
     1.01     0.27   0.020   87    -30.8      7.3
     0.98     0.22   0.021   88    -34.6     13.6
     0.99     0.13   0.020   89    -27.7     18.0
     1.00     0.21   0.021   90    -22.6      7.2
     1.01     0.26   0.020   91    -22.9     -1.8
     1.00     0.33   0.020   92    -19.0      6.1
     1.03     0.30   0.021   93    -19.2     -1.7
     1.02     0.20   0.020   94    -13.6     -7.1
     1.02     0.16   0.021   95    -10.0     -6.6
     1.01     0.10   0.020   96     -9.3     -6.6
     1.00     0.09   0.021   97     -5.4     -1.6
     1.01     0.11   0.020   98     -5.7     -4.0
     1.01     0.19   0.021   99     -7.5     -6.8
     1.01     0.28   0.020  100     -6.0     -6.2
     1.00     0.24   0.020  102     -8.8     10.3
     1.00     0.19   0.021  103     -8.9     -3.6
     1.00     0.25   0.020  104    -10.4     -6.6
     1.01     0.41   0.021  105    -17.0      2.2
     0.95     0.57   0.020  106    -77.6     44.1
     1.03     0.99   0.021  107   -111.4     37.1
     2.14     4.45   0.021  109   -204.4   -108.0
     2.27     7.28   0.020  110   -314.0     -8.9
     4.17     9.40   0.021  111   -148.9    244.9
     2.37     3.53   0.020  112   -499.0     42.8
     1.64     2.66   0.021  113   -391.1     54.9
     1.65     2.48   0.020  114   -367.9    153.8
     1.39     1.22   0.021  115   -336.3     84.1
     1.36     0.44   0.020  116   -335.0     13.7
     1.51     1.23   0.020  117   -338.3    -53.8
     1.47     2.35   0.021  118   -304.6    -71.0
     1.37     3.33   0.020  119   -250.2    -59.3
     1.35     3.70   0.021  120   -178.9    -59.9
     1.19     4.36   0.020  121    -98.9    -57.7
     1.09     4.80   0.021  122    -31.5    -63.7
     1.19     4.92   0.020  123     10.0    -51.1
     1.54     4.94   0.021  124     72.3    -29.1
     1.43     5.00   0.020  125    119.0    -25.5
     1.48     4.94   0.021  126    185.3    -13.5
     1.67     4.61   0.020  127    273.4     85.7
     2.51     4.12   0.021  128    476.4    130.9
     3.43     4.18   0.020  129    767.8     65.0
     2.65     4.70   0.021  130    677.5     -8.3
     2.58     3.86   0.020  131    611.9   -112.6
     2.71     2.90   0.021  132    539.5    -87.9
     2.47     1.76   0.020  133    385.1     27.8
     1.77     1.56   0.021  134    388.3     24.5
     2.28     4.62   0.020  135    472.9     82.1
     3.67     6.34   0.021  136   -787.3    182.6
     4.58     6.02   0.020  137    775.8   -440.5
     2.68     4.70   0.021  138    229.6   -360.4
     3.70     4.82   0.020  139    337.5    689.7
     1.88     2.78   0.021  140    167.8   -256.1
     1.27     0.61   0.020  141    141.0     90.0
     1.16     0.36   0.020  142     70.9    -24.9
     1.06     0.46   0.021  143     20.9     -4.3
     1.19     0.49   0.020  144     62.3    -27.4
     1.09     0.32   0.021  145     45.5    -15.9
     1.12     0.32   0.020  146     54.6    -21.2
     1.06     0.26   0.021  147     38.6      3.4
     1.01     0.15   0.020  148     28.2     11.2
     1.03     0.11   0.021  149     29.9     -6.0
     1.03     0.11   0.020  150     24.9     -1.5
     1.02     0.10   0.021  151     21.2      0.6
     1.01     0.09   0.020  152     18.9      1.5
     1.01     0.07   0.021  153     18.5     -0.9
     1.02     0.05   0.020  154     16.6      0.1
     1.03     0.05   0.021  155     19.6     -6.3
     1.01     0.08   0.020  156      7.6      1.3
     1.01     0.11   0.021  157     12.3     -7.5
     1.01     0.16   0.020  158     12.3     -7.5
     1.02     0.22   0.021  159     11.9     -1.0
     1.00     0.25   0.020  160      2.5     10.4
     0.99     0.09   0.021  161     -2.2     13.6
     1.00     0.08   0.020  162      5.6      1.4
     1.00     0.11   0.021  163      7.7    -12.2
     0.98     0.26   0.020  164     -7.2     -9.0
     1.02     0.32   0.021  165     -0.6     -9.9
     0.99     0.46   0.020  166    -11.4     12.8
     1.00     0.59   0.020  167    -25.5     17.2
     1.01     1.11   0.021  168    -40.7     12.7
     1.16     2.49   0.020  169   -111.8      0.9
     1.29     4.55   0.021  170   -134.5     23.2
     2.45     6.68   0.020  171   -162.9      0.7
     2.15     9.57   0.021  172   -402.1    -28.3
     3.20     4.01   0.020  173   -353.8    211.5
     2.01     2.70   0.021  174   -480.6    -10.2
     2.11     2.08   0.020  175   -487.3     64.7
     1.80     0.59   0.021  176   -441.8     64.8
     1.58     0.25   0.020  177   -396.1     22.8
     1.46     1.18   0.021  178   -359.1    -18.1
     1.36     2.47   0.020  179   -321.2    -48.7
     1.22     3.36   0.021  180   -258.4    -46.2
     1.12     4.04   0.020  181   -185.9    -15.9
     0.98     4.42   0.021  182   -111.9     -7.9
     1.22     4.62   0.020  183    -66.1    -17.6
     1.47     4.85   0.021  184     19.0     -6.3
     1.34     5.05   0.020  185     75.7     29.4
     1.51     4.96   0.021  186    144.8     16.4
     1.89     5.13   0.020  187    258.7     44.5
     2.36     5.46   0.021  188    401.1    127.6
     2.70     5.82   0.020  189    555.2     88.0
     2.77     5.78   0.021  190    683.8     22.6
     2.60     4.61   0.020  191    654.7    -91.2
     2.68     3.08   0.020  192    561.3   -274.0
     2.81     2.22   0.021  193    534.7   -167.2
     2.66     1.39   0.020  194    460.2     -4.1
     1.67     5.04   0.021  195    185.9   -251.4
     1.58     6.35   0.020  196    294.4    196.4
     1.76     9.16   0.021  197     59.3    434.6
     4.17     3.84   0.020  198    667.0   -210.8
     2.79     3.60   0.021  199    258.9   -329.7
     1.65     2.40   0.020  200    177.0    231.7
     2.87     1.14   0.021  201    349.8      3.3
     1.50     0.30   0.020  202    105.6   -102.2
     1.13     0.27   0.021  203     94.3    -14.8
     1.16     0.21   0.020  204     71.2    -12.4
     1.10     0.27   0.021  205     51.6    -13.1
     1.09     0.34   0.020  206     54.7     -6.0
     1.03     0.37   0.021  207     41.9      0.7
     1.00     0.19   0.020  208     31.4     15.2
     1.02     0.11   0.021  209     28.1      9.9
     1.06     0.27   0.020  210     33.5     -1.0
     1.02     0.30   0.021  211     31.7      1.3
     1.04     0.28   0.020  212     29.7    -14.5
     1.02     0.20   0.021  213     23.1     -1.5
     1.03     0.21   0.020  214     20.0     -1.1
     1.10     0.20   0.021  215     26.4     -1.8
     1.06     0.16   0.020  216     17.9     -1.8
     1.06     0.12   0.020  217     16.5     -1.4
     1.04     0.06   0.021  218     14.2     -6.6
     1.06     0.08   0.020  219     11.9     -5.5
     1.05     0.14   0.021  220      9.9     -3.4
     1.06     0.18   0.020  221      9.4      1.9
     1.05     0.19   0.021  222      4.2     10.3
     1.03     0.13   0.020  223      2.6      6.3
     1.03     0.12   0.021  224      5.5      1.3
     1.00     0.18   0.020  225     -5.0     -5.6
     0.99     0.40   0.021  226    -12.7      5.4
     1.04     0.66   0.020  227    -17.5     11.2
     1.03     0.82   0.021  228    -51.0     18.4
     1.16     1.75   0.020  229   -110.6     33.4
     1.69     4.05   0.021  230   -160.1    -45.0
     2.37     8.35   0.020  231   -224.0    107.3
     2.90    10.03   0.021  232   -284.7     79.6
     2.22     3.73   0.020  233   -386.4     20.1
     1.64     2.73   0.021  234   -368.5     23.2
     1.72     2.27   0.020  235   -378.5     84.4
     1.34     1.31   0.021  236   -319.9     41.4
     1.15     1.09   0.020  237   -280.2      6.6
     1.12     1.24   0.021  238   -257.0      0.3
     1.20     1.74   0.020  239   -238.5      1.6
     1.12     2.54   0.021  240   -188.7      1.9
     1.05     2.89   0.020  241   -137.2     23.6
     1.06     3.46   0.020  242    -77.9     32.0
     1.11     4.04   0.021  243    -13.1      2.1
     1.25     4.54   0.020  244     46.1    -42.9
     1.45     5.14   0.020  246    152.4    -54.7
     1.59     5.19   0.021  247    214.3    -29.0
     1.98     5.21   0.020  248    305.9    -26.7
     2.44     5.47   0.021  249    457.2     11.9
     2.58     5.90   0.020  250    583.9     54.4
     2.67     5.73   0.021  251    677.8     50.8
     2.53     4.49   0.020  252    598.8    -23.9
     2.80     3.54   0.021  253    507.9   -176.6
     3.08     3.58   0.020  254    441.7      2.6
     2.66     0.42   0.021  255    240.3     32.4
     1.76     3.85   0.020    0    421.8     16.5
     2.99     9.77   0.021    1   -728.9    208.4
     3.94     4.84   0.020    2    915.3    -33.4
     1.70     3.39   0.020    4    272.0    124.6
     2.67     2.21   0.021    5    474.2    142.3
     1.37     1.06   0.020    6    182.0   -120.9
     1.47     1.09   0.021    7    185.7    -32.7
     1.42     0.70   0.020    8    185.2    -34.0
     1.33     0.55   0.021    9    152.7    -47.5
     1.21     0.35   0.020   10    138.5    -30.5
     1.12     0.30   0.020   11    128.9     -4.5
     1.14     0.14   0.021   12    122.6    -12.9
     1.09     0.06   0.020   13     97.1    -19.3
     1.06     0.11   0.021   14     81.9    -13.3
     1.07     0.14   0.020   15     73.5     -9.8
     1.07     0.15   0.021   16     64.7     -6.3
     1.06     0.11   0.021   18     53.5     -5.7
     1.05     0.11   0.020   19     48.6     -5.2
     1.05     0.09   0.021   20     42.2     -3.1
     1.06     0.08   0.020   21     39.5     -2.0
     1.05     0.11   0.021   22     36.0     -4.9
     1.07     0.13   0.020   23     34.3     -6.3
     1.08     0.21   0.020   25     29.0     -1.7
     1.07     0.20   0.021   26     24.5      3.8
     1.05     0.15   0.020   27     17.6      3.1
     1.06     0.10   0.021   28     19.0      3.5
     1.07     0.06   0.020   29     16.2      3.6
     1.06     0.05   0.021   30     13.7     -2.4
     1.01     0.15   0.020   31      0.5     -7.6
     0.99     0.24   0.021   32     -9.8      2.8
     1.03     0.37   0.020   33      1.2      0.5
     1.03     1.06   0.021   34    -39.2     21.7
     1.09     2.82   0.020   35    -96.7     26.1
     1.31     4.40   0.020   36   -190.5     35.3
     2.18     9.06   0.021   37   -252.4     24.1
     1.76    10.86   0.020   38   -301.3    -34.6
     4.28     5.79   0.021   39   -295.6    -13.0
     2.21     2.03   0.020   40   -432.1      8.1
     1.55     1.53   0.021   41   -364.7     48.3
     1.45     0.92   0.020   42   -336.4     65.9
     1.21     1.06   0.021   43   -294.8     49.7
     1.09     1.59   0.020   44   -258.1     27.4
     0.99     2.95   0.020   46   -167.6    -23.2
     1.00     3.38   0.021   47   -111.3    -33.1
     1.14     3.86   0.020   48    -49.6    -40.8
     1.38     4.11   0.021   49     54.7    -67.6
     1.49     4.54   0.020   50    111.2    -63.8
     1.69     4.85   0.021   51    189.6    -35.9
     1.69     5.18   0.020   52    239.6      8.2
     1.89     5.33   0.021   53    316.0     25.7
     2.05     5.36   0.020   54    407.2     46.6
     2.42     5.33   0.021   55    553.9     85.6
     2.83     5.01   0.020   56    713.2     96.3
     2.53     4.54   0.021   57    584.6    -69.4
     3.00     3.90   0.020   58    509.5   -190.3
     2.35     1.51   0.020   60    -71.9    -41.4
     1.00     5.61   0.020   61      8.5    -38.9
     3.29     7.01   0.021   62    747.6    387.3
     4.22     7.34   0.020   63    792.6   -293.2
     2.69     4.59   0.021   64    503.7     53.4
     1.41     1.74   0.020   65    259.5    105.0
     1.70     0.99   0.020   67    206.5    -79.4
     1.26     0.45   0.021   68    158.4      4.6
     1.16     0.24   0.020   69    134.5     11.6
     1.11     0.19   0.021   70    109.9      4.0
     1.11     0.20   0.020   71    112.9      8.5
     1.08     0.08   0.021   72     96.7      1.0
     1.07     0.09   0.021   74     70.1     10.9
     1.08     0.08   0.020   75     71.6      5.2
     1.07     0.09   0.021   76     62.6      4.4
     1.08     0.11   0.020   77     56.0      6.2
     1.06     0.09   0.021   78     48.4      5.5
     1.07     0.06   0.020   79     44.9      6.6
     1.07     0.05   0.020   81     38.0      2.6
     1.07     0.06   0.021   82     35.8      0.4
     1.07     0.08   0.020   83     29.5      3.0
     1.07     0.09   0.021   84     25.9      2.4
     1.08     0.09   0.020   85     26.8      2.1
     1.08     0.11   0.020   86     25.7      1.7
     1.05     0.10   0.020   88     12.8      6.3
     1.06     0.05   0.021   89     12.8      3.4
     1.06     0.04   0.020   90     13.5      3.2
     1.05     0.06   0.021   91      7.3     -0.2
     1.04     0.13   0.020   92      1.4     -3.3
     1.02     0.28   0.021   93    -13.5     -8.1
     1.08     0.80   0.021   95    -19.1     26.0
     1.10     1.50   0.020   96    -48.4      9.2
     1.36     3.30   0.021   97    -94.2    -13.5
     1.89     6.26   0.020   98   -154.3     35.3
     1.70     8.44   0.021   99   -235.4    102.4
     1.89    10.53   0.020  100   -326.1   -104.5
     1.94     1.51   0.020  102   -449.4      2.5
     1.27     1.24   0.021  103   -320.8     44.9
     1.18     1.36   0.020  104   -289.3     50.4
     1.22     1.84   0.021  105   -279.6     34.3
     1.21     2.28   0.020  106   -241.6     23.8
     1.14     3.14   0.021  107   -178.5     18.1
     1.01     4.28   0.021  109    -40.5      1.7
     1.14     4.60   0.020  110     27.8    -14.1
     1.28     4.83   0.020  111     90.1    -24.3
     1.44     4.93   0.021  112    174.3     27.3
     1.80     5.08   0.020  113    274.8     83.0
     2.38     5.07   0.021  114    436.0     91.9
     2.47     5.27   0.021  116    623.1     -8.6
     2.19     3.47   0.020  117    527.1   -123.3
     2.38     3.48   0.021  118    466.9   -247.1
     2.34     2.71   0.020  119    425.1    -22.6
     2.16     0.75   0.021  120    396.6    108.8
     1.49     2.77   0.020  121    298.2    -54.4
     1.77     6.91   0.020  123    263.7    351.6
     8.35     6.24   0.021  124   1011.7   -603.3
     2.75     1.27   0.020  125    432.8      2.3
     1.34     0.45   0.021  126    116.9      4.1
     1.12     0.15   0.020  127    117.5    -24.8
     1.06     0.18   0.021  128    110.6    -14.3
     1.06     0.25   0.021  130     74.6     -7.0
     1.09     0.21   0.020  131     82.0    -13.8
     1.10     0.33   0.021  132     77.5    -19.1
     1.08     0.28   0.020  133     61.3     -3.9
     1.08     0.26   0.021  134     58.2     -7.3
     1.08     0.24   0.020  135     52.1     -6.7
     1.07     0.22   0.021  137     44.1     -7.0
     1.08     0.22   0.020  138     40.6     -6.6
     1.09     0.20   0.021  139     36.5     -1.4
     1.07     0.15   0.020  140     28.5     -3.8
     1.07     0.11   0.021  141     27.6     -2.6
     1.09     0.09   0.020  142     28.1     -1.8
     1.05     0.07   0.020  144     17.5     -1.0
     1.08     0.08   0.021  145     20.8      2.8
     1.08     0.08   0.020  146     17.6     -4.6
     1.07     0.08   0.021  147     16.1     -2.4
     1.08     0.10   0.020  148     12.8     -0.5
     1.07     0.12   0.021  149     10.7      1.2
     1.08     0.12   0.021  151     15.9     -4.8
     1.08     0.07   0.020  152     13.1     -4.1
     1.06     0.04   0.021  153      6.0     -2.6
     1.11     0.03   0.020  154     11.2      2.4
     1.08     0.03   0.021  155      7.8     -5.0
     1.08     0.08   0.020  156     10.5     -5.0
     1.06     0.21   0.020  158     -3.0     -0.9
     1.04     0.18   0.021  159    -13.3      9.8
     1.10     0.12   0.020  160      8.7      8.8
     1.09     0.11   0.020  161      8.6     -5.6
     1.08     0.07   0.021  162      9.5     -8.6
     1.13     0.11   0.020  163     15.0      1.2
     1.02     0.19   0.020  165    -11.9      0.2
     1.04     0.13   0.021  166     -1.9      3.3
     1.05     0.26   0.020  167      1.4     -7.1
     1.05     0.34   0.021  168     -7.9     -2.5
     1.04     0.43   0.020  169    -19.5      0.3
     1.10     0.74   0.021  170    -26.4    -19.3
     1.85     2.66   0.021  172    -65.1   -181.8
     1.98     4.87   0.020  173    -42.4   -229.6
     2.05     5.97   0.021  174    -50.7    102.7
     1.65     1.50   0.020  175    -84.4   -139.1
     1.95     1.31   0.021  176    -19.3   -463.5
     1.76     3.17   0.020  177     19.3   -419.1
     1.79     4.61   0.020  179    -16.4   -394.4
     1.87     4.98   0.021  180    -40.6   -367.6
     1.54     5.48   0.020  181    -28.3   -310.9
     1.41     5.61   0.021  182      7.4   -276.6
     1.18     5.62   0.020  183     20.0   -197.6
     1.03     5.50   0.021  184     20.8   -122.2
     1.78     5.48   0.020  186     97.0     47.1
     1.46     5.57   0.021  187    147.7     82.9
     1.41     5.41   0.020  188     85.9    223.8
     1.73     4.95   0.021  189     25.8    351.1
     1.65     4.25   0.020  190     64.8    387.3
     1.66     3.26   0.021  191    105.4    408.3
     1.75     1.53   0.021  193     90.9    391.9
     1.51     1.60   0.020  194    104.4    311.9
     0.83     2.28   0.021  195    190.6     74.9
     1.07     4.12   0.020  196   -269.7     14.5
     2.63     7.74   0.021  197   -343.5    398.2
     3.26     3.52   0.020  198    159.8    436.2
     1.24     2.86   0.020  200   -208.3     99.3
     1.20     2.43   0.021  201    -11.4     84.6
     2.60     2.04   0.020  202    108.6    204.6
     2.27     1.19   0.021  203    227.3    -22.3
     1.44     0.62   0.020  204     70.4     66.1
     1.19     0.67   0.021  205     73.9     45.0
     1.11     0.50   0.021  207     44.2     26.0
     1.09     0.39   0.020  208     19.2     22.2
     1.09     0.25   0.021  209     27.5     21.5
     1.07     0.19   0.020  210     20.4     14.2
     1.08     0.12   0.020  211     21.3     14.3
     1.07     0.07   0.021  212     18.1     12.0
     1.06     0.08   0.021  214     16.2      9.3
     1.07     0.08   0.020  215     13.1     13.2
     1.07     0.07   0.021  216     13.4     10.7
     1.07     0.05   0.020  217     15.0      7.3
     1.07     0.05   0.021  218     11.9     10.8
     1.07     0.11   0.020  219     14.8     10.0
     1.06     0.09   0.020  221      4.8     -2.4
     1.06     0.08   0.021  222      7.1      4.2
     1.05     0.12   0.020  223     12.2      0.4
     1.05     0.21   0.021  224     11.2     -2.0
     1.07     0.29   0.020  225      3.8     -2.7
     1.07     0.32   0.021  226      2.6     -1.7
     1.10     0.66   0.021  228    -11.3    -43.0
     1.13     1.90   0.020  229     -5.5   -103.3
     1.33     3.92   0.021  230    -30.4   -102.6
     2.28     8.32   0.020  231     41.9   -327.5
     2.29    11.36   0.021  232     48.8   -464.0
     3.76    10.45   0.020  233    117.7   -361.7
     1.88     2.95   0.020  235     73.0   -469.2
     1.84     2.10   0.020  236    -62.1   -452.9
     1.69     1.38   0.021  237   -145.6   -399.7
     1.37     1.78   0.020  238    -74.1   -336.7
     1.27     2.04   0.021  239     10.3   -315.5
     1.26     2.79   0.020  240     13.1   -288.4
     1.26     4.33   0.020  242     22.6   -186.2
     1.31     4.83   0.021  243     37.9   -118.8
     1.38     5.34   0.020  244     39.9    -35.8
     1.36     5.54   0.021  245     21.8     38.0
     1.39     5.50   0.020  246     -4.5     96.9
     1.66     5.45   0.021  247      0.9    165.6
     2.51     6.08   0.021  249    -68.7    437.3
     2.49     5.79   0.020  250    -27.2    536.0
     2.54     4.84   0.021  251     -7.8    631.4
     2.49     4.29   0.020  252     14.9    636.9
     2.34     3.51   0.021  253     55.4    480.3
     2.36     2.23   0.020  254    -54.4    419.3
     2.00     4.93   0.020    0   -213.9    423.8
     3.74     4.09   0.021    1    -30.1   -951.5
     4.39     8.90   0.020    2    150.0    929.4
     3.01     4.58   0.021    3    292.5    340.8
     1.35     3.92   0.020    4   -200.8    146.2
     2.04     2.80   0.020    5    -96.6    247.9
     1.37     0.54   0.020    7      8.1    122.6
     1.32     0.24   0.021    8     16.5     84.8
     1.24     0.19   0.020    9     23.4     59.8
     1.22     0.15   0.021   10     19.4     65.5
     1.12     0.49   0.020   11     21.1     49.6
     1.11     0.77   0.021   12      8.1     58.5
     1.05     0.63   0.021   14     -7.7     32.1
     1.04     0.57   0.020   15    -14.6     28.9
     1.05     0.34   0.021   16     -9.1     29.5
     1.04     0.22   0.020   17     -0.1     22.4
     1.01     0.16   0.021   18     -5.6     16.0
     1.04     0.13   0.020   19     -5.4     21.2
     1.03     0.23   0.020   21     -7.9     10.7
     1.06     0.30   0.021   22     -5.0     15.0
     1.09     0.34   0.020   23     10.4     26.7
     1.06     0.18   0.021   24      5.3     11.6
     1.08     0.11   0.020   25     10.7     17.0
     1.06     0.04   0.021   26      4.8     12.4
     1.02     0.07   0.021   28     -4.0     -1.2
     1.03     0.22   0.020   29      1.1      0.8
     1.05     0.34   0.020   30      5.4     -2.0
     1.09     0.43   0.021   31      3.5     10.3
     1.08     0.40   0.020   32      3.8      0.6
     1.07     0.59   0.021   33    -13.6    -32.9
     1.23     2.46   0.021   35    -28.7    -92.6
     1.91     4.55   0.020   36     49.7    -77.6
     2.53     8.44   0.021   37    166.4   -300.8
     2.42    10.71   0.020   38    -56.8   -409.2
     2.91     4.08   0.021   39    -78.0   -493.3
     2.28     2.41   0.020   40     11.6   -531.9
     1.57     1.39   0.020   42     -9.5   -391.1
     1.32     1.36   0.021   43     68.6   -326.4
     1.15     1.89   0.020   44     41.1   -277.6
     1.16     2.60   0.021   45     11.1   -243.4
     1.18     3.23   0.020   46    -16.8   -188.9
     1.18     3.57   0.021   47    -23.3   -125.4
     1.19     4.57   0.021   49     26.5     -7.8
     1.28     4.87   0.020   50     -7.7     61.2
     1.28     4.93   0.021   51    -56.2    116.8
     1.53     4.88   0.020   52    -56.3    172.0
     1.88     5.03   0.021   53    -84.3    263.7
     2.54     5.30   0.020   54    -89.6    435.6
     2.55     5.90   0.021   56     47.4    636.3
     2.46     4.60   0.020   57     87.6    611.4
     2.55     2.87   0.021   58    213.8    508.1
     2.84     2.60   0.020   59    194.4    511.7
     2.70     1.25   0.021   60    -42.5    437.6
     1.23     4.40   0.020   61    197.5     95.5
     3.77     9.17   0.020   63   -424.6    852.8
     3.71     4.58   0.021   64    482.2    466.9
     2.58     3.29   0.020   65    121.0    411.5
     2.46     2.08   0.021   66   -201.5    408.9
     1.92     0.76   0.020   67    142.0    194.7
     1.35     0.66   0.021   68     56.1    119.2
     1.42     0.19   0.021   70     52.5    112.6
     1.15     0.09   0.020   71     21.1     93.1
     1.15     0.28   0.021   72     23.4     90.3
     1.09     0.33   0.020   73     12.7     79.6
     1.07     0.35   0.021   74     10.1     69.2
     1.03     0.31   0.020   75     -0.7     53.3
     1.05     0.05   0.020   77     -3.8     51.6
     1.04     0.09   0.021   78     -4.4     45.1
     1.03     0.12   0.020   79     -0.7     37.1
     1.05     0.19   0.020   80      1.1     33.6
     1.05     0.20   0.021   81      0.2     30.4
     1.06     0.16   0.020   82      6.5     31.6
     1.06     0.05   0.020   84      4.3     25.4
     1.05     0.08   0.021   85      5.3     21.5
     1.04     0.09   0.020   86      1.6     19.0
     1.03     0.08   0.021   87     -4.3     14.8
     1.01     0.13   0.020   88     -8.6      7.2
     1.03     0.21   0.021   89     -3.2      9.6
     1.05     0.36   0.021   91     -1.1      3.5
     1.07     0.39   0.020   92      9.6      5.1
     1.03     0.57   0.021   93    -22.8    -20.7
     1.07     1.36   0.020   94    -22.4    -50.6
     1.23     3.53   0.021   95    -32.8   -149.4
     1.62     6.92   0.020   96     35.4   -156.4
     2.03    11.20   0.020   98    -90.6   -449.7
     2.16     3.77   0.021   99    -53.8   -514.5
     2.03     1.87   0.020  100   -220.8   -424.2
     1.41     1.00   0.021  101    -58.1   -352.4
     1.23     1.14   0.020  102     15.1   -309.5
     1.16     1.60   0.021  103    -23.2   -279.8
     1.13     2.71   0.020  105     -0.2   -212.0
     1.02     3.28   0.021  106    -16.5   -144.4
     1.03     3.72   0.020  107    -25.2    -92.4
     1.34     4.06   0.021  108     -3.6    -27.7
     1.39     4.72   0.020  109     10.0     48.4
     1.15     5.05   0.021  110     41.4     72.8
     1.85     4.82   0.021  112      9.6    240.7
     1.96     5.03   0.020  113    -10.4    316.5
     2.32     5.02   0.021  114     37.7    455.4
     2.78     5.17   0.020  115     72.0    636.8
     2.52     5.07   0.021  116    139.3    630.6
     2.42     4.44   0.020  117    237.9    512.4
     2.49     2.08   0.020  119     44.6    381.8
     2.11     1.21   0.021  120     13.4    380.7
     1.58     4.89   0.020  121    -73.7    349.0
     3.97     5.66   0.021  122   -312.2   -962.6
     4.29     7.19   0.020  123    260.3    978.2
     3.00     3.96   0.021  124    453.4    323.8
     2.84     2.59   0.021  126     88.7    449.5
     1.48     1.13   0.020  127     76.2    164.7
     1.14     0.82   0.021  128     49.1    113.9
     1.29     0.43   0.020  129     38.4    131.7
     1.28     0.23   0.020  130     50.3    101.3
     1.20     0.45   0.021  131     32.5    103.7
     1.09     0.53   0.021  133      9.2     83.1
     1.06     0.44   0.020  134     -1.5     70.8
     1.06     0.33   0.021  135      3.3     63.8
     1.03     0.30   0.020  136      3.1     53.4
     1.02     0.25   0.021  137      2.9     53.4
     1.02     0.19   0.020  138      5.7     45.9
     1.01     0.05   0.020  140     -8.5     30.4
     1.02     0.16   0.021  141     -5.6     32.2
     1.06     0.22   0.020  142      6.4     33.1
     1.06     0.17   0.021  143      7.4     31.8
     1.06     0.11   0.020  144      3.2     27.2
     1.05     0.08   0.021  145      1.4     23.5
     1.04     0.11   0.021  147      5.8     16.4
     1.03     0.07   0.020  148      1.8     13.0
     1.02     0.14   0.021  149     -4.4      7.0
     1.02     0.29   0.020  150     -4.3      6.8
     1.02     0.37   0.021  151     -4.6      0.2
     1.05     0.40   0.020  152      9.7      8.1
     1.07     0.74   0.020  154    -15.1    -21.5
     1.01     1.87   0.020  155    -45.9    -93.0
     1.34     2.95   0.021  156    -14.5    -73.0
     2.21     5.49   0.020  157     33.3   -180.6
     2.20     9.57   0.021  158    -73.6   -376.9
     4.20     8.65   0.020  159   -240.2   -162.2
     2.20     2.09   0.020  161   -156.8   -479.0
     2.04     1.46   0.021  162   -180.1   -445.6
     1.70     1.48   0.020  163     24.6   -427.4
     1.55     1.53   0.021  164     69.1   -383.1
     1.28     2.50   0.020  165     10.5   -308.4
     1.16     3.18   0.021  166     -5.0   -242.6
     1.16     4.20   0.021  168    -22.7    -96.8
     1.11     4.36   0.020  169    -13.2    -32.7
     1.14     4.49   0.021  170     11.7     31.4
     1.29     4.50   0.020  171     15.3     90.2
     1.45     4.48   0.021  172     24.6    128.5
     1.60     4.48   0.020  173     30.9    179.8
     2.32     4.62   0.020  175     34.7    409.1
     2.50     4.86   0.021  176     35.4    539.8
     2.37     4.58   0.020  177     75.8    578.8
     2.39     3.71   0.021  178    187.4    580.5
     2.62     3.28   0.020  179    263.9    558.9
     2.61     2.06   0.020  180    111.4    453.6
     1.22     5.23   0.020  182    -19.0    140.1
     1.34     4.03   0.021  183   -124.3   -193.9
     2.91     8.32   0.020  184   -161.8    691.0
     3.76     4.42   0.021  185    582.1    372.9
     2.39     2.52   0.020  186     -2.6    357.2
     1.66     1.01   0.021  187    -22.6    258.9
     1.54     0.34   0.021  189    121.5    118.1
     1.10     0.41   0.020  190      0.8     86.7
     1.14     0.22   0.021  191     27.5     81.0
     1.12     0.12   0.020  192     25.5     78.9
     1.12     0.12   0.021  193     35.5     70.3
     1.04     0.13   0.020  194     15.9     60.5
     1.03     0.08   0.020  196      3.2     40.9
     1.03     0.18   0.021  197      2.4     37.9
     1.05     0.15   0.020  198      6.9     40.4
     1.07     0.09   0.021  199      8.2     44.2
     1.06     0.08   0.020  200      7.8     34.6
     1.03     0.09   0.021  201      7.2     26.3
     1.03     0.09   0.020  202      4.2     25.5
     1.04     0.08   0.021  203      9.7     23.2
     1.05     0.08   0.020  204     15.5     25.4
     1.03     0.18   0.020  205      7.5     16.0
     1.02     0.22   0.021  206     -2.0     13.6
     1.00     0.20   0.020  207     -8.8     10.1
     1.04     0.10   0.021  208     -8.1     15.1
     1.03     0.12   0.021  210      3.9      7.9
     1.03     0.14   0.020  211      7.3      6.3
     1.03     0.15   0.021  212      7.9      7.1
     0.98     0.23   0.020  213      5.8    -24.2
     1.04     0.41   0.021  214    -10.1    -20.3
     1.02     0.73   0.020  215    -24.3    -35.0
     1.09     1.45   0.021  216    -39.6   -105.8
     1.54     3.60   0.020  217     32.5    -62.9
     2.59     7.10   0.021  218    -25.6   -301.5
     2.45    10.99   0.020  219    -24.3   -515.0
     2.97     8.96   0.021  220   -163.9   -437.2
     1.92     2.61   0.020  221    -34.7   -461.1
     1.78     2.09   0.021  222    -84.9   -408.8
     1.39     0.66   0.020  223    -61.9   -338.8
     1.17     0.41   0.021  224     -4.0   -290.0
     1.08     1.19   0.020  225     26.0   -255.2
     1.12     1.53   0.021  226     44.0   -231.5
     1.21     2.22   0.020  227     45.8   -193.8
     1.18     3.00   0.021  228     39.5   -144.1
     1.20     3.63   0.020  229     37.7    -85.8
     1.17     4.13   0.020  230     31.9    -21.3
     1.23     4.43   0.021  231     29.1     33.7
     1.34     4.59   0.020  232     34.0     85.8
     1.51     4.62   0.021  233     -8.6    153.3
     1.86     4.72   0.020  234    -55.4    235.2
     2.04     5.06   0.021  235    -56.9    315.9
     2.10     5.29   0.020  236    -57.5    407.2
     2.53     5.17   0.021  237    -42.6    588.3
     2.61     4.70   0.020  238     23.2    665.6
     2.32     4.20   0.021  239    157.2    529.4
     2.53     3.33   0.020  240    200.0    464.5
     2.49     2.54   0.021  241     42.4    373.5
     2.27     1.50   0.020  242    -20.3    245.3
     2.00     4.15   0.021  243   -124.5    473.7
     4.10     4.39   0.021  245    198.2    878.2
     2.68     3.91   0.020  246    340.6    339.1
     1.42     3.20   0.021  247   -223.7    191.1
     2.00     2.32   0.020  248     53.9    337.0
     1.49     0.98   0.021  249     16.3    200.0
     1.54     0.58   0.020  250     90.9    158.0
     1.19     0.14   0.021  251     13.6    124.0
     1.10     0.09   0.020  252      4.7     99.3
     1.12     0.20   0.021  253     12.8    104.4
     1.09     0.11   0.020  254     21.8     92.0
     1.06     0.06   0.020  255      3.6     77.7
     1.06     0.07   0.021    0      6.8     73.4
     1.05     0.08   0.020    1      7.5     65.7
     1.04     0.07   0.021    2      7.7     56.5
     1.04     0.07   0.020    3      2.8     51.5
     1.05     0.06   0.021    4      5.1     46.8
     1.05     0.04   0.020    5      8.6     43.8
     1.04     0.04   0.021    6      4.2     38.7
     1.04     0.05   0.020    7      1.5     35.2
     1.04     0.05   0.021    8      3.1     31.6
     1.04     0.06   0.020    9      5.6     29.4
     1.04     0.09   0.021   10      5.0     26.7
     1.05     0.14   0.020   11      4.0     23.6
     1.04     0.18   0.021   12      1.7     19.8
     1.04     0.16   0.020   13     -5.4     14.8
     1.03     0.11   0.021   14     -4.9     10.3
     1.03     0.11   0.020   15      1.8     10.8
     1.02     0.15   0.021   16      0.7      7.4
     0.99     0.27   0.020   17      5.8    -14.0
     1.04     0.44   0.021   18     -1.8      4.2
     1.06     0.55   0.020   19    -11.4     -0.0
     1.08     0.89   0.021   20    -24.7    -20.9
     1.08     2.57   0.020   21    -41.6    -99.0
     1.31     3.95   0.021   22    -24.9   -147.0
     2.99     8.19   0.020   23     14.1   -276.3
     1.92    12.05   0.020   24     -9.4   -392.2
     4.49     4.11   0.021   25   -184.7   -326.4
     2.05     2.04   0.020   26     -9.9   -464.4
     1.78     1.30   0.021   27    -83.3   -385.5
     1.43     1.19   0.020   28   -102.4   -328.2
     1.12     1.05   0.021   29    -55.9   -273.3
     1.04     1.33   0.020   30    -42.0   -247.5
     1.06     1.99   0.021   31    -29.9   -226.1
     1.10     2.71   0.020   32      7.1   -194.0
     1.11     3.30   0.021   33     17.1   -150.8
     1.24     3.59   0.020   34     10.6    -92.3
     1.46     4.30   0.021   35     27.3     -0.9
     1.42     4.95   0.020   36     56.6     66.4
     1.45     5.25   0.021   37     54.2    138.0
     1.48     5.31   0.020   38     20.5    207.3
     1.60     5.17   0.021   39      4.2    261.5
     2.15     5.45   0.020   40     -7.3    410.4
     2.80     5.71   0.021   41    -14.0    628.1
     3.08     6.14   0.020   42     58.4    776.8
     2.56     4.83   0.021   43    179.2    592.0
     2.59     3.10   0.020   44    327.1    406.7
     2.79     2.59   0.021   45    283.3    366.2
     2.64     2.90   0.020   46     64.3    317.8
     2.43     5.25   0.021   47    -10.3    335.3
     3.16     4.90   0.020   48   -389.2    705.2
     3.56     6.67   0.020   49    497.3    500.1
     1.70     4.36   0.021   50    165.9    295.3
     3.09     3.20   0.020   51    -65.8    599.5
     1.65     1.71   0.021   52    159.2    210.1
     1.34     0.87   0.020   53     84.2    169.3
     1.21     0.63   0.021   54     24.2    154.1
     1.22     0.21   0.020   55     41.1    143.1
     1.09     0.05   0.021   56     30.1    118.5
     1.05     0.12   0.020   57     31.2     99.9
     1.10     0.18   0.021   58     26.5     95.9
     1.07     0.27   0.020   59     27.8     90.8
     1.02     0.33   0.021   60     10.6     72.1
     1.05     0.28   0.020   61     -0.7     73.3
     1.02     0.11   0.021   62      4.8     60.6
     1.03     0.05   0.020   63     11.5     54.1
     1.05     0.08   0.021   64      9.3     51.4
     1.05     0.08   0.020   65      8.1     48.0
     1.02     0.11   0.021   66      0.4     38.4
     1.05     0.16   0.020   67      7.3     39.0
     1.09     0.14   0.021   68     11.4     41.5
     1.06     0.04   0.020   69     17.6     32.5
     1.06     0.09   0.021   70      9.9     30.8
     1.05     0.15   0.020   71      2.8     28.5
     1.02     0.12   0.021   72     -7.7     18.5
     0.99     0.04   0.020   73    -15.5      8.7
     1.02     0.25   0.020   74     -3.9     14.3
     1.06     0.34   0.021   75      8.7     15.6
     1.04     0.33   0.020   76     13.0     11.7
     1.04     0.38   0.021   77      9.1      1.9
     1.05     0.45   0.020   78      7.1      4.4
     1.04     0.49   0.021   79    -12.2     -6.8
     1.05     0.65   0.020   80    -23.6    -21.5
     1.09     1.42   0.021   81    -43.3    -85.6
     1.59     3.46   0.020   82     -4.3   -103.7
     2.02    11.16   0.020   84    -44.7   -361.1
     4.62     7.25   0.021   85   -215.6   -249.2
     2.19     3.94   0.020   86    -42.8   -443.0
     1.61     2.49   0.021   87    -97.1   -340.6
     1.48     1.94   0.020   88   -111.0   -322.5
     1.25     1.84   0.021   89    -50.1   -294.5
     1.09     1.41   0.020   90    -32.0   -252.2
     1.01     1.66   0.021   91    -48.3   -220.3
     1.02     1.90   0.020   92    -65.5   -196.7
     1.00     2.48   0.021   93    -67.4   -159.3
     1.15     3.10   0.020   94    -48.9   -124.3
     1.25     3.93   0.021   95    -12.6    -67.2
     1.16     4.67   0.020   96     24.9     -6.3
     1.21     5.03   0.021   97     42.2     54.4
     1.32     5.18   0.020   98     53.4    108.8
     1.45     5.19   0.020   99     78.3    150.1
     1.74     5.16   0.021  100     82.2    224.6
     2.25     5.43   0.020  101     76.5    361.5
     2.53     5.87   0.021  102     51.7    507.7
     2.74     5.99   0.020  103     86.5    637.5
     2.91     5.47   0.021  104    156.2    728.1
     2.65     4.83   0.020  105    219.7    537.3
     3.00     3.96   0.021  106    288.1    375.8
     3.13     2.96   0.020  107     14.3    339.2
     2.45     4.99   0.021  108    -96.3     29.8
     2.34     5.59   0.020  109      8.8   -372.3
     4.62     8.12   0.021  110    158.3   1154.4
     1.55     4.00   0.021  112     22.0    300.2
     2.92     2.91   0.020  113     45.4    531.5
     1.80     1.16   0.021  114    210.5    190.5
     1.51     0.92   0.020  115    126.3    177.6
     1.22     0.31   0.021  116     47.5    158.0
     1.18     0.15   0.020  117     61.7    144.2
     1.10     0.17   0.021  118     46.8    110.0
     1.08     0.16   0.020  119     45.2    102.4
     1.09     0.13   0.021  120     40.3     99.2
     1.08     0.06   0.020  121     32.9     87.1
     1.05     0.03   0.021  122     30.0     74.5
     1.06     0.03   0.020  123     26.8     69.6
     1.07     0.02   0.020  124     25.1     68.5
     1.05     0.02   0.020  126     18.4     48.8
     1.05     0.02   0.021  127     15.5     45.2
     1.04     0.03   0.020  128     13.0     39.1
     1.05     0.02   0.021  129     14.9     37.3
     1.05     0.01   0.020  130     11.2     34.3
     1.05     0.03   0.021  131     12.0     32.6
     1.05     0.07   0.021  133     10.5     23.1
     1.04     0.11   0.020  134     11.6     21.8
     1.04     0.12   0.021  135      3.6     19.1
     1.04     0.08   0.020  136     -1.4     13.9
     1.04     0.08   0.021  137      2.8     12.5
     1.02     0.18   0.020  138      1.5     -1.0
     1.07     0.46   0.020  140     10.0     12.1
     1.03     0.48   0.021  141    -21.8     -5.2
     1.06     0.92   0.020  142    -17.4    -14.4
     1.09     2.75   0.021  143    -59.2    -92.9
     1.33     3.99   0.020  144    -52.4   -178.0
     2.67     8.59   0.021  145     -8.8   -252.8
     4.66     6.31   0.021  147    -98.8   -226.0
     2.65     1.89   0.020  148   -125.8   -501.9
     1.73     1.02   0.020  149   -142.1   -386.5
     1.59     0.51   0.021  150   -157.3   -344.4
     1.21     1.00   0.020  151   -113.8   -278.8
     1.02     1.67   0.021  152     -2.4   -240.8
     1.03     2.33   0.020  153      7.7   -209.5
     1.06     2.94   0.021  154    -13.1   -154.3
     1.21     3.45   0.020  155      3.1   -109.1
     1.39     4.11   0.021  156     41.8    -47.9
     1.37     4.43   0.020  157     71.3      7.1
     1.36     4.89   0.021  158     57.6     74.5
     1.43     5.11   0.020  159     44.8    131.2
     1.83     4.91   0.020  161     55.1    242.6
     2.19     5.08   0.021  162     26.1    359.9
     2.30     5.27   0.020  163     26.2    451.8
     2.34     5.54   0.021  164     61.3    542.4
     2.48     5.33   0.020  165    120.8    620.2
     2.27     4.60   0.021  166    174.5    523.9
     2.87     3.87   0.021  168    160.1    398.6
     2.73     1.68   0.020  169    -37.2    263.6
     0.19     2.02   0.021  170     -8.5    -45.9
     5.39     4.82   0.020  171      7.4  -1265.7
     6.24    12.15   0.021  172    317.8   1542.3
     2.64     5.07   0.020  173    405.9    382.7
     1.85     3.07   0.021  175    218.3    311.6
     1.38     1.43   0.020  176     37.5    219.6
     1.59     1.13   0.021  177    129.9    161.9
     1.20     0.22   0.020  178     45.3    117.7
     1.21     0.38   0.021  179     60.4    140.9
     1.15     0.07   0.020  180     57.8    120.3
     1.08     0.16   0.020  182     45.6     88.9
     1.06     0.30   0.021  183     11.7     79.4
     1.04     0.14   0.020  184     13.8     68.0
     1.05     0.03   0.021  185     16.5     64.8
     1.04     0.07   0.020  186     23.1     54.1
     1.05     0.09   0.021  187     14.2     48.0
     1.06     0.11   0.021  189      8.5     45.7
     1.05     0.14   0.020  190      6.6     33.8
     1.06     0.22   0.021  191      8.2     31.1
     1.07     0.24   0.020  192     10.8     33.5
     1.10     0.16   0.021  193     18.3     39.1
     1.08     0.02   0.020  194     12.7     31.1
     1.06     0.03   0.020  196      6.5     18.8
     1.06     0.06   0.021  197      6.6     16.6
     1.04     0.09   0.020  198      1.2     12.3
     1.04     0.14   0.020  199      5.5      7.8
     1.04     0.28   0.021  200      4.5      2.6
     1.05     0.37   0.020  201      5.9      4.2
     1.06     0.45   0.020  203     -2.9      5.1
     1.10     0.54   0.021  204    -16.2     -3.9
     1.10     1.06   0.020  205    -15.4    -45.7
     1.08     2.40   0.021  206    -57.5   -108.2
     1.66     5.42   0.020  207    -30.9   -223.2
     2.69     7.98   0.021  208    -90.8   -323.0
     5.49    11.41   0.021  210     22.1   -505.4
     3.19     2.37   0.020  211    -46.1   -712.3
     1.64     1.33   0.021  212   -214.7   -356.5
     1.42     0.98   0.020  213   -207.2   -296.0
     1.17     1.23   0.021  214   -136.0   -263.4
     0.99     1.77   0.020  215    -77.7   -229.7
     1.15     3.21   0.020  217    -21.3   -177.4
     1.02     3.79   0.021  218     -1.0   -112.3
     1.22     4.20   0.020  219     18.4    -67.8
     1.36     4.69   0.021  220     48.8     -9.0
     1.39     4.79   0.020  221     83.9     45.9
     1.54     4.82   0.021  222     90.4    101.3
     1.66     5.04   0.020  224     39.6    236.9
     1.89     4.93   0.021  225     27.1    322.8
     2.26     5.04   0.020  226     35.4    441.4
     2.60     5.09   0.021  227     71.1    592.3
     2.73     5.06   0.020  228    120.4    681.9
     2.47     4.59   0.021  229    138.1    588.2
     2.38     2.24   0.021  231    188.4    390.3
     2.14     0.41   0.020  232     85.7    331.5
     1.62     5.92   0.021  233     66.4    182.8
     2.59     4.56   0.020  234   -227.9   -419.2
     5.11     9.75   0.021  235    568.3   1021.9
     3.91     4.54   0.020  236    508.0    373.0
     1.37     1.38   0.020  238    128.1    104.9
     1.17     1.23   0.021  239     67.8    129.3
     1.38     0.75   0.020  240     60.6    144.2
     1.18     0.28   0.021  241     46.7     99.6
     1.14     0.21   0.020  242     44.6    104.7
     1.11     0.08   0.021  243     36.5     82.9
     1.05     0.13   0.021  245      6.8     65.6
     1.07     0.13   0.020  246     21.2     62.3
     1.06     0.12   0.021  247     14.1     55.2
     1.08     0.09   0.020  248     10.0     54.0
     1.06     0.05   0.020  249     13.5     46.7
     1.05     0.07   0.021  250     10.8     36.9
     1.07     0.08   0.021  252     16.2     35.1
     1.06     0.09   0.020  253      6.5     32.6
     1.06     0.06   0.021  254      1.5     29.9
     1.04     0.05   0.020  255      0.0     22.3
     1.05     0.07   0.021    0      6.3     24.4
     1.05     0.11   0.020    1      6.6     19.4
     1.04     0.06   0.020    3     -1.2     12.7
     1.03     0.05   0.021    4     10.0     14.1
     1.06     0.05   0.020    5     -0.3     17.8
     1.04     0.08   0.021    6      1.0     10.1
     1.03     0.07   0.020    7     -8.0      6.2
     1.05     0.03   0.021    8      1.9      3.3
     1.03     0.15   0.021   10     11.8     -7.1
     1.09     0.29   0.020   11      5.1      0.4
     1.07     0.46   0.021   12    -23.4    -17.4
     1.05     0.87   0.020   13    -11.7    -30.6
     1.20     1.62   0.021   14     -6.4   -111.8
     1.79     4.08   0.020   15    -11.8   -193.7
     2.36     8.26   0.020   17    100.8   -325.1
     1.88     4.61   0.020   18    -22.7   -302.0
     1.45     1.77   0.021   19    -10.5   -319.1
     1.23     1.82   0.020   20    -87.1   -237.3
     0.92     2.09   0.021   21    -68.6   -185.4
     0.76     2.02   0.020   22    -38.2   -142.8
     0.80     2.30   0.020   24    -27.4   -117.8
     1.20     2.53   0.021   25    -14.9    -97.1
     1.26     3.10   0.020   26    -48.9    -20.6
     0.99     3.57   0.021   27    -69.7     44.7
     1.00     3.57   0.020   28    -20.6    105.6
     1.08     3.66   0.021   29    -12.4    171.7
     2.22     2.79   0.021   31    102.4    328.5
     3.63     3.11   0.020   32    204.7    583.1
     1.79     3.84   0.021   33    150.3    430.5
     1.84     1.55   0.020   34    213.5    382.8
     2.32     2.18   0.021   35     61.8    547.6
     1.77     2.86   0.020   36      5.1    415.3
     1.91     1.44   0.020   38    -44.0    121.9
     1.44     1.07   0.021   39    137.5     54.1
     1.14     0.35   0.020   40     59.8     61.6
     1.10     0.28   0.021   41     28.5     39.2
     1.09     0.17   0.020   42     32.3     32.4
     1.07     0.12   0.020   43     32.4     27.7
     1.06     0.09   0.020   45     24.6     17.5
     1.06     0.08   0.021   46     22.2     18.4
     1.05     0.09   0.020   47     16.3     12.5
     1.06     0.09   0.021   48     19.0     16.5
     1.06     0.07   0.020   49     20.3     14.5
     1.06     0.06   0.021   50     16.1     11.9
     1.06     0.06   0.021   52     13.4     11.2
     1.06     0.06   0.020   53     12.5      9.1
     1.06     0.05   0.021   54      9.1      7.3
     1.05     0.05   0.020   55      8.2      6.7
     1.05     0.06   0.021   56      6.5      5.1
     1.05     0.06   0.020   57      6.9      6.7
     1.06     0.05   0.020   59      6.0      4.7
     1.05     0.04   0.021   60      5.1      4.5
     1.06     0.04   0.020   61      2.9      4.0
     1.06     0.03   0.021   62      0.9      2.5
     1.05     0.02   0.020   63      3.3      1.7
     1.06     0.03   0.021   64      6.0      4.7
     1.05     0.05   0.021   66      2.0      2.2
     1.05     0.06   0.020   67      1.1      0.2
     1.05     0.06   0.020   68      1.6      1.5
     1.04     0.05   0.021   69      2.4      0.7
     1.05     0.05   0.020   70      3.4      1.8
     1.05     0.04   0.021   71      1.2      0.6
     1.05     0.02   0.021   73      0.7     -0.4
     1.05     0.02   0.020   74     -0.3     -1.6
     1.04     0.02   0.021   75      0.4     -0.4
     1.04     0.02   0.020   76      2.0      0.8
     1.05     0.02   0.021   77      0.9      0.4
     1.05     0.02   0.020   78     -0.5      3.0
     1.05     0.02   0.020   80      0.9     -0.4
     1.04     0.02   0.021   81      1.6     -0.2
     1.05     0.02   0.020   82      3.2     -2.1
     1.04     0.02   0.021   83      0.0     -0.3
     1.05     0.02   0.020   84      1.1      0.7
     1.06     0.02   0.021   85     -1.8      0.8
